Tabela Comparativa das Profundidades - Valores Absolutos (FRAME  1)
	AV1
HEVC	DL0	DL1	DL2	DL3	DL4	DL5
DL1	0	137472	12032	1600	192	0
DL2	0	29888	153088	20304	4528	0
DL3	0	10000	47008	48608	9008	0
DL4	0	2864	12128	20192	15376	0
DL5	0	0	0	0	0	0
Tabela Comparativa das Profundidades - Porcentagens (FRAME  1)
	AV1
HEVC	DL0	DL1	DL2	DL3	DL4	DL5
DL1	0.00%	90.86%	7.95%	1.06%	0.13%	0.00%
DL2	0.00%	14.38%	73.67%	9.77%	2.18%	0.00%
DL3	0.00%	8.72%	41.01%	42.41%	7.86%	0.00%
DL4	0.00%	5.66%	23.99%	39.94%	30.41%	0.00%
DL5	-nan%	-nan%	-nan%	-nan%	-nan%	-nan%


Tabela Comparativa das Profundidades - Valores Absolutos (FRAME  2)
	AV1
HEVC	DL0	DL1	DL2	DL3	DL4	DL5
DL1	0	204288	18752	944	16	0
DL2	0	53040	134680	5640	240	0
DL3	0	11920	52664	16336	1096	0
DL4	0	1920	16276	5876	600	0
DL5	0	0	0	0	0	0
Tabela Comparativa das Profundidades - Porcentagens (FRAME  2)
	AV1
HEVC	DL0	DL1	DL2	DL3	DL4	DL5
DL1	0.00%	91.20%	8.37%	0.42%	0.01%	0.00%
DL2	0.00%	27.40%	69.57%	2.91%	0.12%	0.00%
DL3	0.00%	14.53%	64.21%	19.92%	1.34%	0.00%
DL4	0.00%	7.78%	65.97%	23.82%	2.43%	0.00%
DL5	-nan%	-nan%	-nan%	-nan%	-nan%	-nan%


Tabela Comparativa das Profundidades - Valores Absolutos (FRAME  3)
	AV1
HEVC	DL0	DL1	DL2	DL3	DL4	DL5
DL1	0	172800	13360	448	16	0
DL2	0	47840	146338	7150	592	0
DL3	0	13176	70136	16560	1248	0
DL4	0	1920	22624	8320	1760	0
DL5	0	0	0	0	0	0
Tabela Comparativa das Profundidades - Porcentagens (FRAME  3)
	AV1
HEVC	DL0	DL1	DL2	DL3	DL4	DL5
DL1	0.00%	92.59%	7.16%	0.24%	0.01%	0.00%
DL2	0.00%	23.69%	72.47%	3.54%	0.29%	0.00%
DL3	0.00%	13.03%	69.36%	16.38%	1.23%	0.00%
DL4	0.00%	5.55%	65.34%	24.03%	5.08%	0.00%
DL5	-nan%	-nan%	-nan%	-nan%	-nan%	-nan%


Tabela Comparativa das Profundidades - Valores Absolutos (FRAME  4)
	AV1
HEVC	DL0	DL1	DL2	DL3	DL4	DL5
DL1	3840	224000	15872	448	64	0
DL2	512	54555	122885	7440	464	0
DL3	672	12942	42786	19616	912	0
DL4	96	1088	9552	5392	1152	0
DL5	0	0	0	0	0	0
Tabela Comparativa das Profundidades - Porcentagens (FRAME  4)
	AV1
HEVC	DL0	DL1	DL2	DL3	DL4	DL5
DL1	1.57%	91.72%	6.50%	0.18%	0.03%	0.00%
DL2	0.28%	29.35%	66.12%	4.00%	0.25%	0.00%
DL3	0.87%	16.82%	55.62%	25.50%	1.19%	0.00%
DL4	0.56%	6.30%	55.28%	31.20%	6.67%	0.00%
DL5	-nan%	-nan%	-nan%	-nan%	-nan%	-nan%


Tabela Comparativa das Profundidades - Valores Absolutos (FRAME  5)
	AV1
HEVC	DL0	DL1	DL2	DL3	DL4	DL5
DL1	0	284672	12672	896	0	0
DL2	0	59248	99488	7360	112	0
DL3	0	12640	25296	13872	352	0
DL4	0	880	3408	3008	384	0
DL5	0	0	0	0	0	0
Tabela Comparativa das Profundidades - Porcentagens (FRAME  5)
	AV1
HEVC	DL0	DL1	DL2	DL3	DL4	DL5
DL1	0.00%	95.45%	4.25%	0.30%	0.00%	0.00%
DL2	0.00%	35.65%	59.86%	4.43%	0.07%	0.00%
DL3	0.00%	24.23%	48.50%	26.60%	0.67%	0.00%
DL4	0.00%	11.46%	44.37%	39.17%	5.00%	0.00%
DL5	-nan%	-nan%	-nan%	-nan%	-nan%	-nan%


Tabela Comparativa das Profundidades - Valores Absolutos (FRAME  6)
	AV1
HEVC	DL0	DL1	DL2	DL3	DL4	DL5
DL1	256	331776	16768	1120	32	0
DL2	448	53312	79040	2624	64	0
DL3	304	11008	18528	5760	16	0
DL4	16	576	1632	960	48	0
DL5	0	0	0	0	0	0
Tabela Comparativa das Profundidades - Porcentagens (FRAME  6)
	AV1
HEVC	DL0	DL1	DL2	DL3	DL4	DL5
DL1	0.07%	94.81%	4.79%	0.32%	0.01%	0.00%
DL2	0.33%	39.35%	58.34%	1.94%	0.05%	0.00%
DL3	0.85%	30.91%	52.02%	16.17%	0.04%	0.00%
DL4	0.50%	17.82%	50.50%	29.70%	1.49%	0.00%
DL5	-nan%	-nan%	-nan%	-nan%	-nan%	-nan%


Tabela Comparativa das Profundidades - Valores Absolutos (FRAME  7)
	AV1
HEVC	DL0	DL1	DL2	DL3	DL4	DL5
DL1	0	342016	14976	624	16	0
DL2	0	41976	74472	4448	192	0
DL3	0	11216	20128	8528	368	0
DL4	0	464	2464	2032	368	0
DL5	0	0	0	0	0	0
Tabela Comparativa das Profundidades - Porcentagens (FRAME  7)
	AV1
HEVC	DL0	DL1	DL2	DL3	DL4	DL5
DL1	0.00%	95.63%	4.19%	0.17%	0.00%	0.00%
DL2	0.00%	34.67%	61.50%	3.67%	0.16%	0.00%
DL3	0.00%	27.87%	50.02%	21.19%	0.91%	0.00%
DL4	0.00%	8.71%	46.25%	38.14%	6.91%	0.00%
DL5	-nan%	-nan%	-nan%	-nan%	-nan%	-nan%


Tabela Comparativa das Profundidades - Valores Absolutos (FRAME  8)
	AV1
HEVC	DL0	DL1	DL2	DL3	DL4	DL5
DL1	0	308992	14336	256	0	0
DL2	0	49536	83280	6976	432	0
DL3	0	12032	20656	16096	1200	0
DL4	0	576	4128	4400	1392	0
DL5	0	0	0	0	0	0
Tabela Comparativa das Profundidades - Porcentagens (FRAME  8)
	AV1
HEVC	DL0	DL1	DL2	DL3	DL4	DL5
DL1	0.00%	95.49%	4.43%	0.08%	0.00%	0.00%
DL2	0.00%	35.33%	59.39%	4.97%	0.31%	0.00%
DL3	0.00%	24.07%	41.33%	32.20%	2.40%	0.00%
DL4	0.00%	5.49%	39.33%	41.92%	13.26%	0.00%
DL5	-nan%	-nan%	-nan%	-nan%	-nan%	-nan%


Tabela Comparativa das Profundidades - Valores Absolutos (FRAME  9)
	AV1
HEVC	DL0	DL1	DL2	DL3	DL4	DL5
DL1	0	318976	13184	336	48	0
DL2	0	44272	84336	6208	224	0
DL3	0	11584	21136	14960	400	0
DL4	0	560	3232	4208	624	0
DL5	0	0	0	0	0	0
Tabela Comparativa das Profundidades - Porcentagens (FRAME  9)
	AV1
HEVC	DL0	DL1	DL2	DL3	DL4	DL5
DL1	0.00%	95.92%	3.96%	0.10%	0.01%	0.00%
DL2	0.00%	32.78%	62.45%	4.60%	0.17%	0.00%
DL3	0.00%	24.09%	43.96%	31.11%	0.83%	0.00%
DL4	0.00%	6.49%	37.48%	48.79%	7.24%	0.00%
DL5	-nan%	-nan%	-nan%	-nan%	-nan%	-nan%


Tabela Comparativa das Profundidades - Valores Absolutos (FRAME 10)
	AV1
HEVC	DL0	DL1	DL2	DL3	DL4	DL5
DL1	0	352512	12160	864	32	0
DL2	0	35968	62592	8064	448	0
DL3	0	10915	15133	16400	1200	0
DL4	0	480	2592	4144	784	0
DL5	0	0	0	0	0	0
Tabela Comparativa das Profundidades - Porcentagens (FRAME 10)
	AV1
HEVC	DL0	DL1	DL2	DL3	DL4	DL5
DL1	0.00%	96.43%	3.33%	0.24%	0.01%	0.00%
DL2	0.00%	33.59%	58.46%	7.53%	0.42%	0.00%
DL3	0.00%	25.01%	34.67%	37.57%	2.75%	0.00%
DL4	0.00%	6.00%	32.40%	51.80%	9.80%	0.00%
DL5	-nan%	-nan%	-nan%	-nan%	-nan%	-nan%


Tabela Comparativa das Profundidades - Valores Absolutos (FRAME 11)
	AV1
HEVC	DL0	DL1	DL2	DL3	DL4	DL5
DL1	0	348672	10752	752	16	0
DL2	0	36864	69632	6624	480	0
DL3	0	10936	16184	13616	848	0
DL4	0	656	3040	3856	1360	0
DL5	0	0	0	0	0	0
Tabela Comparativa das Profundidades - Porcentagens (FRAME 11)
	AV1
HEVC	DL0	DL1	DL2	DL3	DL4	DL5
DL1	0.00%	96.80%	2.99%	0.21%	0.00%	0.00%
DL2	0.00%	32.45%	61.30%	5.83%	0.42%	0.00%
DL3	0.00%	26.30%	38.92%	32.74%	2.04%	0.00%
DL4	0.00%	7.36%	34.11%	43.27%	15.26%	0.00%
DL5	-nan%	-nan%	-nan%	-nan%	-nan%	-nan%


Tabela Comparativa das Profundidades - Valores Absolutos (FRAME 12)
	AV1
HEVC	DL0	DL1	DL2	DL3	DL4	DL5
DL1	0	249088	19264	432	16	0
DL2	0	51056	119040	8032	432	0
DL3	0	12077	32195	17840	1376	0
DL4	0	992	5312	5888	1248	0
DL5	0	0	0	0	0	0
Tabela Comparativa das Profundidades - Porcentagens (FRAME 12)
	AV1
HEVC	DL0	DL1	DL2	DL3	DL4	DL5
DL1	0.00%	92.67%	7.17%	0.16%	0.01%	0.00%
DL2	0.00%	28.59%	66.67%	4.50%	0.24%	0.00%
DL3	0.00%	19.02%	50.71%	28.10%	2.17%	0.00%
DL4	0.00%	7.38%	39.52%	43.81%	9.29%	0.00%
DL5	-nan%	-nan%	-nan%	-nan%	-nan%	-nan%


Tabela Comparativa das Profundidades - Valores Absolutos (FRAME 13)
	AV1
HEVC	DL0	DL1	DL2	DL3	DL4	DL5
DL1	0	310016	13952	384	0	0
DL2	0	45728	84480	4608	160	0
DL3	0	12448	25392	13872	1200	0
DL4	0	1024	5216	4640	1168	0
DL5	0	0	0	0	0	0
Tabela Comparativa das Profundidades - Porcentagens (FRAME 13)
	AV1
HEVC	DL0	DL1	DL2	DL3	DL4	DL5
DL1	0.00%	95.58%	4.30%	0.12%	0.00%	0.00%
DL2	0.00%	33.88%	62.59%	3.41%	0.12%	0.00%
DL3	0.00%	23.53%	47.99%	26.22%	2.27%	0.00%
DL4	0.00%	8.50%	43.29%	38.51%	9.69%	0.00%
DL5	-nan%	-nan%	-nan%	-nan%	-nan%	-nan%


Tabela Comparativa das Profundidades - Valores Absolutos (FRAME 14)
	AV1
HEVC	DL0	DL1	DL2	DL3	DL4	DL5
DL1	0	350464	9472	464	48	0
DL2	0	37312	62592	4848	208	0
DL3	0	13056	20224	13856	880	0
DL4	0	1024	4608	4432	800	0
DL5	0	0	0	0	0	0
Tabela Comparativa das Profundidades - Porcentagens (FRAME 14)
	AV1
HEVC	DL0	DL1	DL2	DL3	DL4	DL5
DL1	0.00%	97.23%	2.63%	0.13%	0.01%	0.00%
DL2	0.00%	35.55%	59.63%	4.62%	0.20%	0.00%
DL3	0.00%	27.19%	42.12%	28.86%	1.83%	0.00%
DL4	0.00%	9.43%	42.42%	40.80%	7.36%	0.00%
DL5	-nan%	-nan%	-nan%	-nan%	-nan%	-nan%


Tabela Comparativa das Profundidades - Valores Absolutos (FRAME 15)
	AV1
HEVC	DL0	DL1	DL2	DL3	DL4	DL5
DL1	0	336896	14208	640	0	0
DL2	0	38048	74160	5552	512	0
DL3	0	12256	20576	12016	1056	0
DL4	0	624	3616	3104	1024	0
DL5	0	0	0	0	0	0
Tabela Comparativa das Profundidades - Porcentagens (FRAME 15)
	AV1
HEVC	DL0	DL1	DL2	DL3	DL4	DL5
DL1	0.00%	95.78%	4.04%	0.18%	0.00%	0.00%
DL2	0.00%	32.17%	62.70%	4.69%	0.43%	0.00%
DL3	0.00%	26.70%	44.82%	26.18%	2.30%	0.00%
DL4	0.00%	7.46%	43.21%	37.09%	12.24%	0.00%
DL5	-nan%	-nan%	-nan%	-nan%	-nan%	-nan%


Tabela Comparativa das Profundidades - Valores Absolutos (FRAME 16)
	AV1
HEVC	DL0	DL1	DL2	DL3	DL4	DL5
DL1	0	330752	14016	320	0	0
DL2	0	46027	81877	2800	48	0
DL3	0	11634	19614	10576	192	0
DL4	0	688	2256	2848	640	0
DL5	0	0	0	0	0	0
Tabela Comparativa das Profundidades - Porcentagens (FRAME 16)
	AV1
HEVC	DL0	DL1	DL2	DL3	DL4	DL5
DL1	0.00%	95.85%	4.06%	0.09%	0.00%	0.00%
DL2	0.00%	35.20%	62.62%	2.14%	0.04%	0.00%
DL3	0.00%	27.69%	46.68%	25.17%	0.46%	0.00%
DL4	0.00%	10.70%	35.07%	44.28%	9.95%	0.00%
DL5	-nan%	-nan%	-nan%	-nan%	-nan%	-nan%


Tabela Comparativa das Profundidades - Valores Absolutos (FRAME 17)
	AV1
HEVC	DL0	DL1	DL2	DL3	DL4	DL5
DL1	0	341504	15616	768	0	0
DL2	0	47808	76484	4140	16	0
DL3	0	10928	14048	8640	416	0
DL4	0	320	1824	1376	400	0
DL5	0	0	0	0	0	0
Tabela Comparativa das Profundidades - Porcentagens (FRAME 17)
	AV1
HEVC	DL0	DL1	DL2	DL3	DL4	DL5
DL1	0.00%	95.42%	4.36%	0.21%	0.00%	0.00%
DL2	0.00%	37.22%	59.54%	3.22%	0.01%	0.00%
DL3	0.00%	32.11%	41.28%	25.39%	1.22%	0.00%
DL4	0.00%	8.16%	46.53%	35.10%	10.20%	0.00%
DL5	-nan%	-nan%	-nan%	-nan%	-nan%	-nan%


Tabela Comparativa das Profundidades - Valores Absolutos (FRAME 18)
	AV1
HEVC	DL0	DL1	DL2	DL3	DL4	DL5
DL1	0	411904	8512	416	32	0
DL2	0	24832	50688	2400	32	0
DL3	0	3680	10464	8144	112	0
DL4	0	416	1120	1392	144	0
DL5	0	0	0	0	0	0
Tabela Comparativa das Profundidades - Porcentagens (FRAME 18)
	AV1
HEVC	DL0	DL1	DL2	DL3	DL4	DL5
DL1	0.00%	97.87%	2.02%	0.10%	0.01%	0.00%
DL2	0.00%	31.86%	65.02%	3.08%	0.04%	0.00%
DL3	0.00%	16.43%	46.71%	36.36%	0.50%	0.00%
DL4	0.00%	13.54%	36.46%	45.31%	4.69%	0.00%
DL5	-nan%	-nan%	-nan%	-nan%	-nan%	-nan%


Tabela Comparativa das Profundidades - Valores Absolutos (FRAME 19)
	AV1
HEVC	DL0	DL1	DL2	DL3	DL4	DL5
DL1	0	134912	15488	960	192	0
DL2	0	36336	155744	7040	688	0
DL3	0	17216	79872	18336	1792	0
DL4	0	3872	35488	13200	3152	0
DL5	0	0	0	0	0	0
Tabela Comparativa das Profundidades - Porcentagens (FRAME 19)
	AV1
HEVC	DL0	DL1	DL2	DL3	DL4	DL5
DL1	0.00%	89.02%	10.22%	0.63%	0.13%	0.00%
DL2	0.00%	18.19%	77.95%	3.52%	0.34%	0.00%
DL3	0.00%	14.69%	68.14%	15.64%	1.53%	0.00%
DL4	0.00%	6.95%	63.70%	23.69%	5.66%	0.00%
DL5	-nan%	-nan%	-nan%	-nan%	-nan%	-nan%


Tabela Comparativa das Profundidades - Valores Absolutos (FRAME 20)
	AV1
HEVC	DL0	DL1	DL2	DL3	DL4	DL5
DL1	0	201728	17008	896	16	0
DL2	0	50432	133088	5664	256	0
DL3	0	11950	58450	16000	816	0
DL4	0	2464	17760	6304	1456	0
DL5	0	0	0	0	0	0
Tabela Comparativa das Profundidades - Porcentagens (FRAME 20)
	AV1
HEVC	DL0	DL1	DL2	DL3	DL4	DL5
DL1	0.00%	91.84%	7.74%	0.41%	0.01%	0.00%
DL2	0.00%	26.62%	70.25%	2.99%	0.14%	0.00%
DL3	0.00%	13.70%	67.02%	18.35%	0.94%	0.00%
DL4	0.00%	8.81%	63.46%	22.53%	5.20%	0.00%
DL5	-nan%	-nan%	-nan%	-nan%	-nan%	-nan%


Tabela Comparativa das Profundidades - Valores Absolutos (FRAME 21)
	AV1
HEVC	DL0	DL1	DL2	DL3	DL4	DL5
DL1	0	265472	14720	640	0	0
DL2	0	56512	110592	4528	80	0
DL3	0	13536	31584	13072	416	0
DL4	0	992	6640	4624	880	0
DL5	0	0	0	0	0	0
Tabela Comparativa das Profundidades - Porcentagens (FRAME 21)
	AV1
HEVC	DL0	DL1	DL2	DL3	DL4	DL5
DL1	0.00%	94.53%	5.24%	0.23%	0.00%	0.00%
DL2	0.00%	32.91%	64.41%	2.64%	0.05%	0.00%
DL3	0.00%	23.10%	53.89%	22.30%	0.71%	0.00%
DL4	0.00%	7.55%	50.55%	35.20%	6.70%	0.00%
DL5	-nan%	-nan%	-nan%	-nan%	-nan%	-nan%


Tabela Comparativa das Profundidades - Valores Absolutos (FRAME 22)
	AV1
HEVC	DL0	DL1	DL2	DL3	DL4	DL5
DL1	0	330496	15424	448	0	0
DL2	0	50763	80577	3492	80	0
DL3	0	11456	15968	9120	0	0
DL4	0	1120	2688	2528	128	0
DL5	0	0	0	0	0	0
Tabela Comparativa das Profundidades - Porcentagens (FRAME 22)
	AV1
HEVC	DL0	DL1	DL2	DL3	DL4	DL5
DL1	0.00%	95.42%	4.45%	0.13%	0.00%	0.00%
DL2	0.00%	37.63%	59.73%	2.59%	0.06%	0.00%
DL3	0.00%	31.35%	43.70%	24.96%	0.00%	0.00%
DL4	0.00%	17.33%	41.58%	39.11%	1.98%	0.00%
DL5	-nan%	-nan%	-nan%	-nan%	-nan%	-nan%


Tabela Comparativa das Profundidades - Valores Absolutos (FRAME 23)
	AV1
HEVC	DL0	DL1	DL2	DL3	DL4	DL5
DL1	0	369920	10176	560	16	0
DL2	0	43395	60445	2528	64	0
DL3	0	10864	15372	6596	240	0
DL4	0	656	1872	1408	176	0
DL5	0	0	0	0	0	0
Tabela Comparativa das Profundidades - Porcentagens (FRAME 23)
	AV1
HEVC	DL0	DL1	DL2	DL3	DL4	DL5
DL1	0.00%	97.18%	2.67%	0.15%	0.00%	0.00%
DL2	0.00%	40.77%	56.79%	2.38%	0.06%	0.00%
DL3	0.00%	32.85%	46.48%	19.94%	0.73%	0.00%
DL4	0.00%	15.95%	45.53%	34.24%	4.28%	0.00%
DL5	-nan%	-nan%	-nan%	-nan%	-nan%	-nan%


Tabela Comparativa das Profundidades - Valores Absolutos (FRAME 24)
	AV1
HEVC	DL0	DL1	DL2	DL3	DL4	DL5
DL1	0	376320	11648	272	112	0
DL2	0	41200	57280	3360	176	0
DL3	0	10752	11616	6496	368	0
DL4	0	320	2080	1760	528	0
DL5	0	0	0	0	0	0
Tabela Comparativa das Profundidades - Porcentagens (FRAME 24)
	AV1
HEVC	DL0	DL1	DL2	DL3	DL4	DL5
DL1	0.00%	96.90%	3.00%	0.07%	0.03%	0.00%
DL2	0.00%	40.39%	56.15%	3.29%	0.17%	0.00%
DL3	0.00%	36.78%	39.74%	22.22%	1.26%	0.00%
DL4	0.00%	6.83%	44.37%	37.54%	11.26%	0.00%
DL5	-nan%	-nan%	-nan%	-nan%	-nan%	-nan%


Tabela Comparativa das Profundidades - Valores Absolutos (FRAME 25)
	AV1
HEVC	DL0	DL1	DL2	DL3	DL4	DL5
DL1	0	351232	12416	880	16	0
DL2	0	40640	71104	3520	192	0
DL3	0	12224	15088	9952	320	0
DL4	0	864	2352	3008	480	0
DL5	0	0	0	0	0	0
Tabela Comparativa das Profundidades - Porcentagens (FRAME 25)
	AV1
HEVC	DL0	DL1	DL2	DL3	DL4	DL5
DL1	0.00%	96.35%	3.41%	0.24%	0.00%	0.00%
DL2	0.00%	35.20%	61.59%	3.05%	0.17%	0.00%
DL3	0.00%	32.52%	40.14%	26.48%	0.85%	0.00%
DL4	0.00%	12.89%	35.08%	44.87%	7.16%	0.00%
DL5	-nan%	-nan%	-nan%	-nan%	-nan%	-nan%


Tabela Comparativa das Profundidades - Valores Absolutos (FRAME 26)
	AV1
HEVC	DL0	DL1	DL2	DL3	DL4	DL5
DL1	0	332544	14848	1024	0	0
DL2	0	50624	76160	3824	336	0
DL3	0	12114	16782	8288	352	0
DL4	0	1072	3216	2656	448	0
DL5	0	0	0	0	0	0
Tabela Comparativa das Profundidades - Porcentagens (FRAME 26)
	AV1
HEVC	DL0	DL1	DL2	DL3	DL4	DL5
DL1	0.00%	95.44%	4.26%	0.29%	0.00%	0.00%
DL2	0.00%	38.66%	58.16%	2.92%	0.26%	0.00%
DL3	0.00%	32.27%	44.71%	22.08%	0.94%	0.00%
DL4	0.00%	14.50%	43.51%	35.93%	6.06%	0.00%
DL5	-nan%	-nan%	-nan%	-nan%	-nan%	-nan%


Tabela Comparativa das Profundidades - Valores Absolutos (FRAME 27)
	AV1
HEVC	DL0	DL1	DL2	DL3	DL4	DL5
DL1	0	343424	15040	704	0	0
DL2	0	47232	74240	4480	320	0
DL3	0	11136	11520	10192	640	0
DL4	0	736	1536	2448	640	0
DL5	0	0	0	0	0	0
Tabela Comparativa das Profundidades - Porcentagens (FRAME 27)
	AV1
HEVC	DL0	DL1	DL2	DL3	DL4	DL5
DL1	0.00%	95.62%	4.19%	0.20%	0.00%	0.00%
DL2	0.00%	37.40%	58.79%	3.55%	0.25%	0.00%
DL3	0.00%	33.25%	34.40%	30.43%	1.91%	0.00%
DL4	0.00%	13.73%	28.66%	45.67%	11.94%	0.00%
DL5	-nan%	-nan%	-nan%	-nan%	-nan%	-nan%


Tabela Comparativa das Profundidades - Valores Absolutos (FRAME 28)
	AV1
HEVC	DL0	DL1	DL2	DL3	DL4	DL5
DL1	0	320768	13760	304	16	0
DL2	0	44408	90056	4160	256	0
DL3	0	12144	18432	11456	624	0
DL4	0	816	3520	2912	656	0
DL5	0	0	0	0	0	0
Tabela Comparativa das Profundidades - Porcentagens (FRAME 28)
	AV1
HEVC	DL0	DL1	DL2	DL3	DL4	DL5
DL1	0.00%	95.80%	4.11%	0.09%	0.00%	0.00%
DL2	0.00%	31.98%	64.84%	3.00%	0.18%	0.00%
DL3	0.00%	28.47%	43.21%	26.86%	1.46%	0.00%
DL4	0.00%	10.32%	44.53%	36.84%	8.30%	0.00%
DL5	-nan%	-nan%	-nan%	-nan%	-nan%	-nan%


Tabela Comparativa das Profundidades - Valores Absolutos (FRAME 29)
	AV1
HEVC	DL0	DL1	DL2	DL3	DL4	DL5
DL1	0	272896	15552	560	16	0
DL2	0	47040	108544	5968	176	0
DL3	0	10752	34224	15968	608	0
DL4	0	896	5024	4880	1184	0
DL5	0	0	0	0	0	0
Tabela Comparativa das Profundidades - Porcentagens (FRAME 29)
	AV1
HEVC	DL0	DL1	DL2	DL3	DL4	DL5
DL1	0.00%	94.42%	5.38%	0.19%	0.01%	0.00%
DL2	0.00%	29.09%	67.12%	3.69%	0.11%	0.00%
DL3	0.00%	17.47%	55.60%	25.94%	0.99%	0.00%
DL4	0.00%	7.48%	41.92%	40.72%	9.88%	0.00%
DL5	-nan%	-nan%	-nan%	-nan%	-nan%	-nan%


Tabela Comparativa das Profundidades - Valores Absolutos (FRAME 30)
	AV1
HEVC	DL0	DL1	DL2	DL3	DL4	DL5
DL1	0	305408	14656	704	0	0
DL2	0	45838	93394	6512	432	0
DL3	0	10610	22638	14704	848	0
DL4	0	528	3552	3344	1120	0
DL5	0	0	0	0	0	0
Tabela Comparativa das Profundidades - Porcentagens (FRAME 30)
	AV1
HEVC	DL0	DL1	DL2	DL3	DL4	DL5
DL1	0.00%	95.21%	4.57%	0.22%	0.00%	0.00%
DL2	0.00%	31.36%	63.89%	4.45%	0.30%	0.00%
DL3	0.00%	21.74%	46.39%	30.13%	1.74%	0.00%
DL4	0.00%	6.18%	41.57%	39.14%	13.11%	0.00%
DL5	-nan%	-nan%	-nan%	-nan%	-nan%	-nan%


Tabela Comparativa das Profundidades - Valores Absolutos (FRAME 31)
	AV1
HEVC	DL0	DL1	DL2	DL3	DL4	DL5
DL1	0	354800	13584	992	32	0
DL2	0	41536	59488	5376	352	0
DL3	0	11720	16872	12496	528	0
DL4	0	464	2528	2928	592	0
DL5	0	0	0	0	0	0
Tabela Comparativa das Profundidades - Porcentagens (FRAME 31)
	AV1
HEVC	DL0	DL1	DL2	DL3	DL4	DL5
DL1	0.00%	96.05%	3.68%	0.27%	0.01%	0.00%
DL2	0.00%	38.91%	55.73%	5.04%	0.33%	0.00%
DL3	0.00%	28.16%	40.54%	30.03%	1.27%	0.00%
DL4	0.00%	7.13%	38.82%	44.96%	9.09%	0.00%
DL5	-nan%	-nan%	-nan%	-nan%	-nan%	-nan%


Tabela Comparativa das Profundidades - Valores Absolutos (FRAME 32)
	AV1
HEVC	DL0	DL1	DL2	DL3	DL4	DL5
DL1	0	345312	12768	1088	0	0
DL2	0	39984	69840	5344	224	0
DL3	0	11808	18096	12256	432	0
DL4	0	736	2576	3216	608	0
DL5	0	0	0	0	0	0
Tabela Comparativa das Profundidades - Porcentagens (FRAME 32)
	AV1
HEVC	DL0	DL1	DL2	DL3	DL4	DL5
DL1	0.00%	96.14%	3.55%	0.30%	0.00%	0.00%
DL2	0.00%	34.65%	60.52%	4.63%	0.19%	0.00%
DL3	0.00%	27.72%	42.49%	28.78%	1.01%	0.00%
DL4	0.00%	10.31%	36.10%	45.07%	8.52%	0.00%
DL5	-nan%	-nan%	-nan%	-nan%	-nan%	-nan%


Tabela Comparativa das Profundidades - Valores Absolutos (FRAME 33)
	AV1
HEVC	DL0	DL1	DL2	DL3	DL4	DL5
DL1	0	301568	13248	544	32	0
DL2	0	48640	93728	5232	176	0
DL3	0	9680	22112	18304	784	0
DL4	0	400	3424	5008	1408	0
DL5	0	0	0	0	0	0
Tabela Comparativa das Profundidades - Porcentagens (FRAME 33)
	AV1
HEVC	DL0	DL1	DL2	DL3	DL4	DL5
DL1	0.00%	95.62%	4.20%	0.17%	0.01%	0.00%
DL2	0.00%	32.91%	63.43%	3.54%	0.12%	0.00%
DL3	0.00%	19.03%	43.46%	35.97%	1.54%	0.00%
DL4	0.00%	3.91%	33.44%	48.91%	13.75%	0.00%
DL5	-nan%	-nan%	-nan%	-nan%	-nan%	-nan%


Tabela Comparativa das Profundidades - Valores Absolutos (FRAME 34)
	AV1
HEVC	DL0	DL1	DL2	DL3	DL4	DL5
DL1	0	364768	10912	384	0	0
DL2	0	34560	58400	4688	80	0
DL3	0	12640	17408	11856	800	0
DL4	0	928	2688	3376	800	0
DL5	0	0	0	0	0	0
Tabela Comparativa das Profundidades - Porcentagens (FRAME 34)
	AV1
HEVC	DL0	DL1	DL2	DL3	DL4	DL5
DL1	0.00%	97.00%	2.90%	0.10%	0.00%	0.00%
DL2	0.00%	35.36%	59.76%	4.80%	0.08%	0.00%
DL3	0.00%	29.60%	40.76%	27.76%	1.87%	0.00%
DL4	0.00%	11.91%	34.50%	43.33%	10.27%	0.00%
DL5	-nan%	-nan%	-nan%	-nan%	-nan%	-nan%


Tabela Comparativa das Profundidades - Valores Absolutos (FRAME 35)
	AV1
HEVC	DL0	DL1	DL2	DL3	DL4	DL5
DL1	0	363264	9856	128	0	0
DL2	0	44992	70208	3584	192	0
DL3	0	3520	11280	10864	704	0
DL4	0	384	1840	2656	816	0
DL5	0	0	0	0	0	0
Tabela Comparativa das Profundidades - Porcentagens (FRAME 35)
	AV1
HEVC	DL0	DL1	DL2	DL3	DL4	DL5
DL1	0.00%	97.33%	2.64%	0.03%	0.00%	0.00%
DL2	0.00%	37.82%	59.01%	3.01%	0.16%	0.00%
DL3	0.00%	13.35%	42.78%	41.20%	2.67%	0.00%
DL4	0.00%	6.74%	32.30%	46.63%	14.33%	0.00%
DL5	-nan%	-nan%	-nan%	-nan%	-nan%	-nan%


Tabela Comparativa das Profundidades - Valores Absolutos (FRAME 36)
	AV1
HEVC	DL0	DL1	DL2	DL3	DL4	DL5
DL1	256	190720	12736	576	256	0
DL2	192	49408	138752	7568	432	0
DL3	352	16176	55776	17856	1232	0
DL4	224	2000	20128	7648	2000	0
DL5	0	0	0	0	0	0
Tabela Comparativa das Profundidades - Porcentagens (FRAME 36)
	AV1
HEVC	DL0	DL1	DL2	DL3	DL4	DL5
DL1	0.13%	93.24%	6.23%	0.28%	0.13%	0.00%
DL2	0.10%	25.16%	70.66%	3.85%	0.22%	0.00%
DL3	0.39%	17.70%	61.03%	19.54%	1.35%	0.00%
DL4	0.70%	6.25%	62.90%	23.90%	6.25%	0.00%
DL5	-nan%	-nan%	-nan%	-nan%	-nan%	-nan%


Tabela Comparativa das Profundidades - Valores Absolutos (FRAME 37)
	AV1
HEVC	DL0	DL1	DL2	DL3	DL4	DL5
DL1	0	212736	15040	560	16	0
DL2	0	55260	135193	7243	512	0
DL3	0	15232	45452	15460	1968	0
DL4	0	2096	8768	6400	2352	0
DL5	0	0	0	0	0	0
Tabela Comparativa das Profundidades - Porcentagens (FRAME 37)
	AV1
HEVC	DL0	DL1	DL2	DL3	DL4	DL5
DL1	0.00%	93.16%	6.59%	0.25%	0.01%	0.00%
DL2	0.00%	27.88%	68.21%	3.65%	0.26%	0.00%
DL3	0.00%	19.50%	58.19%	19.79%	2.52%	0.00%
DL4	0.00%	10.69%	44.70%	32.63%	11.99%	0.00%
DL5	-nan%	-nan%	-nan%	-nan%	-nan%	-nan%


Tabela Comparativa das Profundidades - Valores Absolutos (FRAME 38)
	AV1
HEVC	DL0	DL1	DL2	DL3	DL4	DL5
DL1	0	260352	18944	464	48	0
DL2	0	60864	114080	4000	192	0
DL3	0	11568	29728	11712	800	0
DL4	0	1328	5056	4080	1072	0
DL5	0	0	0	0	0	0
Tabela Comparativa das Profundidades - Porcentagens (FRAME 38)
	AV1
HEVC	DL0	DL1	DL2	DL3	DL4	DL5
DL1	0.00%	93.05%	6.77%	0.17%	0.02%	0.00%
DL2	0.00%	33.98%	63.68%	2.23%	0.11%	0.00%
DL3	0.00%	21.50%	55.25%	21.77%	1.49%	0.00%
DL4	0.00%	11.51%	43.83%	35.37%	9.29%	0.00%
DL5	-nan%	-nan%	-nan%	-nan%	-nan%	-nan%


Tabela Comparativa das Profundidades - Valores Absolutos (FRAME 39)
	AV1
HEVC	DL0	DL1	DL2	DL3	DL4	DL5
DL1	0	296960	15040	576	0	0
DL2	0	44736	97536	5424	272	0
DL3	0	11952	26224	14160	1232	0
DL4	0	880	3808	4416	1072	0
DL5	0	0	0	0	0	0
Tabela Comparativa das Profundidades - Porcentagens (FRAME 39)
	AV1
HEVC	DL0	DL1	DL2	DL3	DL4	DL5
DL1	0.00%	95.00%	4.81%	0.18%	0.00%	0.00%
DL2	0.00%	30.23%	65.92%	3.67%	0.18%	0.00%
DL3	0.00%	22.31%	48.95%	26.43%	2.30%	0.00%
DL4	0.00%	8.65%	37.42%	43.40%	10.53%	0.00%
DL5	-nan%	-nan%	-nan%	-nan%	-nan%	-nan%


Tabela Comparativa das Profundidades - Valores Absolutos (FRAME 40)
	AV1
HEVC	DL0	DL1	DL2	DL3	DL4	DL5
DL1	0	307712	17920	256	0	0
DL2	0	52608	95072	3616	384	0
DL3	0	9872	20672	9104	720	0
DL4	0	528	2688	2384	752	0
DL5	0	0	0	0	0	0
Tabela Comparativa das Profundidades - Porcentagens (FRAME 40)
	AV1
HEVC	DL0	DL1	DL2	DL3	DL4	DL5
DL1	0.00%	94.42%	5.50%	0.08%	0.00%	0.00%
DL2	0.00%	34.68%	62.68%	2.38%	0.25%	0.00%
DL3	0.00%	24.46%	51.21%	22.55%	1.78%	0.00%
DL4	0.00%	8.31%	42.32%	37.53%	11.84%	0.00%
DL5	-nan%	-nan%	-nan%	-nan%	-nan%	-nan%


Tabela Comparativa das Profundidades - Valores Absolutos (FRAME 41)
	AV1
HEVC	DL0	DL1	DL2	DL3	DL4	DL5
DL1	0	354304	11776	256	0	0
DL2	0	43520	72000	2640	48	0
DL3	0	11776	14128	8384	320	0
DL4	0	480	2192	2112	352	0
DL5	0	0	0	0	0	0
Tabela Comparativa das Profundidades - Porcentagens (FRAME 41)
	AV1
HEVC	DL0	DL1	DL2	DL3	DL4	DL5
DL1	0.00%	96.72%	3.21%	0.07%	0.00%	0.00%
DL2	0.00%	36.82%	60.91%	2.23%	0.04%	0.00%
DL3	0.00%	34.03%	40.82%	24.23%	0.92%	0.00%
DL4	0.00%	9.35%	42.68%	41.12%	6.85%	0.00%
DL5	-nan%	-nan%	-nan%	-nan%	-nan%	-nan%


Tabela Comparativa das Profundidades - Valores Absolutos (FRAME 42)
	AV1
HEVC	DL0	DL1	DL2	DL3	DL4	DL5
DL1	0	348160	10816	448	0	0
DL2	0	48576	71360	3008	192	0
DL3	0	12912	13744	8416	736	0
DL4	0	560	1936	2544	880	0
DL5	0	0	0	0	0	0
Tabela Comparativa das Profundidades - Porcentagens (FRAME 42)
	AV1
HEVC	DL0	DL1	DL2	DL3	DL4	DL5
DL1	0.00%	96.87%	3.01%	0.12%	0.00%	0.00%
DL2	0.00%	39.45%	57.95%	2.44%	0.16%	0.00%
DL3	0.00%	36.06%	38.38%	23.50%	2.06%	0.00%
DL4	0.00%	9.46%	32.70%	42.97%	14.86%	0.00%
DL5	-nan%	-nan%	-nan%	-nan%	-nan%	-nan%


Tabela Comparativa das Profundidades - Valores Absolutos (FRAME 43)
	AV1
HEVC	DL0	DL1	DL2	DL3	DL4	DL5
DL1	0	320768	17600	304	16	0
DL2	0	43600	97264	3664	112	0
DL3	0	9424	16784	9744	400	0
DL4	0	592	2128	1632	256	0
DL5	0	0	0	0	0	0
Tabela Comparativa das Profundidades - Porcentagens (FRAME 43)
	AV1
HEVC	DL0	DL1	DL2	DL3	DL4	DL5
DL1	0.00%	94.71%	5.20%	0.09%	0.00%	0.00%
DL2	0.00%	30.14%	67.25%	2.53%	0.08%	0.00%
DL3	0.00%	25.92%	46.17%	26.80%	1.10%	0.00%
DL4	0.00%	12.85%	46.18%	35.42%	5.56%	0.00%
DL5	-nan%	-nan%	-nan%	-nan%	-nan%	-nan%


Tabela Comparativa das Profundidades - Valores Absolutos (FRAME 44)
	AV1
HEVC	DL0	DL1	DL2	DL3	DL4	DL5
DL1	0	384256	10432	816	16	0
DL2	0	34880	55808	2592	96	0
DL3	0	12384	12352	6288	368	0
DL4	0	576	1808	1232	384	0
DL5	0	0	0	0	0	0
Tabela Comparativa das Profundidades - Porcentagens (FRAME 44)
	AV1
HEVC	DL0	DL1	DL2	DL3	DL4	DL5
DL1	0.00%	97.15%	2.64%	0.21%	0.00%	0.00%
DL2	0.00%	37.35%	59.77%	2.78%	0.10%	0.00%
DL3	0.00%	39.45%	39.35%	20.03%	1.17%	0.00%
DL4	0.00%	14.40%	45.20%	30.80%	9.60%	0.00%
DL5	-nan%	-nan%	-nan%	-nan%	-nan%	-nan%


Tabela Comparativa das Profundidades - Valores Absolutos (FRAME 45)
	AV1
HEVC	DL0	DL1	DL2	DL3	DL4	DL5
DL1	0	358656	10112	848	48	0
DL2	0	42240	64704	2688	256	0
DL3	0	11968	15184	9984	848	0
DL4	0	480	2608	2992	672	0
DL5	0	0	0	0	0	0
Tabela Comparativa das Profundidades - Porcentagens (FRAME 45)
	AV1
HEVC	DL0	DL1	DL2	DL3	DL4	DL5
DL1	0.00%	97.02%	2.74%	0.23%	0.01%	0.00%
DL2	0.00%	38.44%	58.88%	2.45%	0.23%	0.00%
DL3	0.00%	31.51%	39.97%	26.28%	2.23%	0.00%
DL4	0.00%	7.11%	38.63%	44.31%	9.95%	0.00%
DL5	-nan%	-nan%	-nan%	-nan%	-nan%	-nan%


Tabela Comparativa das Profundidades - Valores Absolutos (FRAME 46)
	AV1
HEVC	DL0	DL1	DL2	DL3	DL4	DL5
DL1	0	262656	13504	800	32	0
DL2	0	53568	118752	6896	368	0
DL3	0	11504	30208	14384	832	0
DL4	0	400	5216	4192	976	0
DL5	0	0	0	0	0	0
Tabela Comparativa das Profundidades - Porcentagens (FRAME 46)
	AV1
HEVC	DL0	DL1	DL2	DL3	DL4	DL5
DL1	0.00%	94.82%	4.88%	0.29%	0.01%	0.00%
DL2	0.00%	29.83%	66.13%	3.84%	0.20%	0.00%
DL3	0.00%	20.21%	53.06%	25.27%	1.46%	0.00%
DL4	0.00%	3.71%	48.37%	38.87%	9.05%	0.00%
DL5	-nan%	-nan%	-nan%	-nan%	-nan%	-nan%


Tabela Comparativa das Profundidades - Valores Absolutos (FRAME 47)
	AV1
HEVC	DL0	DL1	DL2	DL3	DL4	DL5
DL1	0	315648	12288	512	0	0
DL2	0	46008	92488	2752	256	0
DL3	0	11568	21568	11776	1024	0
DL4	0	560	3104	3648	1088	0
DL5	0	0	0	0	0	0
Tabela Comparativa das Profundidades - Porcentagens (FRAME 47)
	AV1
HEVC	DL0	DL1	DL2	DL3	DL4	DL5
DL1	0.00%	96.10%	3.74%	0.16%	0.00%	0.00%
DL2	0.00%	32.51%	65.36%	1.94%	0.18%	0.00%
DL3	0.00%	25.18%	46.95%	25.64%	2.23%	0.00%
DL4	0.00%	6.67%	36.95%	43.43%	12.95%	0.00%
DL5	-nan%	-nan%	-nan%	-nan%	-nan%	-nan%


Tabela Comparativa das Profundidades - Valores Absolutos (FRAME 48)
	AV1
HEVC	DL0	DL1	DL2	DL3	DL4	DL5
DL1	0	369920	13888	448	0	0
DL2	0	31680	61760	3600	240	0
DL3	0	12616	15304	8144	688	0
DL4	0	688	2464	2160	688	0
DL5	0	0	0	0	0	0
Tabela Comparativa das Profundidades - Porcentagens (FRAME 48)
	AV1
HEVC	DL0	DL1	DL2	DL3	DL4	DL5
DL1	0.00%	96.27%	3.61%	0.12%	0.00%	0.00%
DL2	0.00%	32.57%	63.49%	3.70%	0.25%	0.00%
DL3	0.00%	34.33%	41.64%	22.16%	1.87%	0.00%
DL4	0.00%	11.47%	41.07%	36.00%	11.47%	0.00%
DL5	-nan%	-nan%	-nan%	-nan%	-nan%	-nan%


Tabela Comparativa das Profundidades - Valores Absolutos (FRAME 49)
	AV1
HEVC	DL0	DL1	DL2	DL3	DL4	DL5
DL1	0	337664	14848	256	0	0
DL2	0	41600	82752	5248	128	0
DL3	0	9312	15472	11168	352	0
DL4	0	448	1968	2672	400	0
DL5	0	0	0	0	0	0
Tabela Comparativa das Profundidades - Porcentagens (FRAME 49)
	AV1
HEVC	DL0	DL1	DL2	DL3	DL4	DL5
DL1	0.00%	95.72%	4.21%	0.07%	0.00%	0.00%
DL2	0.00%	32.07%	63.79%	4.05%	0.10%	0.00%
DL3	0.00%	25.65%	42.62%	30.76%	0.97%	0.00%
DL4	0.00%	8.16%	35.86%	48.69%	7.29%	0.00%
DL5	-nan%	-nan%	-nan%	-nan%	-nan%	-nan%


Tabela Comparativa das Profundidades - Valores Absolutos (FRAME 50)
	AV1
HEVC	DL0	DL1	DL2	DL3	DL4	DL5
DL1	0	298496	15168	448	0	0
DL2	0	50240	94768	4992	144	0
DL3	0	11280	19572	16972	928	0
DL4	0	944	3744	4672	1920	0
DL5	0	0	0	0	0	0
Tabela Comparativa das Profundidades - Porcentagens (FRAME 50)
	AV1
HEVC	DL0	DL1	DL2	DL3	DL4	DL5
DL1	0.00%	95.03%	4.83%	0.14%	0.00%	0.00%
DL2	0.00%	33.46%	63.12%	3.32%	0.10%	0.00%
DL3	0.00%	23.14%	40.15%	34.81%	1.90%	0.00%
DL4	0.00%	8.37%	33.19%	41.42%	17.02%	0.00%
DL5	-nan%	-nan%	-nan%	-nan%	-nan%	-nan%


Tabela Comparativa das Profundidades - Valores Absolutos (FRAME 51)
	AV1
HEVC	DL0	DL1	DL2	DL3	DL4	DL5
DL1	0	360064	11584	576	0	0
DL2	0	35904	65728	5216	160	0
DL3	0	11200	16256	11216	464	0
DL4	0	576	2560	2352	432	0
DL5	0	0	0	0	0	0
Tabela Comparativa das Profundidades - Porcentagens (FRAME 51)
	AV1
HEVC	DL0	DL1	DL2	DL3	DL4	DL5
DL1	0.00%	96.73%	3.11%	0.15%	0.00%	0.00%
DL2	0.00%	33.55%	61.42%	4.87%	0.15%	0.00%
DL3	0.00%	28.62%	41.54%	28.66%	1.19%	0.00%
DL4	0.00%	9.73%	43.24%	39.73%	7.30%	0.00%
DL5	-nan%	-nan%	-nan%	-nan%	-nan%	-nan%


Tabela Comparativa das Profundidades - Valores Absolutos (FRAME 52)
	AV1
HEVC	DL0	DL1	DL2	DL3	DL4	DL5
DL1	0	382464	12672	640	0	0
DL2	0	24704	62848	4752	240	0
DL3	0	4192	15280	11312	240	0
DL4	0	544	2192	1824	384	0
DL5	0	0	0	0	0	0
Tabela Comparativa das Profundidades - Porcentagens (FRAME 52)
	AV1
HEVC	DL0	DL1	DL2	DL3	DL4	DL5
DL1	0.00%	96.64%	3.20%	0.16%	0.00%	0.00%
DL2	0.00%	26.69%	67.91%	5.13%	0.26%	0.00%
DL3	0.00%	13.51%	49.25%	36.46%	0.77%	0.00%
DL4	0.00%	11.00%	44.34%	36.89%	7.77%	0.00%
DL5	-nan%	-nan%	-nan%	-nan%	-nan%	-nan%


Tabela Comparativa das Profundidades - Valores Absolutos (FRAME 53)
	AV1
HEVC	DL0	DL1	DL2	DL3	DL4	DL5
DL1	0	183552	19712	944	80	0
DL2	0	56832	129884	7332	320	0
DL3	0	20656	54112	18608	1744	0
DL4	0	3280	16576	8256	2400	0
DL5	0	0	0	0	0	0
Tabela Comparativa das Profundidades - Porcentagens (FRAME 53)
	AV1
HEVC	DL0	DL1	DL2	DL3	DL4	DL5
DL1	0.00%	89.85%	9.65%	0.46%	0.04%	0.00%
DL2	0.00%	29.24%	66.82%	3.77%	0.16%	0.00%
DL3	0.00%	21.72%	56.89%	19.56%	1.83%	0.00%
DL4	0.00%	10.75%	54.33%	27.06%	7.87%	0.00%
DL5	-nan%	-nan%	-nan%	-nan%	-nan%	-nan%


Tabela Comparativa das Profundidades - Valores Absolutos (FRAME 54)
	AV1
HEVC	DL0	DL1	DL2	DL3	DL4	DL5
DL1	0	250880	15936	1216	0	0
DL2	0	51456	119136	5424	240	0
DL3	0	9776	38299	16549	1104	0
DL4	0	1072	5760	5904	1536	0
DL5	0	0	0	0	0	0
Tabela Comparativa das Profundidades - Porcentagens (FRAME 54)
	AV1
HEVC	DL0	DL1	DL2	DL3	DL4	DL5
DL1	0.00%	93.60%	5.95%	0.45%	0.00%	0.00%
DL2	0.00%	29.19%	67.59%	3.08%	0.14%	0.00%
DL3	0.00%	14.87%	58.27%	25.18%	1.68%	0.00%
DL4	0.00%	7.51%	40.36%	41.37%	10.76%	0.00%
DL5	-nan%	-nan%	-nan%	-nan%	-nan%	-nan%


Tabela Comparativa das Profundidades - Valores Absolutos (FRAME 55)
	AV1
HEVC	DL0	DL1	DL2	DL3	DL4	DL5
DL1	0	287744	12032	480	32	0
DL2	0	44864	105440	6144	288	0
DL3	0	11232	27566	16818	848	0
DL4	0	416	3824	5248	1312	0
DL5	0	0	0	0	0	0
Tabela Comparativa das Profundidades - Porcentagens (FRAME 55)
	AV1
HEVC	DL0	DL1	DL2	DL3	DL4	DL5
DL1	0.00%	95.82%	4.01%	0.16%	0.01%	0.00%
DL2	0.00%	28.62%	67.27%	3.92%	0.18%	0.00%
DL3	0.00%	19.89%	48.82%	29.79%	1.50%	0.00%
DL4	0.00%	3.85%	35.41%	48.59%	12.15%	0.00%
DL5	-nan%	-nan%	-nan%	-nan%	-nan%	-nan%


Tabela Comparativa das Profundidades - Valores Absolutos (FRAME 56)
	AV1
HEVC	DL0	DL1	DL2	DL3	DL4	DL5
DL1	0	333056	11376	896	16	0
DL2	0	45728	79040	4848	240	0
DL3	0	10864	19520	11024	752	0
DL4	0	784	2816	2640	688	0
DL5	0	0	0	0	0	0
Tabela Comparativa das Profundidades - Porcentagens (FRAME 56)
	AV1
HEVC	DL0	DL1	DL2	DL3	DL4	DL5
DL1	0.00%	96.44%	3.29%	0.26%	0.00%	0.00%
DL2	0.00%	35.21%	60.87%	3.73%	0.18%	0.00%
DL3	0.00%	25.77%	46.30%	26.15%	1.78%	0.00%
DL4	0.00%	11.32%	40.65%	38.11%	9.93%	0.00%
DL5	-nan%	-nan%	-nan%	-nan%	-nan%	-nan%


Tabela Comparativa das Profundidades - Valores Absolutos (FRAME 57)
	AV1
HEVC	DL0	DL1	DL2	DL3	DL4	DL5
DL1	0	340480	12864	192	0	0
DL2	0	38088	81844	4132	288	0
DL3	0	10056	18984	9808	848	0
DL4	0	640	2896	2608	560	0
DL5	0	0	0	0	0	0
Tabela Comparativa das Profundidades - Porcentagens (FRAME 57)
	AV1
HEVC	DL0	DL1	DL2	DL3	DL4	DL5
DL1	0.00%	96.31%	3.64%	0.05%	0.00%	0.00%
DL2	0.00%	30.63%	65.82%	3.32%	0.23%	0.00%
DL3	0.00%	25.33%	47.82%	24.71%	2.14%	0.00%
DL4	0.00%	9.55%	43.20%	38.90%	8.35%	0.00%
DL5	-nan%	-nan%	-nan%	-nan%	-nan%	-nan%


Tabela Comparativa das Profundidades - Valores Absolutos (FRAME 58)
	AV1
HEVC	DL0	DL1	DL2	DL3	DL4	DL5
DL1	0	319488	14720	128	0	0
DL2	0	41152	85408	3376	176	0
DL3	0	12272	18848	16560	1136	0
DL4	0	976	3040	5232	1776	0
DL5	0	0	0	0	0	0
Tabela Comparativa das Profundidades - Porcentagens (FRAME 58)
	AV1
HEVC	DL0	DL1	DL2	DL3	DL4	DL5
DL1	0.00%	95.56%	4.40%	0.04%	0.00%	0.00%
DL2	0.00%	31.63%	65.64%	2.59%	0.14%	0.00%
DL3	0.00%	25.14%	38.61%	33.92%	2.33%	0.00%
DL4	0.00%	8.85%	27.58%	47.46%	16.11%	0.00%
DL5	-nan%	-nan%	-nan%	-nan%	-nan%	-nan%


Tabela Comparativa das Profundidades - Valores Absolutos (FRAME 59)
	AV1
HEVC	DL0	DL1	DL2	DL3	DL4	DL5
DL1	0	320768	13504	832	0	0
DL2	0	41344	88144	5136	288	0
DL3	0	11008	20608	14144	672	0
DL4	0	704	2912	3424	800	0
DL5	0	0	0	0	0	0
Tabela Comparativa das Profundidades - Porcentagens (FRAME 59)
	AV1
HEVC	DL0	DL1	DL2	DL3	DL4	DL5
DL1	0.00%	95.72%	4.03%	0.25%	0.00%	0.00%
DL2	0.00%	30.65%	65.33%	3.81%	0.21%	0.00%
DL3	0.00%	23.71%	44.38%	30.46%	1.45%	0.00%
DL4	0.00%	8.98%	37.14%	43.67%	10.20%	0.00%
DL5	-nan%	-nan%	-nan%	-nan%	-nan%	-nan%


Tabela Comparativa das Profundidades - Valores Absolutos (FRAME 60)
	AV1
HEVC	DL0	DL1	DL2	DL3	DL4	DL5
DL1	0	355840	13184	1376	32	0
DL2	0	39032	61880	4688	128	0
DL3	0	11505	14879	14304	496	0
DL4	0	768	2304	3424	448	0
DL5	0	0	0	0	0	0
Tabela Comparativa das Profundidades - Porcentagens (FRAME 60)
	AV1
HEVC	DL0	DL1	DL2	DL3	DL4	DL5
DL1	0.00%	96.06%	3.56%	0.37%	0.01%	0.00%
DL2	0.00%	36.92%	58.53%	4.43%	0.12%	0.00%
DL3	0.00%	27.94%	36.13%	34.73%	1.20%	0.00%
DL4	0.00%	11.06%	33.18%	49.31%	6.45%	0.00%
DL5	-nan%	-nan%	-nan%	-nan%	-nan%	-nan%


