Tabela Comparativa das Profundidades - Valores Absolutos (FRAME  1)
	AV1
HEVC	DL0	DL1	DL2	DL3	DL4	DL5
DL1	0	0	256	0	0	0
DL2	0	0	3264	1104	1328	0
DL3	0	0	1312	4992	4448	0
DL4	0	0	1056	5648	27792	0
DL5	0	0	0	0	0	0
Tabela Comparativa das Profundidades - Porcentagens (FRAME  1)
	AV1
HEVC	DL0	DL1	DL2	DL3	DL4	DL5
DL1	0.00%	0.00%	100.00%	0.00%	0.00%	0.00%
DL2	0.00%	0.00%	57.30%	19.38%	23.31%	0.00%
DL3	0.00%	0.00%	12.20%	46.43%	41.37%	0.00%
DL4	0.00%	0.00%	3.06%	16.37%	80.57%	0.00%
DL5	-nan%	-nan%	-nan%	-nan%	-nan%	-nan%


Tabela Comparativa das Profundidades - Valores Absolutos (FRAME  2)
	AV1
HEVC	DL0	DL1	DL2	DL3	DL4	DL5
DL1	0	1792	256	96	160	0
DL2	0	1944	4871	1953	256	0
DL3	0	1188	2540	10940	3204	0
DL4	0	868	1408	10764	8960	0
DL5	0	0	0	0	0	0
Tabela Comparativa das Profundidades - Porcentagens (FRAME  2)
	AV1
HEVC	DL0	DL1	DL2	DL3	DL4	DL5
DL1	0.00%	77.78%	11.11%	4.17%	6.94%	0.00%
DL2	0.00%	21.54%	53.98%	21.64%	2.84%	0.00%
DL3	0.00%	6.65%	14.21%	61.21%	17.93%	0.00%
DL4	0.00%	3.95%	6.40%	48.93%	40.73%	0.00%
DL5	-nan%	-nan%	-nan%	-nan%	-nan%	-nan%


Tabela Comparativa das Profundidades - Valores Absolutos (FRAME  3)
	AV1
HEVC	DL0	DL1	DL2	DL3	DL4	DL5
DL1	0	3328	384	384	0	0
DL2	0	964	8540	3120	176	0
DL3	0	1104	5920	17504	704	0
DL4	0	240	1312	6560	960	0
DL5	0	0	0	0	0	0
Tabela Comparativa das Profundidades - Porcentagens (FRAME  3)
	AV1
HEVC	DL0	DL1	DL2	DL3	DL4	DL5
DL1	0.00%	81.25%	9.38%	9.38%	0.00%	0.00%
DL2	0.00%	7.53%	66.72%	24.38%	1.37%	0.00%
DL3	0.00%	4.38%	23.46%	69.37%	2.79%	0.00%
DL4	0.00%	2.65%	14.46%	72.31%	10.58%	0.00%
DL5	-nan%	-nan%	-nan%	-nan%	-nan%	-nan%


Tabela Comparativa das Profundidades - Valores Absolutos (FRAME  4)
	AV1
HEVC	DL0	DL1	DL2	DL3	DL4	DL5
DL1	1024	2304	256	0	0	0
DL2	0	768	12896	2816	32	0
DL3	0	624	12976	10720	736	0
DL4	0	144	2096	2848	960	0
DL5	0	0	0	0	0	0
Tabela Comparativa das Profundidades - Porcentagens (FRAME  4)
	AV1
HEVC	DL0	DL1	DL2	DL3	DL4	DL5
DL1	28.57%	64.29%	7.14%	0.00%	0.00%	0.00%
DL2	0.00%	4.65%	78.10%	17.05%	0.19%	0.00%
DL3	0.00%	2.49%	51.79%	42.78%	2.94%	0.00%
DL4	0.00%	2.38%	34.66%	47.09%	15.87%	0.00%
DL5	-nan%	-nan%	-nan%	-nan%	-nan%	-nan%


Tabela Comparativa das Profundidades - Valores Absolutos (FRAME  5)
	AV1
HEVC	DL0	DL1	DL2	DL3	DL4	DL5
DL1	1024	3072	512	0	0	0
DL2	0	4160	17844	2252	0	0
DL3	0	912	9744	7616	320	0
DL4	0	48	1072	2032	592	0
DL5	0	0	0	0	0	0
Tabela Comparativa das Profundidades - Porcentagens (FRAME  5)
	AV1
HEVC	DL0	DL1	DL2	DL3	DL4	DL5
DL1	22.22%	66.67%	11.11%	0.00%	0.00%	0.00%
DL2	0.00%	17.15%	73.57%	9.28%	0.00%	0.00%
DL3	0.00%	4.91%	52.41%	40.96%	1.72%	0.00%
DL4	0.00%	1.28%	28.63%	54.27%	15.81%	0.00%
DL5	-nan%	-nan%	-nan%	-nan%	-nan%	-nan%


Tabela Comparativa das Profundidades - Valores Absolutos (FRAME  6)
	AV1
HEVC	DL0	DL1	DL2	DL3	DL4	DL5
DL1	0	5376	3200	384	0	0
DL2	0	4617	22071	1712	16	0
DL3	0	1264	5296	5648	160	0
DL4	0	16	336	960	144	0
DL5	0	0	0	0	0	0
Tabela Comparativa das Profundidades - Porcentagens (FRAME  6)
	AV1
HEVC	DL0	DL1	DL2	DL3	DL4	DL5
DL1	0.00%	60.00%	35.71%	4.29%	0.00%	0.00%
DL2	0.00%	16.25%	77.67%	6.02%	0.06%	0.00%
DL3	0.00%	10.22%	42.82%	45.67%	1.29%	0.00%
DL4	0.00%	1.10%	23.08%	65.93%	9.89%	0.00%
DL5	-nan%	-nan%	-nan%	-nan%	-nan%	-nan%


Tabela Comparativa das Profundidades - Valores Absolutos (FRAME  7)
	AV1
HEVC	DL0	DL1	DL2	DL3	DL4	DL5
DL1	1024	26112	1408	128	0	0
DL2	0	6848	9216	1216	64	0
DL3	0	576	1856	2160	48	0
DL4	0	0	192	256	96	0
DL5	0	0	0	0	0	0
Tabela Comparativa das Profundidades - Porcentagens (FRAME  7)
	AV1
HEVC	DL0	DL1	DL2	DL3	DL4	DL5
DL1	3.57%	91.07%	4.91%	0.45%	0.00%	0.00%
DL2	0.00%	39.48%	53.14%	7.01%	0.37%	0.00%
DL3	0.00%	12.41%	40.00%	46.55%	1.03%	0.00%
DL4	0.00%	0.00%	35.29%	47.06%	17.65%	0.00%
DL5	-nan%	-nan%	-nan%	-nan%	-nan%	-nan%


Tabela Comparativa das Profundidades - Valores Absolutos (FRAME  8)
	AV1
HEVC	DL0	DL1	DL2	DL3	DL4	DL5
DL1	1024	11776	2880	192	0	0
DL2	0	4803	18868	1801	0	0
DL3	0	1600	4752	2768	192	0
DL4	0	64	240	112	128	0
DL5	0	0	0	0	0	0
Tabela Comparativa das Profundidades - Porcentagens (FRAME  8)
	AV1
HEVC	DL0	DL1	DL2	DL3	DL4	DL5
DL1	6.45%	74.19%	18.15%	1.21%	0.00%	0.00%
DL2	0.00%	18.86%	74.07%	7.07%	0.00%	0.00%
DL3	0.00%	17.18%	51.03%	29.73%	2.06%	0.00%
DL4	0.00%	11.76%	44.12%	20.59%	23.53%	0.00%
DL5	-nan%	-nan%	-nan%	-nan%	-nan%	-nan%


Tabela Comparativa das Profundidades - Valores Absolutos (FRAME  9)
	AV1
HEVC	DL0	DL1	DL2	DL3	DL4	DL5
DL1	512	17152	768	0	0	0
DL2	512	5056	11392	1696	32	0
DL3	0	2624	4656	5552	208	0
DL4	0	64	336	496	144	0
DL5	0	0	0	0	0	0
Tabela Comparativa das Profundidades - Porcentagens (FRAME  9)
	AV1
HEVC	DL0	DL1	DL2	DL3	DL4	DL5
DL1	2.78%	93.06%	4.17%	0.00%	0.00%	0.00%
DL2	2.74%	27.05%	60.96%	9.08%	0.17%	0.00%
DL3	0.00%	20.12%	35.71%	42.58%	1.60%	0.00%
DL4	0.00%	6.15%	32.31%	47.69%	13.85%	0.00%
DL5	-nan%	-nan%	-nan%	-nan%	-nan%	-nan%


Tabela Comparativa das Profundidades - Valores Absolutos (FRAME 10)
	AV1
HEVC	DL0	DL1	DL2	DL3	DL4	DL5
DL1	0	20480	1536	0	0	0
DL2	0	5187	13405	1184	0	0
DL3	0	2192	3344	2832	96	0
DL4	0	112	240	384	208	0
DL5	0	0	0	0	0	0
Tabela Comparativa das Profundidades - Porcentagens (FRAME 10)
	AV1
HEVC	DL0	DL1	DL2	DL3	DL4	DL5
DL1	0.00%	93.02%	6.98%	0.00%	0.00%	0.00%
DL2	0.00%	26.23%	67.78%	5.99%	0.00%	0.00%
DL3	0.00%	25.90%	39.51%	33.46%	1.13%	0.00%
DL4	0.00%	11.86%	25.42%	40.68%	22.03%	0.00%
DL5	-nan%	-nan%	-nan%	-nan%	-nan%	-nan%


Tabela Comparativa das Profundidades - Valores Absolutos (FRAME 11)
	AV1
HEVC	DL0	DL1	DL2	DL3	DL4	DL5
DL1	1024	18432	1024	0	0	0
DL2	0	6720	14336	1360	48	0
DL3	0	2176	2832	2720	16	0
DL4	0	0	208	240	64	0
DL5	0	0	0	0	0	0
Tabela Comparativa das Profundidades - Porcentagens (FRAME 11)
	AV1
HEVC	DL0	DL1	DL2	DL3	DL4	DL5
DL1	5.00%	90.00%	5.00%	0.00%	0.00%	0.00%
DL2	0.00%	29.91%	63.82%	6.05%	0.21%	0.00%
DL3	0.00%	28.10%	36.57%	35.12%	0.21%	0.00%
DL4	0.00%	0.00%	40.62%	46.88%	12.50%	0.00%
DL5	-nan%	-nan%	-nan%	-nan%	-nan%	-nan%


Tabela Comparativa das Profundidades - Valores Absolutos (FRAME 12)
	AV1
HEVC	DL0	DL1	DL2	DL3	DL4	DL5
DL1	0	28416	1472	320	0	0
DL2	0	4643	8253	720	16	0
DL3	0	2032	2720	2048	48	0
DL4	0	80	128	192	112	0
DL5	0	0	0	0	0	0
Tabela Comparativa das Profundidades - Porcentagens (FRAME 12)
	AV1
HEVC	DL0	DL1	DL2	DL3	DL4	DL5
DL1	0.00%	94.07%	4.87%	1.06%	0.00%	0.00%
DL2	0.00%	34.06%	60.54%	5.28%	0.12%	0.00%
DL3	0.00%	29.67%	39.72%	29.91%	0.70%	0.00%
DL4	0.00%	15.62%	25.00%	37.50%	21.88%	0.00%
DL5	-nan%	-nan%	-nan%	-nan%	-nan%	-nan%


Tabela Comparativa das Profundidades - Valores Absolutos (FRAME 13)
	AV1
HEVC	DL0	DL1	DL2	DL3	DL4	DL5
DL1	1024	5632	256	0	0	0
DL2	0	3648	14016	2288	80	0
DL3	0	1120	6016	11840	912	0
DL4	0	96	896	2160	1216	0
DL5	0	0	0	0	0	0
Tabela Comparativa das Profundidades - Porcentagens (FRAME 13)
	AV1
HEVC	DL0	DL1	DL2	DL3	DL4	DL5
DL1	14.81%	81.48%	3.70%	0.00%	0.00%	0.00%
DL2	0.00%	18.21%	69.97%	11.42%	0.40%	0.00%
DL3	0.00%	5.63%	30.25%	59.53%	4.59%	0.00%
DL4	0.00%	2.20%	20.51%	49.45%	27.84%	0.00%
DL5	-nan%	-nan%	-nan%	-nan%	-nan%	-nan%


Tabela Comparativa das Profundidades - Valores Absolutos (FRAME 14)
	AV1
HEVC	DL0	DL1	DL2	DL3	DL4	DL5
DL1	0	9216	1664	128	0	0
DL2	0	3172	18972	2080	32	0
DL3	0	1136	6640	6000	240	0
DL4	0	80	592	912	336	0
DL5	0	0	0	0	0	0
Tabela Comparativa das Profundidades - Porcentagens (FRAME 14)
	AV1
HEVC	DL0	DL1	DL2	DL3	DL4	DL5
DL1	0.00%	83.72%	15.12%	1.16%	0.00%	0.00%
DL2	0.00%	13.08%	78.22%	8.58%	0.13%	0.00%
DL3	0.00%	8.11%	47.37%	42.81%	1.71%	0.00%
DL4	0.00%	4.17%	30.83%	47.50%	17.50%	0.00%
DL5	-nan%	-nan%	-nan%	-nan%	-nan%	-nan%


Tabela Comparativa das Profundidades - Valores Absolutos (FRAME 15)
	AV1
HEVC	DL0	DL1	DL2	DL3	DL4	DL5
DL1	512	24064	2176	128	0	0
DL2	512	6688	10080	864	32	0
DL3	0	2624	1632	1472	48	0
DL4	0	64	64	144	96	0
DL5	0	0	0	0	0	0
Tabela Comparativa das Profundidades - Porcentagens (FRAME 15)
	AV1
HEVC	DL0	DL1	DL2	DL3	DL4	DL5
DL1	1.90%	89.52%	8.10%	0.48%	0.00%	0.00%
DL2	2.82%	36.80%	55.46%	4.75%	0.18%	0.00%
DL3	0.00%	45.43%	28.25%	25.48%	0.83%	0.00%
DL4	0.00%	17.39%	17.39%	39.13%	26.09%	0.00%
DL5	-nan%	-nan%	-nan%	-nan%	-nan%	-nan%


Tabela Comparativa das Profundidades - Valores Absolutos (FRAME 16)
	AV1
HEVC	DL0	DL1	DL2	DL3	DL4	DL5
DL1	0	23040	960	64	0	0
DL2	0	5696	10688	1136	80	0
DL3	0	2448	2944	2688	208	0
DL4	0	112	320	528	288	0
DL5	0	0	0	0	0	0
Tabela Comparativa das Profundidades - Porcentagens (FRAME 16)
	AV1
HEVC	DL0	DL1	DL2	DL3	DL4	DL5
DL1	0.00%	95.74%	3.99%	0.27%	0.00%	0.00%
DL2	0.00%	32.36%	60.73%	6.45%	0.45%	0.00%
DL3	0.00%	29.54%	35.52%	32.43%	2.51%	0.00%
DL4	0.00%	8.97%	25.64%	42.31%	23.08%	0.00%
DL5	-nan%	-nan%	-nan%	-nan%	-nan%	-nan%


Tabela Comparativa das Profundidades - Valores Absolutos (FRAME 17)
	AV1
HEVC	DL0	DL1	DL2	DL3	DL4	DL5
DL1	1024	18176	1472	64	0	0
DL2	0	5120	13490	1470	144	0
DL3	0	1776	3120	4240	160	0
DL4	0	16	272	528	128	0
DL5	0	0	0	0	0	0
Tabela Comparativa das Profundidades - Porcentagens (FRAME 17)
	AV1
HEVC	DL0	DL1	DL2	DL3	DL4	DL5
DL1	4.94%	87.65%	7.10%	0.31%	0.00%	0.00%
DL2	0.00%	25.32%	66.70%	7.27%	0.71%	0.00%
DL3	0.00%	19.10%	33.56%	45.61%	1.72%	0.00%
DL4	0.00%	1.69%	28.81%	55.93%	13.56%	0.00%
DL5	-nan%	-nan%	-nan%	-nan%	-nan%	-nan%


Tabela Comparativa das Profundidades - Valores Absolutos (FRAME 18)
	AV1
HEVC	DL0	DL1	DL2	DL3	DL4	DL5
DL1	0	12032	1728	320	0	0
DL2	0	4995	15677	1328	16	0
DL3	0	2160	6128	4976	112	0
DL4	0	80	816	656	176	0
DL5	0	0	0	0	0	0
Tabela Comparativa das Profundidades - Porcentagens (FRAME 18)
	AV1
HEVC	DL0	DL1	DL2	DL3	DL4	DL5
DL1	0.00%	85.45%	12.27%	2.27%	0.00%	0.00%
DL2	0.00%	22.69%	71.21%	6.03%	0.07%	0.00%
DL3	0.00%	16.15%	45.81%	37.20%	0.84%	0.00%
DL4	0.00%	4.63%	47.22%	37.96%	10.19%	0.00%
DL5	-nan%	-nan%	-nan%	-nan%	-nan%	-nan%


Tabela Comparativa das Profundidades - Valores Absolutos (FRAME 19)
	AV1
HEVC	DL0	DL1	DL2	DL3	DL4	DL5
DL1	0	28160	1280	512	0	0
DL2	0	4032	10560	1280	0	0
DL3	0	816	2016	2000	32	0
DL4	0	16	224	176	96	0
DL5	0	0	0	0	0	0
Tabela Comparativa das Profundidades - Porcentagens (FRAME 19)
	AV1
HEVC	DL0	DL1	DL2	DL3	DL4	DL5
DL1	0.00%	94.02%	4.27%	1.71%	0.00%	0.00%
DL2	0.00%	25.40%	66.53%	8.06%	0.00%	0.00%
DL3	0.00%	16.78%	41.45%	41.12%	0.66%	0.00%
DL4	0.00%	3.12%	43.75%	34.38%	18.75%	0.00%
DL5	-nan%	-nan%	-nan%	-nan%	-nan%	-nan%


Tabela Comparativa das Profundidades - Valores Absolutos (FRAME 20)
	AV1
HEVC	DL0	DL1	DL2	DL3	DL4	DL5
DL1	1024	17152	1344	192	0	0
DL2	0	5536	15008	1648	80	0
DL3	0	2480	3184	2512	112	0
DL4	0	16	496	256	160	0
DL5	0	0	0	0	0	0
Tabela Comparativa das Profundidades - Porcentagens (FRAME 20)
	AV1
HEVC	DL0	DL1	DL2	DL3	DL4	DL5
DL1	5.19%	87.01%	6.82%	0.97%	0.00%	0.00%
DL2	0.00%	24.86%	67.39%	7.40%	0.36%	0.00%
DL3	0.00%	29.92%	38.42%	30.31%	1.35%	0.00%
DL4	0.00%	1.72%	53.45%	27.59%	17.24%	0.00%
DL5	-nan%	-nan%	-nan%	-nan%	-nan%	-nan%


Tabela Comparativa das Profundidades - Valores Absolutos (FRAME 21)
	AV1
HEVC	DL0	DL1	DL2	DL3	DL4	DL5
DL1	0	7936	768	0	0	0
DL2	832	6284	5272	76	16	0
DL3	176	1680	3200	2928	800	0
DL4	16	176	2528	5632	12880	0
DL5	0	0	0	0	0	0
Tabela Comparativa das Profundidades - Porcentagens (FRAME 21)
	AV1
HEVC	DL0	DL1	DL2	DL3	DL4	DL5
DL1	0.00%	91.18%	8.82%	0.00%	0.00%	0.00%
DL2	6.67%	50.35%	42.24%	0.61%	0.13%	0.00%
DL3	2.00%	19.13%	36.43%	33.33%	9.11%	0.00%
DL4	0.08%	0.83%	11.91%	26.53%	60.66%	0.00%
DL5	-nan%	-nan%	-nan%	-nan%	-nan%	-nan%


Tabela Comparativa das Profundidades - Valores Absolutos (FRAME 22)
	AV1
HEVC	DL0	DL1	DL2	DL3	DL4	DL5
DL1	768	2560	256	0	0	0
DL2	256	448	8032	1008	112	0
DL3	0	880	7616	9328	928	0
DL4	0	464	6768	6144	5632	0
DL5	0	0	0	0	0	0
Tabela Comparativa das Profundidades - Porcentagens (FRAME 22)
	AV1
HEVC	DL0	DL1	DL2	DL3	DL4	DL5
DL1	21.43%	71.43%	7.14%	0.00%	0.00%	0.00%
DL2	2.60%	4.55%	81.49%	10.23%	1.14%	0.00%
DL3	0.00%	4.69%	40.61%	49.74%	4.95%	0.00%
DL4	0.00%	2.44%	35.61%	32.32%	29.63%	0.00%
DL5	-nan%	-nan%	-nan%	-nan%	-nan%	-nan%


Tabela Comparativa das Profundidades - Valores Absolutos (FRAME 23)
	AV1
HEVC	DL0	DL1	DL2	DL3	DL4	DL5
DL1	0	2560	256	0	0	0
DL2	0	320	9536	1392	16	0
DL3	0	416	15072	12240	448	0
DL4	0	32	3968	4224	720	0
DL5	0	0	0	0	0	0
Tabela Comparativa das Profundidades - Porcentagens (FRAME 23)
	AV1
HEVC	DL0	DL1	DL2	DL3	DL4	DL5
DL1	0.00%	90.91%	9.09%	0.00%	0.00%	0.00%
DL2	0.00%	2.84%	84.66%	12.36%	0.14%	0.00%
DL3	0.00%	1.48%	53.49%	43.44%	1.59%	0.00%
DL4	0.00%	0.36%	44.36%	47.23%	8.05%	0.00%
DL5	-nan%	-nan%	-nan%	-nan%	-nan%	-nan%


Tabela Comparativa das Profundidades - Valores Absolutos (FRAME 24)
	AV1
HEVC	DL0	DL1	DL2	DL3	DL4	DL5
DL1	0	1024	448	320	0	0
DL2	0	128	23808	2176	0	0
DL3	0	880	8480	9328	912	0
DL4	0	16	864	1920	896	0
DL5	0	0	0	0	0	0
Tabela Comparativa das Profundidades - Porcentagens (FRAME 24)
	AV1
HEVC	DL0	DL1	DL2	DL3	DL4	DL5
DL1	0.00%	57.14%	25.00%	17.86%	0.00%	0.00%
DL2	0.00%	0.49%	91.18%	8.33%	0.00%	0.00%
DL3	0.00%	4.49%	43.27%	47.59%	4.65%	0.00%
DL4	0.00%	0.43%	23.38%	51.95%	24.24%	0.00%
DL5	-nan%	-nan%	-nan%	-nan%	-nan%	-nan%


Tabela Comparativa das Profundidades - Valores Absolutos (FRAME 25)
	AV1
HEVC	DL0	DL1	DL2	DL3	DL4	DL5
DL1	1024	5376	2944	128	0	0
DL2	0	2432	19200	2448	48	0
DL3	0	304	5984	8992	144	0
DL4	0	80	608	1280	208	0
DL5	0	0	0	0	0	0
Tabela Comparativa das Profundidades - Porcentagens (FRAME 25)
	AV1
HEVC	DL0	DL1	DL2	DL3	DL4	DL5
DL1	10.81%	56.76%	31.08%	1.35%	0.00%	0.00%
DL2	0.00%	10.08%	79.58%	10.15%	0.20%	0.00%
DL3	0.00%	1.97%	38.80%	58.30%	0.93%	0.00%
DL4	0.00%	3.68%	27.94%	58.82%	9.56%	0.00%
DL5	-nan%	-nan%	-nan%	-nan%	-nan%	-nan%


Tabela Comparativa das Profundidades - Valores Absolutos (FRAME 26)
	AV1
HEVC	DL0	DL1	DL2	DL3	DL4	DL5
DL1	0	14080	3584	0	0	0
DL2	0	4725	19883	944	48	0
DL3	0	1312	4544	1360	64	0
DL4	0	32	416	128	80	0
DL5	0	0	0	0	0	0
Tabela Comparativa das Profundidades - Porcentagens (FRAME 26)
	AV1
HEVC	DL0	DL1	DL2	DL3	DL4	DL5
DL1	0.00%	79.71%	20.29%	0.00%	0.00%	0.00%
DL2	0.00%	18.46%	77.67%	3.69%	0.19%	0.00%
DL3	0.00%	18.02%	62.42%	18.68%	0.88%	0.00%
DL4	0.00%	4.88%	63.41%	19.51%	12.20%	0.00%
DL5	-nan%	-nan%	-nan%	-nan%	-nan%	-nan%


Tabela Comparativa das Profundidades - Valores Absolutos (FRAME 27)
	AV1
HEVC	DL0	DL1	DL2	DL3	DL4	DL5
DL1	512	15616	1408	128	0	0
DL2	512	6499	17117	1456	16	0
DL3	0	2016	3312	2128	0	0
DL4	0	32	304	128	16	0
DL5	0	0	0	0	0	0
Tabela Comparativa das Profundidades - Porcentagens (FRAME 27)
	AV1
HEVC	DL0	DL1	DL2	DL3	DL4	DL5
DL1	2.90%	88.41%	7.97%	0.72%	0.00%	0.00%
DL2	2.00%	25.39%	66.86%	5.69%	0.06%	0.00%
DL3	0.00%	27.04%	44.42%	28.54%	0.00%	0.00%
DL4	0.00%	6.67%	63.33%	26.67%	3.33%	0.00%
DL5	-nan%	-nan%	-nan%	-nan%	-nan%	-nan%


Tabela Comparativa das Profundidades - Valores Absolutos (FRAME 28)
	AV1
HEVC	DL0	DL1	DL2	DL3	DL4	DL5
DL1	1024	17408	1280	0	0	0
DL2	0	6048	9824	1600	0	0
DL3	0	3248	3024	6432	32	0
DL4	0	80	400	752	48	0
DL5	0	0	0	0	0	0
Tabela Comparativa das Profundidades - Porcentagens (FRAME 28)
	AV1
HEVC	DL0	DL1	DL2	DL3	DL4	DL5
DL1	5.19%	88.31%	6.49%	0.00%	0.00%	0.00%
DL2	0.00%	34.62%	56.23%	9.16%	0.00%	0.00%
DL3	0.00%	25.50%	23.74%	50.50%	0.25%	0.00%
DL4	0.00%	6.25%	31.25%	58.75%	3.75%	0.00%
DL5	-nan%	-nan%	-nan%	-nan%	-nan%	-nan%


Tabela Comparativa das Profundidades - Valores Absolutos (FRAME 29)
	AV1
HEVC	DL0	DL1	DL2	DL3	DL4	DL5
DL1	1024	17152	1280	0	0	0
DL2	0	5414	12474	1120	0	0
DL3	0	2560	4368	4224	272	0
DL4	0	64	304	768	176	0
DL5	0	0	0	0	0	0
Tabela Comparativa das Profundidades - Porcentagens (FRAME 29)
	AV1
HEVC	DL0	DL1	DL2	DL3	DL4	DL5
DL1	5.26%	88.16%	6.58%	0.00%	0.00%	0.00%
DL2	0.00%	28.48%	65.62%	5.89%	0.00%	0.00%
DL3	0.00%	22.41%	38.24%	36.97%	2.38%	0.00%
DL4	0.00%	4.88%	23.17%	58.54%	13.41%	0.00%
DL5	-nan%	-nan%	-nan%	-nan%	-nan%	-nan%


Tabela Comparativa das Profundidades - Valores Absolutos (FRAME 30)
	AV1
HEVC	DL0	DL1	DL2	DL3	DL4	DL5
DL1	0	20992	1280	0	0	0
DL2	0	7424	12288	1152	0	0
DL3	0	2736	1936	2848	0	0
DL4	0	16	240	288	0	0
DL5	0	0	0	0	0	0
Tabela Comparativa das Profundidades - Porcentagens (FRAME 30)
	AV1
HEVC	DL0	DL1	DL2	DL3	DL4	DL5
DL1	0.00%	94.25%	5.75%	0.00%	0.00%	0.00%
DL2	0.00%	35.58%	58.90%	5.52%	0.00%	0.00%
DL3	0.00%	36.38%	25.74%	37.87%	0.00%	0.00%
DL4	0.00%	2.94%	44.12%	52.94%	0.00%	0.00%
DL5	-nan%	-nan%	-nan%	-nan%	-nan%	-nan%


Tabela Comparativa das Profundidades - Valores Absolutos (FRAME 31)
	AV1
HEVC	DL0	DL1	DL2	DL3	DL4	DL5
DL1	1024	22272	1920	128	0	0
DL2	0	4736	14144	1280	0	0
DL3	0	624	2192	2288	112	0
DL4	0	16	176	256	32	0
DL5	0	0	0	0	0	0
Tabela Comparativa das Profundidades - Porcentagens (FRAME 31)
	AV1
HEVC	DL0	DL1	DL2	DL3	DL4	DL5
DL1	4.04%	87.88%	7.58%	0.51%	0.00%	0.00%
DL2	0.00%	23.49%	70.16%	6.35%	0.00%	0.00%
DL3	0.00%	11.96%	42.02%	43.87%	2.15%	0.00%
DL4	0.00%	3.33%	36.67%	53.33%	6.67%	0.00%
DL5	-nan%	-nan%	-nan%	-nan%	-nan%	-nan%


Tabela Comparativa das Profundidades - Valores Absolutos (FRAME 32)
	AV1
HEVC	DL0	DL1	DL2	DL3	DL4	DL5
DL1	0	10240	640	128	0	0
DL2	0	3680	8480	3264	0	0
DL3	0	2976	4064	13120	512	0
DL4	0	160	512	2848	576	0
DL5	0	0	0	0	0	0
Tabela Comparativa das Profundidades - Porcentagens (FRAME 32)
	AV1
HEVC	DL0	DL1	DL2	DL3	DL4	DL5
DL1	0.00%	93.02%	5.81%	1.16%	0.00%	0.00%
DL2	0.00%	23.86%	54.98%	21.16%	0.00%	0.00%
DL3	0.00%	14.40%	19.66%	63.47%	2.48%	0.00%
DL4	0.00%	3.91%	12.50%	69.53%	14.06%	0.00%
DL5	-nan%	-nan%	-nan%	-nan%	-nan%	-nan%


Tabela Comparativa das Profundidades - Valores Absolutos (FRAME 33)
	AV1
HEVC	DL0	DL1	DL2	DL3	DL4	DL5
DL1	0	5376	1280	0	0	0
DL2	0	9158	17546	2480	0	0
DL3	0	528	7040	6432	128	0
DL4	0	48	448	656	80	0
DL5	0	0	0	0	0	0
Tabela Comparativa das Profundidades - Porcentagens (FRAME 33)
	AV1
HEVC	DL0	DL1	DL2	DL3	DL4	DL5
DL1	0.00%	80.77%	19.23%	0.00%	0.00%	0.00%
DL2	0.00%	31.38%	60.12%	8.50%	0.00%	0.00%
DL3	0.00%	3.74%	49.83%	45.53%	0.91%	0.00%
DL4	0.00%	3.90%	36.36%	53.25%	6.49%	0.00%
DL5	-nan%	-nan%	-nan%	-nan%	-nan%	-nan%


Tabela Comparativa das Profundidades - Valores Absolutos (FRAME 34)
	AV1
HEVC	DL0	DL1	DL2	DL3	DL4	DL5
DL1	0	16640	2624	448	0	0
DL2	0	5519	12885	1388	48	0
DL3	0	1632	4640	4304	128	0
DL4	0	32	224	576	112	0
DL5	0	0	0	0	0	0
Tabela Comparativa das Profundidades - Porcentagens (FRAME 34)
	AV1
HEVC	DL0	DL1	DL2	DL3	DL4	DL5
DL1	0.00%	84.42%	13.31%	2.27%	0.00%	0.00%
DL2	0.00%	27.82%	64.94%	7.00%	0.24%	0.00%
DL3	0.00%	15.25%	43.35%	40.21%	1.20%	0.00%
DL4	0.00%	3.39%	23.73%	61.02%	11.86%	0.00%
DL5	-nan%	-nan%	-nan%	-nan%	-nan%	-nan%


Tabela Comparativa das Profundidades - Valores Absolutos (FRAME 35)
	AV1
HEVC	DL0	DL1	DL2	DL3	DL4	DL5
DL1	0	22272	768	0	0	0
DL2	0	5120	12288	1456	16	0
DL3	0	2288	3024	3264	0	0
DL4	0	16	304	352	32	0
DL5	0	0	0	0	0	0
Tabela Comparativa das Profundidades - Porcentagens (FRAME 35)
	AV1
HEVC	DL0	DL1	DL2	DL3	DL4	DL5
DL1	0.00%	96.67%	3.33%	0.00%	0.00%	0.00%
DL2	0.00%	27.12%	65.08%	7.71%	0.08%	0.00%
DL3	0.00%	26.68%	35.26%	38.06%	0.00%	0.00%
DL4	0.00%	2.27%	43.18%	50.00%	4.55%	0.00%
DL5	-nan%	-nan%	-nan%	-nan%	-nan%	-nan%


Tabela Comparativa das Profundidades - Valores Absolutos (FRAME 36)
	AV1
HEVC	DL0	DL1	DL2	DL3	DL4	DL5
DL1	0	22784	1472	64	0	0
DL2	0	5440	12160	1248	96	0
DL3	0	2464	2016	2592	96	0
DL4	0	32	288	352	96	0
DL5	0	0	0	0	0	0
Tabela Comparativa das Profundidades - Porcentagens (FRAME 36)
	AV1
HEVC	DL0	DL1	DL2	DL3	DL4	DL5
DL1	0.00%	93.68%	6.05%	0.26%	0.00%	0.00%
DL2	0.00%	28.72%	64.19%	6.59%	0.51%	0.00%
DL3	0.00%	34.38%	28.12%	36.16%	1.34%	0.00%
DL4	0.00%	4.17%	37.50%	45.83%	12.50%	0.00%
DL5	-nan%	-nan%	-nan%	-nan%	-nan%	-nan%


Tabela Comparativa das Profundidades - Valores Absolutos (FRAME 37)
	AV1
HEVC	DL0	DL1	DL2	DL3	DL4	DL5
DL1	0	10496	1536	256	0	0
DL2	0	3264	16320	1360	48	0
DL3	0	1536	6400	7296	224	0
DL4	0	64	640	1136	624	0
DL5	0	0	0	0	0	0
Tabela Comparativa das Profundidades - Porcentagens (FRAME 37)
	AV1
HEVC	DL0	DL1	DL2	DL3	DL4	DL5
DL1	0.00%	85.42%	12.50%	2.08%	0.00%	0.00%
DL2	0.00%	15.55%	77.74%	6.48%	0.23%	0.00%
DL3	0.00%	9.94%	41.41%	47.20%	1.45%	0.00%
DL4	0.00%	2.60%	25.97%	46.10%	25.32%	0.00%
DL5	-nan%	-nan%	-nan%	-nan%	-nan%	-nan%


Tabela Comparativa das Profundidades - Valores Absolutos (FRAME 38)
	AV1
HEVC	DL0	DL1	DL2	DL3	DL4	DL5
DL1	0	9728	1984	544	32	0
DL2	0	3256	22008	1776	96	0
DL3	0	1216	5392	3792	240	0
DL4	0	64	496	416	160	0
DL5	0	0	0	0	0	0
Tabela Comparativa das Profundidades - Porcentagens (FRAME 38)
	AV1
HEVC	DL0	DL1	DL2	DL3	DL4	DL5
DL1	0.00%	79.17%	16.15%	4.43%	0.26%	0.00%
DL2	0.00%	12.00%	81.10%	6.54%	0.35%	0.00%
DL3	0.00%	11.43%	50.68%	35.64%	2.26%	0.00%
DL4	0.00%	5.63%	43.66%	36.62%	14.08%	0.00%
DL5	-nan%	-nan%	-nan%	-nan%	-nan%	-nan%


Tabela Comparativa das Profundidades - Valores Absolutos (FRAME 39)
	AV1
HEVC	DL0	DL1	DL2	DL3	DL4	DL5
DL1	0	24832	1792	0	0	0
DL2	0	6336	11328	704	0	0
DL3	0	2448	2000	1360	48	0
DL4	0	48	176	64	64	0
DL5	0	0	0	0	0	0
Tabela Comparativa das Profundidades - Porcentagens (FRAME 39)
	AV1
HEVC	DL0	DL1	DL2	DL3	DL4	DL5
DL1	0.00%	93.27%	6.73%	0.00%	0.00%	0.00%
DL2	0.00%	34.49%	61.67%	3.83%	0.00%	0.00%
DL3	0.00%	41.80%	34.15%	23.22%	0.82%	0.00%
DL4	0.00%	13.64%	50.00%	18.18%	18.18%	0.00%
DL5	-nan%	-nan%	-nan%	-nan%	-nan%	-nan%


Tabela Comparativa das Profundidades - Valores Absolutos (FRAME 40)
	AV1
HEVC	DL0	DL1	DL2	DL3	DL4	DL5
DL1	0	18176	1280	0	0	0
DL2	0	4483	5853	1056	64	0
DL3	0	2048	2448	4800	1024	0
DL4	0	64	1264	5216	3424	0
DL5	0	0	0	0	0	0
Tabela Comparativa das Profundidades - Porcentagens (FRAME 40)
	AV1
HEVC	DL0	DL1	DL2	DL3	DL4	DL5
DL1	0.00%	93.42%	6.58%	0.00%	0.00%	0.00%
DL2	0.00%	39.13%	51.09%	9.22%	0.56%	0.00%
DL3	0.00%	19.84%	23.72%	46.51%	9.92%	0.00%
DL4	0.00%	0.64%	12.68%	52.33%	34.35%	0.00%
DL5	-nan%	-nan%	-nan%	-nan%	-nan%	-nan%


Tabela Comparativa das Profundidades - Valores Absolutos (FRAME 41)
	AV1
HEVC	DL0	DL1	DL2	DL3	DL4	DL5
DL1	0	2048	512	0	0	0
DL2	0	707	8893	1152	64	0
DL3	0	304	9072	8992	1584	0
DL4	0	80	4224	7568	6000	0
DL5	0	0	0	0	0	0
Tabela Comparativa das Profundidades - Porcentagens (FRAME 41)
	AV1
HEVC	DL0	DL1	DL2	DL3	DL4	DL5
DL1	0.00%	80.00%	20.00%	0.00%	0.00%	0.00%
DL2	0.00%	6.54%	82.22%	10.65%	0.59%	0.00%
DL3	0.00%	1.52%	45.47%	45.07%	7.94%	0.00%
DL4	0.00%	0.45%	23.63%	42.35%	33.57%	0.00%
DL5	-nan%	-nan%	-nan%	-nan%	-nan%	-nan%


Tabela Comparativa das Profundidades - Valores Absolutos (FRAME 42)
	AV1
HEVC	DL0	DL1	DL2	DL3	DL4	DL5
DL1	0	512	256	0	0	0
DL2	0	576	8960	1952	32	0
DL3	0	688	14080	13680	1152	0
DL4	0	16	3232	4480	1584	0
DL5	0	0	0	0	0	0
Tabela Comparativa das Profundidades - Porcentagens (FRAME 42)
	AV1
HEVC	DL0	DL1	DL2	DL3	DL4	DL5
DL1	0.00%	66.67%	33.33%	0.00%	0.00%	0.00%
DL2	0.00%	5.00%	77.78%	16.94%	0.28%	0.00%
DL3	0.00%	2.32%	47.57%	46.22%	3.89%	0.00%
DL4	0.00%	0.17%	34.71%	48.11%	17.01%	0.00%
DL5	-nan%	-nan%	-nan%	-nan%	-nan%	-nan%


Tabela Comparativa das Profundidades - Valores Absolutos (FRAME 43)
	AV1
HEVC	DL0	DL1	DL2	DL3	DL4	DL5
DL1	0	5120	1280	0	0	0
DL2	0	2752	14592	2528	96	0
DL3	0	1168	8272	9936	544	0
DL4	0	176	1456	2160	1120	0
DL5	0	0	0	0	0	0
Tabela Comparativa das Profundidades - Porcentagens (FRAME 43)
	AV1
HEVC	DL0	DL1	DL2	DL3	DL4	DL5
DL1	0.00%	80.00%	20.00%	0.00%	0.00%	0.00%
DL2	0.00%	13.78%	73.08%	12.66%	0.48%	0.00%
DL3	0.00%	5.86%	41.53%	49.88%	2.73%	0.00%
DL4	0.00%	3.58%	29.64%	43.97%	22.80%	0.00%
DL5	-nan%	-nan%	-nan%	-nan%	-nan%	-nan%


Tabela Comparativa das Profundidades - Valores Absolutos (FRAME 44)
	AV1
HEVC	DL0	DL1	DL2	DL3	DL4	DL5
DL1	0	9728	1152	128	0	0
DL2	0	2432	15792	2192	0	0
DL3	0	1248	7872	7568	240	0
DL4	0	160	720	1248	720	0
DL5	0	0	0	0	0	0
Tabela Comparativa das Profundidades - Porcentagens (FRAME 44)
	AV1
HEVC	DL0	DL1	DL2	DL3	DL4	DL5
DL1	0.00%	88.37%	10.47%	1.16%	0.00%	0.00%
DL2	0.00%	11.91%	77.35%	10.74%	0.00%	0.00%
DL3	0.00%	7.37%	46.50%	44.71%	1.42%	0.00%
DL4	0.00%	5.62%	25.28%	43.82%	25.28%	0.00%
DL5	-nan%	-nan%	-nan%	-nan%	-nan%	-nan%


Tabela Comparativa das Profundidades - Valores Absolutos (FRAME 45)
	AV1
HEVC	DL0	DL1	DL2	DL3	DL4	DL5
DL1	0	14848	1216	320	0	0
DL2	0	9504	15648	1136	16	0
DL3	0	2384	3248	2400	16	0
DL4	0	48	240	160	16	0
DL5	0	0	0	0	0	0
Tabela Comparativa das Profundidades - Porcentagens (FRAME 45)
	AV1
HEVC	DL0	DL1	DL2	DL3	DL4	DL5
DL1	0.00%	90.62%	7.42%	1.95%	0.00%	0.00%
DL2	0.00%	36.13%	59.49%	4.32%	0.06%	0.00%
DL3	0.00%	29.62%	40.36%	29.82%	0.20%	0.00%
DL4	0.00%	10.34%	51.72%	34.48%	3.45%	0.00%
DL5	-nan%	-nan%	-nan%	-nan%	-nan%	-nan%


Tabela Comparativa das Profundidades - Valores Absolutos (FRAME 46)
	AV1
HEVC	DL0	DL1	DL2	DL3	DL4	DL5
DL1	0	20992	2048	0	0	0
DL2	0	6048	12064	1472	0	0
DL3	0	2288	2384	3232	48	0
DL4	0	16	272	304	32	0
DL5	0	0	0	0	0	0
Tabela Comparativa das Profundidades - Porcentagens (FRAME 46)
	AV1
HEVC	DL0	DL1	DL2	DL3	DL4	DL5
DL1	0.00%	91.11%	8.89%	0.00%	0.00%	0.00%
DL2	0.00%	30.88%	61.60%	7.52%	0.00%	0.00%
DL3	0.00%	28.77%	29.98%	40.64%	0.60%	0.00%
DL4	0.00%	2.56%	43.59%	48.72%	5.13%	0.00%
DL5	-nan%	-nan%	-nan%	-nan%	-nan%	-nan%


Tabela Comparativa das Profundidades - Valores Absolutos (FRAME 47)
	AV1
HEVC	DL0	DL1	DL2	DL3	DL4	DL5
DL1	0	17408	1536	0	0	0
DL2	0	5184	14304	1040	16	0
DL3	0	2096	3168	5408	304	0
DL4	0	16	128	464	128	0
DL5	0	0	0	0	0	0
Tabela Comparativa das Profundidades - Porcentagens (FRAME 47)
	AV1
HEVC	DL0	DL1	DL2	DL3	DL4	DL5
DL1	0.00%	91.89%	8.11%	0.00%	0.00%	0.00%
DL2	0.00%	25.23%	69.63%	5.06%	0.08%	0.00%
DL3	0.00%	19.10%	28.86%	49.27%	2.77%	0.00%
DL4	0.00%	2.17%	17.39%	63.04%	17.39%	0.00%
DL5	-nan%	-nan%	-nan%	-nan%	-nan%	-nan%


Tabela Comparativa das Profundidades - Valores Absolutos (FRAME 48)
	AV1
HEVC	DL0	DL1	DL2	DL3	DL4	DL5
DL1	0	7936	1472	64	0	0
DL2	0	5776	16263	2377	32	0
DL3	0	1646	6850	6736	112	0
DL4	0	32	592	1088	224	0
DL5	0	0	0	0	0	0
Tabela Comparativa das Profundidades - Porcentagens (FRAME 48)
	AV1
HEVC	DL0	DL1	DL2	DL3	DL4	DL5
DL1	0.00%	83.78%	15.54%	0.68%	0.00%	0.00%
DL2	0.00%	23.63%	66.52%	9.72%	0.13%	0.00%
DL3	0.00%	10.73%	44.64%	43.90%	0.73%	0.00%
DL4	0.00%	1.65%	30.58%	56.20%	11.57%	0.00%
DL5	-nan%	-nan%	-nan%	-nan%	-nan%	-nan%


Tabela Comparativa das Profundidades - Valores Absolutos (FRAME 49)
	AV1
HEVC	DL0	DL1	DL2	DL3	DL4	DL5
DL1	0	15616	2560	0	0	0
DL2	0	4352	20352	1216	0	0
DL3	0	496	3312	2736	16	0
DL4	0	16	208	256	64	0
DL5	0	0	0	0	0	0
Tabela Comparativa das Profundidades - Porcentagens (FRAME 49)
	AV1
HEVC	DL0	DL1	DL2	DL3	DL4	DL5
DL1	0.00%	85.92%	14.08%	0.00%	0.00%	0.00%
DL2	0.00%	16.79%	78.52%	4.69%	0.00%	0.00%
DL3	0.00%	7.56%	50.49%	41.71%	0.24%	0.00%
DL4	0.00%	2.94%	38.24%	47.06%	11.76%	0.00%
DL5	-nan%	-nan%	-nan%	-nan%	-nan%	-nan%


Tabela Comparativa das Profundidades - Valores Absolutos (FRAME 50)
	AV1
HEVC	DL0	DL1	DL2	DL3	DL4	DL5
DL1	0	23040	1536	256	0	0
DL2	0	5088	9568	1808	48	0
DL3	0	2672	3088	3136	208	0
DL4	0	16	272	384	80	0
DL5	0	0	0	0	0	0
Tabela Comparativa das Profundidades - Porcentagens (FRAME 50)
	AV1
HEVC	DL0	DL1	DL2	DL3	DL4	DL5
DL1	0.00%	92.78%	6.19%	1.03%	0.00%	0.00%
DL2	0.00%	30.81%	57.95%	10.95%	0.29%	0.00%
DL3	0.00%	29.35%	33.92%	34.45%	2.28%	0.00%
DL4	0.00%	2.13%	36.17%	51.06%	10.64%	0.00%
DL5	-nan%	-nan%	-nan%	-nan%	-nan%	-nan%


Tabela Comparativa das Profundidades - Valores Absolutos (FRAME 51)
	AV1
HEVC	DL0	DL1	DL2	DL3	DL4	DL5
DL1	0	16640	704	64	0	0
DL2	0	3398	8538	2192	80	0
DL3	0	2240	4080	9024	720	0
DL4	0	128	528	1968	896	0
DL5	0	0	0	0	0	0
Tabela Comparativa das Profundidades - Porcentagens (FRAME 51)
	AV1
HEVC	DL0	DL1	DL2	DL3	DL4	DL5
DL1	0.00%	95.59%	4.04%	0.37%	0.00%	0.00%
DL2	0.00%	23.92%	60.09%	15.43%	0.56%	0.00%
DL3	0.00%	13.94%	25.40%	56.18%	4.48%	0.00%
DL4	0.00%	3.64%	15.00%	55.91%	25.45%	0.00%
DL5	-nan%	-nan%	-nan%	-nan%	-nan%	-nan%


Tabela Comparativa das Profundidades - Valores Absolutos (FRAME 52)
	AV1
HEVC	DL0	DL1	DL2	DL3	DL4	DL5
DL1	0	5376	704	64	0	0
DL2	0	1280	22909	2867	16	0
DL3	0	496	6800	7872	448	0
DL4	0	16	560	1264	528	0
DL5	0	0	0	0	0	0
Tabela Comparativa das Profundidades - Porcentagens (FRAME 52)
	AV1
HEVC	DL0	DL1	DL2	DL3	DL4	DL5
DL1	0.00%	87.50%	11.46%	1.04%	0.00%	0.00%
DL2	0.00%	4.73%	84.62%	10.59%	0.06%	0.00%
DL3	0.00%	3.18%	43.55%	50.41%	2.87%	0.00%
DL4	0.00%	0.68%	23.65%	53.38%	22.30%	0.00%
DL5	-nan%	-nan%	-nan%	-nan%	-nan%	-nan%


Tabela Comparativa das Profundidades - Valores Absolutos (FRAME 53)
	AV1
HEVC	DL0	DL1	DL2	DL3	DL4	DL5
DL1	0	8448	2368	448	0	0
DL2	0	2758	21290	1840	96	0
DL3	0	976	6096	4944	272	0
DL4	0	112	576	736	240	0
DL5	0	0	0	0	0	0
Tabela Comparativa das Profundidades - Porcentagens (FRAME 53)
	AV1
HEVC	DL0	DL1	DL2	DL3	DL4	DL5
DL1	0.00%	75.00%	21.02%	3.98%	0.00%	0.00%
DL2	0.00%	10.61%	81.94%	7.08%	0.37%	0.00%
DL3	0.00%	7.94%	49.61%	40.23%	2.21%	0.00%
DL4	0.00%	6.73%	34.62%	44.23%	14.42%	0.00%
DL5	-nan%	-nan%	-nan%	-nan%	-nan%	-nan%


Tabela Comparativa das Profundidades - Valores Absolutos (FRAME 54)
	AV1
HEVC	DL0	DL1	DL2	DL3	DL4	DL5
DL1	0	21760	2240	320	0	0
DL2	0	4451	12125	816	80	0
DL3	0	1856	3952	2544	64	0
DL4	0	64	304	496	128	0
DL5	0	0	0	0	0	0
Tabela Comparativa das Profundidades - Porcentagens (FRAME 54)
	AV1
HEVC	DL0	DL1	DL2	DL3	DL4	DL5
DL1	0.00%	89.47%	9.21%	1.32%	0.00%	0.00%
DL2	0.00%	25.48%	69.40%	4.67%	0.46%	0.00%
DL3	0.00%	22.05%	46.96%	30.23%	0.76%	0.00%
DL4	0.00%	6.45%	30.65%	50.00%	12.90%	0.00%
DL5	-nan%	-nan%	-nan%	-nan%	-nan%	-nan%


Tabela Comparativa das Profundidades - Valores Absolutos (FRAME 55)
	AV1
HEVC	DL0	DL1	DL2	DL3	DL4	DL5
DL1	0	24064	2432	352	32	0
DL2	0	2432	13824	1088	0	0
DL3	0	336	2208	3504	48	0
DL4	0	48	352	464	16	0
DL5	0	0	0	0	0	0
Tabela Comparativa das Profundidades - Porcentagens (FRAME 55)
	AV1
HEVC	DL0	DL1	DL2	DL3	DL4	DL5
DL1	0.00%	89.52%	9.05%	1.31%	0.12%	0.00%
DL2	0.00%	14.02%	79.70%	6.27%	0.00%	0.00%
DL3	0.00%	5.51%	36.22%	57.48%	0.79%	0.00%
DL4	0.00%	5.45%	40.00%	52.73%	1.82%	0.00%
DL5	-nan%	-nan%	-nan%	-nan%	-nan%	-nan%


Tabela Comparativa das Profundidades - Valores Absolutos (FRAME 56)
	AV1
HEVC	DL0	DL1	DL2	DL3	DL4	DL5
DL1	0	9472	1728	64	0	0
DL2	0	3584	13568	2224	80	0
DL3	0	2640	7568	7248	304	0
DL4	0	48	944	1280	448	0
DL5	0	0	0	0	0	0
Tabela Comparativa das Profundidades - Porcentagens (FRAME 56)
	AV1
HEVC	DL0	DL1	DL2	DL3	DL4	DL5
DL1	0.00%	84.09%	15.34%	0.57%	0.00%	0.00%
DL2	0.00%	18.42%	69.74%	11.43%	0.41%	0.00%
DL3	0.00%	14.86%	42.61%	40.81%	1.71%	0.00%
DL4	0.00%	1.76%	34.71%	47.06%	16.47%	0.00%
DL5	-nan%	-nan%	-nan%	-nan%	-nan%	-nan%


Tabela Comparativa das Profundidades - Valores Absolutos (FRAME 57)
	AV1
HEVC	DL0	DL1	DL2	DL3	DL4	DL5
DL1	0	18176	2752	272	48	0
DL2	0	5184	14464	1456	16	0
DL3	0	1696	3776	2704	32	0
DL4	0	32	192	368	32	0
DL5	0	0	0	0	0	0
Tabela Comparativa das Profundidades - Porcentagens (FRAME 57)
	AV1
HEVC	DL0	DL1	DL2	DL3	DL4	DL5
DL1	0.00%	85.54%	12.95%	1.28%	0.23%	0.00%
DL2	0.00%	24.55%	68.48%	6.89%	0.08%	0.00%
DL3	0.00%	20.66%	46.00%	32.94%	0.39%	0.00%
DL4	0.00%	5.13%	30.77%	58.97%	5.13%	0.00%
DL5	-nan%	-nan%	-nan%	-nan%	-nan%	-nan%


Tabela Comparativa das Profundidades - Valores Absolutos (FRAME 58)
	AV1
HEVC	DL0	DL1	DL2	DL3	DL4	DL5
DL1	0	21504	1920	128	0	0
DL2	0	6944	11616	1088	0	0
DL3	0	3024	2496	1984	16	0
DL4	0	48	224	208	0	0
DL5	0	0	0	0	0	0
Tabela Comparativa das Profundidades - Porcentagens (FRAME 58)
	AV1
HEVC	DL0	DL1	DL2	DL3	DL4	DL5
DL1	0.00%	91.30%	8.15%	0.54%	0.00%	0.00%
DL2	0.00%	35.34%	59.12%	5.54%	0.00%	0.00%
DL3	0.00%	40.21%	33.19%	26.38%	0.21%	0.00%
DL4	0.00%	10.00%	46.67%	43.33%	0.00%	0.00%
DL5	-nan%	-nan%	-nan%	-nan%	-nan%	-nan%


Tabela Comparativa das Profundidades - Valores Absolutos (FRAME 59)
	AV1
HEVC	DL0	DL1	DL2	DL3	DL4	DL5
DL1	0	20992	1984	64	0	0
DL2	0	6048	8416	864	32	0
DL3	0	2880	1664	2000	272	0
DL4	0	192	864	1264	3664	0
DL5	0	0	0	0	0	0
Tabela Comparativa das Profundidades - Porcentagens (FRAME 59)
	AV1
HEVC	DL0	DL1	DL2	DL3	DL4	DL5
DL1	0.00%	91.11%	8.61%	0.28%	0.00%	0.00%
DL2	0.00%	39.38%	54.79%	5.62%	0.21%	0.00%
DL3	0.00%	42.25%	24.41%	29.34%	3.99%	0.00%
DL4	0.00%	3.21%	14.44%	21.12%	61.23%	0.00%
DL5	-nan%	-nan%	-nan%	-nan%	-nan%	-nan%


Tabela Comparativa das Profundidades - Valores Absolutos (FRAME 60)
	AV1
HEVC	DL0	DL1	DL2	DL3	DL4	DL5
DL1	0	0	0	0	0	0
DL2	0	64	6000	752	32	0
DL3	0	160	6352	3344	1328	0
DL4	0	32	9488	8880	14768	0
DL5	0	0	0	0	0	0
Tabela Comparativa das Profundidades - Porcentagens (FRAME 60)
	AV1
HEVC	DL0	DL1	DL2	DL3	DL4	DL5
DL1	-nan%	-nan%	-nan%	-nan%	-nan%	-nan%
DL2	0.00%	0.93%	87.62%	10.98%	0.47%	0.00%
DL3	0.00%	1.43%	56.80%	29.90%	11.87%	0.00%
DL4	0.00%	0.10%	28.61%	26.77%	44.52%	0.00%
DL5	-nan%	-nan%	-nan%	-nan%	-nan%	-nan%


Tabela Comparativa das Profundidades - Valores Absolutos (FRAME 61)
	AV1
HEVC	DL0	DL1	DL2	DL3	DL4	DL5
DL1	0	1280	0	0	0	0
DL2	0	640	6592	1344	0	0
DL3	0	304	11168	18592	1072	0
DL4	0	80	2208	6560	1360	0
DL5	0	0	0	0	0	0
Tabela Comparativa das Profundidades - Porcentagens (FRAME 61)
	AV1
HEVC	DL0	DL1	DL2	DL3	DL4	DL5
DL1	0.00%	100.00%	0.00%	0.00%	0.00%	0.00%
DL2	0.00%	7.46%	76.87%	15.67%	0.00%	0.00%
DL3	0.00%	0.98%	35.87%	59.71%	3.44%	0.00%
DL4	0.00%	0.78%	21.63%	64.26%	13.32%	0.00%
DL5	-nan%	-nan%	-nan%	-nan%	-nan%	-nan%


Tabela Comparativa das Profundidades - Valores Absolutos (FRAME 62)
	AV1
HEVC	DL0	DL1	DL2	DL3	DL4	DL5
DL1	0	2816	1216	48	16	0
DL2	0	960	12314	2518	16	0
DL3	0	512	10720	13008	528	0
DL4	0	64	2848	3024	592	0
DL5	0	0	0	0	0	0
Tabela Comparativa das Profundidades - Porcentagens (FRAME 62)
	AV1
HEVC	DL0	DL1	DL2	DL3	DL4	DL5
DL1	0.00%	68.75%	29.69%	1.17%	0.39%	0.00%
DL2	0.00%	6.07%	77.90%	15.93%	0.10%	0.00%
DL3	0.00%	2.07%	43.28%	52.52%	2.13%	0.00%
DL4	0.00%	0.98%	43.63%	46.32%	9.07%	0.00%
DL5	-nan%	-nan%	-nan%	-nan%	-nan%	-nan%


Tabela Comparativa das Profundidades - Valores Absolutos (FRAME 63)
	AV1
HEVC	DL0	DL1	DL2	DL3	DL4	DL5
DL1	0	4608	1536	0	0	0
DL2	0	2360	23120	1912	0	0
DL3	0	720	8416	6528	160	0
DL4	0	176	544	960	160	0
DL5	0	0	0	0	0	0
Tabela Comparativa das Profundidades - Porcentagens (FRAME 63)
	AV1
HEVC	DL0	DL1	DL2	DL3	DL4	DL5
DL1	0.00%	75.00%	25.00%	0.00%	0.00%	0.00%
DL2	0.00%	8.62%	84.40%	6.98%	0.00%	0.00%
DL3	0.00%	4.55%	53.19%	41.25%	1.01%	0.00%
DL4	0.00%	9.57%	29.57%	52.17%	8.70%	0.00%
DL5	-nan%	-nan%	-nan%	-nan%	-nan%	-nan%


Tabela Comparativa das Profundidades - Valores Absolutos (FRAME 64)
	AV1
HEVC	DL0	DL1	DL2	DL3	DL4	DL5
DL1	0	11008	2944	128	0	0
DL2	0	3980	20916	1216	0	0
DL3	0	896	5536	3344	80	0
DL4	0	0	544	416	192	0
DL5	0	0	0	0	0	0
Tabela Comparativa das Profundidades - Porcentagens (FRAME 64)
	AV1
HEVC	DL0	DL1	DL2	DL3	DL4	DL5
DL1	0.00%	78.18%	20.91%	0.91%	0.00%	0.00%
DL2	0.00%	15.24%	80.10%	4.66%	0.00%	0.00%
DL3	0.00%	9.09%	56.17%	33.93%	0.81%	0.00%
DL4	0.00%	0.00%	47.22%	36.11%	16.67%	0.00%
DL5	-nan%	-nan%	-nan%	-nan%	-nan%	-nan%


Tabela Comparativa das Profundidades - Valores Absolutos (FRAME 65)
	AV1
HEVC	DL0	DL1	DL2	DL3	DL4	DL5
DL1	0	19200	1216	64	0	0
DL2	0	7208	13034	1134	0	0
DL3	0	1824	3264	3088	128	0
DL4	0	32	416	544	48	0
DL5	0	0	0	0	0	0
Tabela Comparativa das Profundidades - Porcentagens (FRAME 65)
	AV1
HEVC	DL0	DL1	DL2	DL3	DL4	DL5
DL1	0.00%	93.75%	5.94%	0.31%	0.00%	0.00%
DL2	0.00%	33.72%	60.97%	5.31%	0.00%	0.00%
DL3	0.00%	21.97%	39.31%	37.19%	1.54%	0.00%
DL4	0.00%	3.08%	40.00%	52.31%	4.62%	0.00%
DL5	-nan%	-nan%	-nan%	-nan%	-nan%	-nan%


Tabela Comparativa das Profundidades - Valores Absolutos (FRAME 66)
	AV1
HEVC	DL0	DL1	DL2	DL3	DL4	DL5
DL1	0	25088	2304	256	0	0
DL2	0	3872	10880	1184	0	0
DL3	0	1456	3049	2567	64	0
DL4	0	16	144	224	96	0
DL5	0	0	0	0	0	0
Tabela Comparativa das Profundidades - Porcentagens (FRAME 66)
	AV1
HEVC	DL0	DL1	DL2	DL3	DL4	DL5
DL1	0.00%	90.74%	8.33%	0.93%	0.00%	0.00%
DL2	0.00%	24.30%	68.27%	7.43%	0.00%	0.00%
DL3	0.00%	20.40%	42.73%	35.97%	0.90%	0.00%
DL4	0.00%	3.33%	30.00%	46.67%	20.00%	0.00%
DL5	-nan%	-nan%	-nan%	-nan%	-nan%	-nan%


Tabela Comparativa das Profundidades - Valores Absolutos (FRAME 67)
	AV1
HEVC	DL0	DL1	DL2	DL3	DL4	DL5
DL1	0	8960	1728	64	0	0
DL2	0	3456	18304	2448	48	0
DL3	0	576	5616	7184	400	0
DL4	0	64	720	1184	448	0
DL5	0	0	0	0	0	0
Tabela Comparativa das Profundidades - Porcentagens (FRAME 67)
	AV1
HEVC	DL0	DL1	DL2	DL3	DL4	DL5
DL1	0.00%	83.33%	16.07%	0.60%	0.00%	0.00%
DL2	0.00%	14.25%	75.46%	10.09%	0.20%	0.00%
DL3	0.00%	4.18%	40.77%	52.15%	2.90%	0.00%
DL4	0.00%	2.65%	29.80%	49.01%	18.54%	0.00%
DL5	-nan%	-nan%	-nan%	-nan%	-nan%	-nan%


Tabela Comparativa das Profundidades - Valores Absolutos (FRAME 68)
	AV1
HEVC	DL0	DL1	DL2	DL3	DL4	DL5
DL1	0	20480	2304	256	0	0
DL2	0	5833	12823	1632	0	0
DL3	0	1728	3760	1792	16	0
DL4	0	0	304	256	16	0
DL5	0	0	0	0	0	0
Tabela Comparativa das Profundidades - Porcentagens (FRAME 68)
	AV1
HEVC	DL0	DL1	DL2	DL3	DL4	DL5
DL1	0.00%	88.89%	10.00%	1.11%	0.00%	0.00%
DL2	0.00%	28.75%	63.20%	8.04%	0.00%	0.00%
DL3	0.00%	23.68%	51.54%	24.56%	0.22%	0.00%
DL4	0.00%	0.00%	52.78%	44.44%	2.78%	0.00%
DL5	-nan%	-nan%	-nan%	-nan%	-nan%	-nan%


Tabela Comparativa das Profundidades - Valores Absolutos (FRAME 69)
	AV1
HEVC	DL0	DL1	DL2	DL3	DL4	DL5
DL1	0	23040	2176	128	0	0
DL2	0	5376	12160	1184	32	0
DL3	0	2480	2336	1920	16	0
DL4	0	16	96	160	80	0
DL5	0	0	0	0	0	0
Tabela Comparativa das Profundidades - Porcentagens (FRAME 69)
	AV1
HEVC	DL0	DL1	DL2	DL3	DL4	DL5
DL1	0.00%	90.91%	8.59%	0.51%	0.00%	0.00%
DL2	0.00%	28.67%	64.85%	6.31%	0.17%	0.00%
DL3	0.00%	36.73%	34.60%	28.44%	0.24%	0.00%
DL4	0.00%	4.55%	27.27%	45.45%	22.73%	0.00%
DL5	-nan%	-nan%	-nan%	-nan%	-nan%	-nan%


Tabela Comparativa das Profundidades - Valores Absolutos (FRAME 70)
	AV1
HEVC	DL0	DL1	DL2	DL3	DL4	DL5
DL1	0	17664	1024	0	0	0
DL2	0	3968	11264	1520	16	0
DL3	0	2064	3600	7360	176	0
DL4	0	48	752	1536	208	0
DL5	0	0	0	0	0	0
Tabela Comparativa das Profundidades - Porcentagens (FRAME 70)
	AV1
HEVC	DL0	DL1	DL2	DL3	DL4	DL5
DL1	0.00%	94.52%	5.48%	0.00%	0.00%	0.00%
DL2	0.00%	23.66%	67.18%	9.06%	0.10%	0.00%
DL3	0.00%	15.64%	27.27%	55.76%	1.33%	0.00%
DL4	0.00%	1.89%	29.56%	60.38%	8.18%	0.00%
DL5	-nan%	-nan%	-nan%	-nan%	-nan%	-nan%


Tabela Comparativa das Profundidades - Valores Absolutos (FRAME 71)
	AV1
HEVC	DL0	DL1	DL2	DL3	DL4	DL5
DL1	0	2304	896	128	0	0
DL2	0	448	25320	2136	64	0
DL3	0	64	8304	8512	336	0
DL4	0	0	720	1648	320	0
DL5	0	0	0	0	0	0
Tabela Comparativa das Profundidades - Porcentagens (FRAME 71)
	AV1
HEVC	DL0	DL1	DL2	DL3	DL4	DL5
DL1	0.00%	69.23%	26.92%	3.85%	0.00%	0.00%
DL2	0.00%	1.60%	90.53%	7.64%	0.23%	0.00%
DL3	0.00%	0.37%	48.23%	49.44%	1.95%	0.00%
DL4	0.00%	0.00%	26.79%	61.31%	11.90%	0.00%
DL5	-nan%	-nan%	-nan%	-nan%	-nan%	-nan%


Tabela Comparativa das Profundidades - Valores Absolutos (FRAME 72)
	AV1
HEVC	DL0	DL1	DL2	DL3	DL4	DL5
DL1	0	5888	2176	128	0	0
DL2	0	5257	19793	2118	32	0
DL3	0	1328	6896	5376	160	0
DL4	0	80	720	1040	208	0
DL5	0	0	0	0	0	0
Tabela Comparativa das Profundidades - Porcentagens (FRAME 72)
	AV1
HEVC	DL0	DL1	DL2	DL3	DL4	DL5
DL1	0.00%	71.88%	26.56%	1.56%	0.00%	0.00%
DL2	0.00%	19.33%	72.77%	7.79%	0.12%	0.00%
DL3	0.00%	9.65%	50.12%	39.07%	1.16%	0.00%
DL4	0.00%	3.91%	35.16%	50.78%	10.16%	0.00%
DL5	-nan%	-nan%	-nan%	-nan%	-nan%	-nan%


Tabela Comparativa das Profundidades - Valores Absolutos (FRAME 73)
	AV1
HEVC	DL0	DL1	DL2	DL3	DL4	DL5
DL1	0	23040	1728	320	0	0
DL2	0	5376	12416	1344	64	0
DL3	0	688	2112	3168	48	0
DL4	0	80	384	368	64	0
DL5	0	0	0	0	0	0
Tabela Comparativa das Profundidades - Porcentagens (FRAME 73)
	AV1
HEVC	DL0	DL1	DL2	DL3	DL4	DL5
DL1	0.00%	91.84%	6.89%	1.28%	0.00%	0.00%
DL2	0.00%	28.00%	64.67%	7.00%	0.33%	0.00%
DL3	0.00%	11.44%	35.11%	52.66%	0.80%	0.00%
DL4	0.00%	8.93%	42.86%	41.07%	7.14%	0.00%
DL5	-nan%	-nan%	-nan%	-nan%	-nan%	-nan%


Tabela Comparativa das Profundidades - Valores Absolutos (FRAME 74)
	AV1
HEVC	DL0	DL1	DL2	DL3	DL4	DL5
DL1	0	22272	2176	128	0	0
DL2	0	4800	11808	1296	16	0
DL3	0	1952	2784	3136	16	0
DL4	0	160	256	336	64	0
DL5	0	0	0	0	0	0
Tabela Comparativa das Profundidades - Porcentagens (FRAME 74)
	AV1
HEVC	DL0	DL1	DL2	DL3	DL4	DL5
DL1	0.00%	90.62%	8.85%	0.52%	0.00%	0.00%
DL2	0.00%	26.79%	65.89%	7.23%	0.09%	0.00%
DL3	0.00%	24.75%	35.29%	39.76%	0.20%	0.00%
DL4	0.00%	19.61%	31.37%	41.18%	7.84%	0.00%
DL5	-nan%	-nan%	-nan%	-nan%	-nan%	-nan%


Tabela Comparativa das Profundidades - Valores Absolutos (FRAME 75)
	AV1
HEVC	DL0	DL1	DL2	DL3	DL4	DL5
DL1	0	16640	2048	0	0	0
DL2	0	4038	13594	1040	16	0
DL3	0	1840	4192	6288	96	0
DL4	0	16	352	944	96	0
DL5	0	0	0	0	0	0
Tabela Comparativa das Profundidades - Porcentagens (FRAME 75)
	AV1
HEVC	DL0	DL1	DL2	DL3	DL4	DL5
DL1	0.00%	89.04%	10.96%	0.00%	0.00%	0.00%
DL2	0.00%	21.61%	72.74%	5.57%	0.09%	0.00%
DL3	0.00%	14.82%	33.76%	50.64%	0.77%	0.00%
DL4	0.00%	1.14%	25.00%	67.05%	6.82%	0.00%
DL5	-nan%	-nan%	-nan%	-nan%	-nan%	-nan%


Tabela Comparativa das Profundidades - Valores Absolutos (FRAME 76)
	AV1
HEVC	DL0	DL1	DL2	DL3	DL4	DL5
DL1	0	8704	1984	64	0	0
DL2	0	1984	25160	1752	32	0
DL3	0	64	7216	2992	112	0
DL4	0	0	528	400	208	0
DL5	0	0	0	0	0	0
Tabela Comparativa das Profundidades - Porcentagens (FRAME 76)
	AV1
HEVC	DL0	DL1	DL2	DL3	DL4	DL5
DL1	0.00%	80.95%	18.45%	0.60%	0.00%	0.00%
DL2	0.00%	6.86%	86.97%	6.06%	0.11%	0.00%
DL3	0.00%	0.62%	69.49%	28.81%	1.08%	0.00%
DL4	0.00%	0.00%	46.48%	35.21%	18.31%	0.00%
DL5	-nan%	-nan%	-nan%	-nan%	-nan%	-nan%


