Tabela Comparativa das Profundidades - Valores Absolutos (FRAME  1)
	AV1
HEVC	DL0	DL1	DL2	DL3	DL4	DL5
DL1	0	51456	11328	3424	352	0
DL2	0	16768	156032	30336	7808	0
DL3	0	5072	37888	91488	17344	0
DL4	0	2480	20096	29808	42608	0
DL5	0	0	0	0	0	0
Tabela Comparativa das Profundidades - Porcentagens (FRAME  1)
	AV1
HEVC	DL0	DL1	DL2	DL3	DL4	DL5
DL1	0.00%	77.31%	17.02%	5.14%	0.53%	0.00%
DL2	0.00%	7.95%	73.97%	14.38%	3.70%	0.00%
DL3	0.00%	3.34%	24.96%	60.27%	11.43%	0.00%
DL4	0.00%	2.61%	21.16%	31.38%	44.85%	0.00%
DL5	-nan%	-nan%	-nan%	-nan%	-nan%	-nan%


Tabela Comparativa das Profundidades - Valores Absolutos (FRAME  2)
	AV1
HEVC	DL0	DL1	DL2	DL3	DL4	DL5
DL1	0	96256	16184	852	116	0
DL2	0	33100	190504	11848	1092	0
DL3	0	9876	84654	38840	2310	0
DL4	0	2432	20060	12672	3492	0
DL5	0	0	0	0	0	0
Tabela Comparativa das Profundidades - Porcentagens (FRAME  2)
	AV1
HEVC	DL0	DL1	DL2	DL3	DL4	DL5
DL1	0.00%	84.88%	14.27%	0.75%	0.10%	0.00%
DL2	0.00%	13.99%	80.54%	5.01%	0.46%	0.00%
DL3	0.00%	7.28%	62.39%	28.63%	1.70%	0.00%
DL4	0.00%	6.29%	51.89%	32.78%	9.03%	0.00%
DL5	-nan%	-nan%	-nan%	-nan%	-nan%	-nan%


Tabela Comparativa das Profundidades - Valores Absolutos (FRAME  3)
	AV1
HEVC	DL0	DL1	DL2	DL3	DL4	DL5
DL1	0	102144	22336	944	16	0
DL2	0	38400	206304	11232	448	0
DL3	0	11328	73724	32388	1312	0
DL4	0	1616	11712	8112	2272	0
DL5	0	0	0	0	0	0
Tabela Comparativa das Profundidades - Porcentagens (FRAME  3)
	AV1
HEVC	DL0	DL1	DL2	DL3	DL4	DL5
DL1	0.00%	81.43%	17.81%	0.75%	0.01%	0.00%
DL2	0.00%	14.98%	80.47%	4.38%	0.17%	0.00%
DL3	0.00%	9.54%	62.08%	27.27%	1.10%	0.00%
DL4	0.00%	6.82%	49.39%	34.21%	9.58%	0.00%
DL5	-nan%	-nan%	-nan%	-nan%	-nan%	-nan%


Tabela Comparativa das Profundidades - Valores Absolutos (FRAME  4)
	AV1
HEVC	DL0	DL1	DL2	DL3	DL4	DL5
DL1	0	154880	23808	1024	0	0
DL2	0	40702	185186	7296	224	0
DL3	0	11824	51456	26496	752	0
DL4	0	1456	9328	7504	2352	0
DL5	0	0	0	0	0	0
Tabela Comparativa das Profundidades - Porcentagens (FRAME  4)
	AV1
HEVC	DL0	DL1	DL2	DL3	DL4	DL5
DL1	0.00%	86.18%	13.25%	0.57%	0.00%	0.00%
DL2	0.00%	17.44%	79.34%	3.13%	0.10%	0.00%
DL3	0.00%	13.06%	56.84%	29.27%	0.83%	0.00%
DL4	0.00%	7.05%	45.19%	36.36%	11.40%	0.00%
DL5	-nan%	-nan%	-nan%	-nan%	-nan%	-nan%


Tabela Comparativa das Profundidades - Valores Absolutos (FRAME  5)
	AV1
HEVC	DL0	DL1	DL2	DL3	DL4	DL5
DL1	0	203776	26880	1024	0	0
DL2	0	49088	155376	8992	368	0
DL3	0	9800	32200	22176	624	0
DL4	0	1232	5840	5632	1280	0
DL5	0	0	0	0	0	0
Tabela Comparativa das Profundidades - Porcentagens (FRAME  5)
	AV1
HEVC	DL0	DL1	DL2	DL3	DL4	DL5
DL1	0.00%	87.96%	11.60%	0.44%	0.00%	0.00%
DL2	0.00%	22.96%	72.67%	4.21%	0.17%	0.00%
DL3	0.00%	15.12%	49.69%	34.22%	0.96%	0.00%
DL4	0.00%	8.81%	41.76%	40.27%	9.15%	0.00%
DL5	-nan%	-nan%	-nan%	-nan%	-nan%	-nan%


Tabela Comparativa das Profundidades - Valores Absolutos (FRAME  6)
	AV1
HEVC	DL0	DL1	DL2	DL3	DL4	DL5
DL1	0	292352	24320	720	48	0
DL2	0	51384	97864	4944	368	0
DL3	0	13504	16992	12752	432	0
DL4	0	1728	3360	2768	752	0
DL5	0	0	0	0	0	0
Tabela Comparativa das Profundidades - Porcentagens (FRAME  6)
	AV1
HEVC	DL0	DL1	DL2	DL3	DL4	DL5
DL1	0.00%	92.10%	7.66%	0.23%	0.02%	0.00%
DL2	0.00%	33.25%	63.32%	3.20%	0.24%	0.00%
DL3	0.00%	30.92%	38.90%	29.19%	0.99%	0.00%
DL4	0.00%	20.07%	39.03%	32.16%	8.74%	0.00%
DL5	-nan%	-nan%	-nan%	-nan%	-nan%	-nan%


Tabela Comparativa das Profundidades - Valores Absolutos (FRAME  7)
	AV1
HEVC	DL0	DL1	DL2	DL3	DL4	DL5
DL1	0	332544	16864	800	0	0
DL2	0	40776	75272	6576	192	0
DL3	0	12928	17104	12352	432	0
DL4	0	1632	3568	2752	496	0
DL5	0	0	0	0	0	0
Tabela Comparativa das Profundidades - Porcentagens (FRAME  7)
	AV1
HEVC	DL0	DL1	DL2	DL3	DL4	DL5
DL1	0.00%	94.96%	4.82%	0.23%	0.00%	0.00%
DL2	0.00%	33.20%	61.29%	5.35%	0.16%	0.00%
DL3	0.00%	30.19%	39.95%	28.85%	1.01%	0.00%
DL4	0.00%	19.32%	42.23%	32.58%	5.87%	0.00%
DL5	-nan%	-nan%	-nan%	-nan%	-nan%	-nan%


Tabela Comparativa das Profundidades - Valores Absolutos (FRAME  8)
	AV1
HEVC	DL0	DL1	DL2	DL3	DL4	DL5
DL1	0	301568	21440	784	48	0
DL2	0	38000	94528	5264	320	0
DL3	0	13736	18840	16752	528	0
DL4	0	1552	5104	4352	1472	0
DL5	0	0	0	0	0	0
Tabela Comparativa das Profundidades - Porcentagens (FRAME  8)
	AV1
HEVC	DL0	DL1	DL2	DL3	DL4	DL5
DL1	0.00%	93.12%	6.62%	0.24%	0.01%	0.00%
DL2	0.00%	27.51%	68.44%	3.81%	0.23%	0.00%
DL3	0.00%	27.55%	37.79%	33.60%	1.06%	0.00%
DL4	0.00%	12.44%	40.90%	34.87%	11.79%	0.00%
DL5	-nan%	-nan%	-nan%	-nan%	-nan%	-nan%


Tabela Comparativa das Profundidades - Valores Absolutos (FRAME  9)
	AV1
HEVC	DL0	DL1	DL2	DL3	DL4	DL5
DL1	0	282112	24192	864	32	0
DL2	0	46144	113004	5620	160	0
DL3	0	12784	17680	12224	432	0
DL4	0	1024	4176	3216	624	0
DL5	0	0	0	0	0	0
Tabela Comparativa das Profundidades - Porcentagens (FRAME  9)
	AV1
HEVC	DL0	DL1	DL2	DL3	DL4	DL5
DL1	0.00%	91.83%	7.87%	0.28%	0.01%	0.00%
DL2	0.00%	27.98%	68.52%	3.41%	0.10%	0.00%
DL3	0.00%	29.65%	41.00%	28.35%	1.00%	0.00%
DL4	0.00%	11.33%	46.19%	35.58%	6.90%	0.00%
DL5	-nan%	-nan%	-nan%	-nan%	-nan%	-nan%


Tabela Comparativa das Profundidades - Valores Absolutos (FRAME 10)
	AV1
HEVC	DL0	DL1	DL2	DL3	DL4	DL5
DL1	0	335872	18368	560	16	0
DL2	0	38696	80984	4064	224	0
DL3	0	10808	15880	10608	272	0
DL4	0	896	3232	3120	688	0
DL5	0	0	0	0	0	0
Tabela Comparativa das Profundidades - Porcentagens (FRAME 10)
	AV1
HEVC	DL0	DL1	DL2	DL3	DL4	DL5
DL1	0.00%	94.66%	5.18%	0.16%	0.00%	0.00%
DL2	0.00%	31.21%	65.33%	3.28%	0.18%	0.00%
DL3	0.00%	28.77%	42.27%	28.24%	0.72%	0.00%
DL4	0.00%	11.29%	40.73%	39.31%	8.67%	0.00%
DL5	-nan%	-nan%	-nan%	-nan%	-nan%	-nan%


Tabela Comparativa das Profundidades - Valores Absolutos (FRAME 11)
	AV1
HEVC	DL0	DL1	DL2	DL3	DL4	DL5
DL1	0	309248	15296	576	0	0
DL2	0	39800	86824	6272	288	0
DL3	0	14528	21136	16224	896	0
DL4	0	2144	5424	4112	1520	0
DL5	0	0	0	0	0	0
Tabela Comparativa das Profundidades - Porcentagens (FRAME 11)
	AV1
HEVC	DL0	DL1	DL2	DL3	DL4	DL5
DL1	0.00%	95.12%	4.70%	0.18%	0.00%	0.00%
DL2	0.00%	29.88%	65.19%	4.71%	0.22%	0.00%
DL3	0.00%	27.52%	40.04%	30.74%	1.70%	0.00%
DL4	0.00%	16.24%	41.09%	31.15%	11.52%	0.00%
DL5	-nan%	-nan%	-nan%	-nan%	-nan%	-nan%


Tabela Comparativa das Profundidades - Valores Absolutos (FRAME 12)
	AV1
HEVC	DL0	DL1	DL2	DL3	DL4	DL5
DL1	0	192768	27744	640	32	0
DL2	0	57712	152608	5968	416	0
DL3	0	11728	33888	23632	1072	0
DL4	0	1488	6912	5920	1760	0
DL5	0	0	0	0	0	0
Tabela Comparativa das Profundidades - Porcentagens (FRAME 12)
	AV1
HEVC	DL0	DL1	DL2	DL3	DL4	DL5
DL1	0.00%	87.15%	12.54%	0.29%	0.01%	0.00%
DL2	0.00%	26.63%	70.42%	2.75%	0.19%	0.00%
DL3	0.00%	16.68%	48.19%	33.61%	1.52%	0.00%
DL4	0.00%	9.25%	42.99%	36.82%	10.95%	0.00%
DL5	-nan%	-nan%	-nan%	-nan%	-nan%	-nan%


Tabela Comparativa das Profundidades - Valores Absolutos (FRAME 13)
	AV1
HEVC	DL0	DL1	DL2	DL3	DL4	DL5
DL1	0	274688	23680	640	0	0
DL2	0	47928	110984	5616	272	0
DL3	0	12720	21424	14416	912	0
DL4	0	1296	3920	3808	1984	0
DL5	0	0	0	0	0	0
Tabela Comparativa das Profundidades - Porcentagens (FRAME 13)
	AV1
HEVC	DL0	DL1	DL2	DL3	DL4	DL5
DL1	0.00%	91.87%	7.92%	0.21%	0.00%	0.00%
DL2	0.00%	29.08%	67.34%	3.41%	0.17%	0.00%
DL3	0.00%	25.71%	43.31%	29.14%	1.84%	0.00%
DL4	0.00%	11.77%	35.61%	34.59%	18.02%	0.00%
DL5	-nan%	-nan%	-nan%	-nan%	-nan%	-nan%


Tabela Comparativa das Profundidades - Valores Absolutos (FRAME 14)
	AV1
HEVC	DL0	DL1	DL2	DL3	DL4	DL5
DL1	0	345344	15936	944	16	0
DL2	0	40104	70984	4000	240	0
DL3	0	13088	14352	10608	672	0
DL4	0	1440	3312	2496	752	0
DL5	0	0	0	0	0	0
Tabela Comparativa das Profundidades - Porcentagens (FRAME 14)
	AV1
HEVC	DL0	DL1	DL2	DL3	DL4	DL5
DL1	0.00%	95.34%	4.40%	0.26%	0.00%	0.00%
DL2	0.00%	34.77%	61.55%	3.47%	0.21%	0.00%
DL3	0.00%	33.80%	37.07%	27.40%	1.74%	0.00%
DL4	0.00%	18.00%	41.40%	31.20%	9.40%	0.00%
DL5	-nan%	-nan%	-nan%	-nan%	-nan%	-nan%


Tabela Comparativa das Profundidades - Valores Absolutos (FRAME 15)
	AV1
HEVC	DL0	DL1	DL2	DL3	DL4	DL5
DL1	0	337152	18752	448	0	0
DL2	0	32552	77400	4416	64	0
DL3	0	13792	15840	13984	528	0
DL4	0	1760	3744	2976	880	0
DL5	0	0	0	0	0	0
Tabela Comparativa das Profundidades - Porcentagens (FRAME 15)
	AV1
HEVC	DL0	DL1	DL2	DL3	DL4	DL5
DL1	0.00%	94.61%	5.26%	0.13%	0.00%	0.00%
DL2	0.00%	28.45%	67.64%	3.86%	0.06%	0.00%
DL3	0.00%	31.24%	35.88%	31.68%	1.20%	0.00%
DL4	0.00%	18.80%	40.00%	31.79%	9.40%	0.00%
DL5	-nan%	-nan%	-nan%	-nan%	-nan%	-nan%


Tabela Comparativa das Profundidades - Valores Absolutos (FRAME 16)
	AV1
HEVC	DL0	DL1	DL2	DL3	DL4	DL5
DL1	0	248960	24384	1296	48	0
DL2	0	44640	126272	6176	320	0
DL3	0	13528	24952	19856	752	0
DL4	0	1600	4688	4736	2080	0
DL5	0	0	0	0	0	0
Tabela Comparativa das Profundidades - Porcentagens (FRAME 16)
	AV1
HEVC	DL0	DL1	DL2	DL3	DL4	DL5
DL1	0.00%	90.63%	8.88%	0.47%	0.02%	0.00%
DL2	0.00%	25.16%	71.18%	3.48%	0.18%	0.00%
DL3	0.00%	22.89%	42.23%	33.60%	1.27%	0.00%
DL4	0.00%	12.21%	35.78%	36.14%	15.87%	0.00%
DL5	-nan%	-nan%	-nan%	-nan%	-nan%	-nan%


Tabela Comparativa das Profundidades - Valores Absolutos (FRAME 17)
	AV1
HEVC	DL0	DL1	DL2	DL3	DL4	DL5
DL1	0	329472	19840	1120	32	0
DL2	0	37296	80272	5296	144	0
DL3	0	12920	16552	12192	528	0
DL4	0	1152	3744	2896	832	0
DL5	0	0	0	0	0	0
Tabela Comparativa das Profundidades - Porcentagens (FRAME 17)
	AV1
HEVC	DL0	DL1	DL2	DL3	DL4	DL5
DL1	0.00%	94.01%	5.66%	0.32%	0.01%	0.00%
DL2	0.00%	30.32%	65.26%	4.31%	0.12%	0.00%
DL3	0.00%	30.62%	39.23%	28.90%	1.25%	0.00%
DL4	0.00%	13.36%	43.41%	33.58%	9.65%	0.00%
DL5	-nan%	-nan%	-nan%	-nan%	-nan%	-nan%


Tabela Comparativa das Profundidades - Valores Absolutos (FRAME 18)
	AV1
HEVC	DL0	DL1	DL2	DL3	DL4	DL5
DL1	0	338176	20672	800	32	0
DL2	0	31488	83200	6800	176	0
DL3	0	5328	13376	14848	768	0
DL4	0	1328	3200	2960	1136	0
DL5	0	0	0	0	0	0
Tabela Comparativa das Profundidades - Porcentagens (FRAME 18)
	AV1
HEVC	DL0	DL1	DL2	DL3	DL4	DL5
DL1	0.00%	94.02%	5.75%	0.22%	0.01%	0.00%
DL2	0.00%	25.88%	68.39%	5.59%	0.14%	0.00%
DL3	0.00%	15.52%	38.97%	43.26%	2.24%	0.00%
DL4	0.00%	15.40%	37.11%	34.32%	13.17%	0.00%
DL5	-nan%	-nan%	-nan%	-nan%	-nan%	-nan%


Tabela Comparativa das Profundidades - Valores Absolutos (FRAME 19)
	AV1
HEVC	DL0	DL1	DL2	DL3	DL4	DL5
DL1	0	63488	13952	832	64	0
DL2	0	24920	171672	8960	976	0
DL3	0	13584	86976	45264	2464	0
DL4	0	3056	46208	32032	9840	0
DL5	0	0	0	0	0	0
Tabela Comparativa das Profundidades - Porcentagens (FRAME 19)
	AV1
HEVC	DL0	DL1	DL2	DL3	DL4	DL5
DL1	0.00%	81.05%	17.81%	1.06%	0.08%	0.00%
DL2	0.00%	12.07%	83.12%	4.34%	0.47%	0.00%
DL3	0.00%	9.16%	58.65%	30.52%	1.66%	0.00%
DL4	0.00%	3.35%	50.70%	35.15%	10.80%	0.00%
DL5	-nan%	-nan%	-nan%	-nan%	-nan%	-nan%


Tabela Comparativa das Profundidades - Valores Absolutos (FRAME 20)
	AV1
HEVC	DL0	DL1	DL2	DL3	DL4	DL5
DL1	0	110592	23680	1136	16	0
DL2	0	36416	201392	10992	480	0
DL3	0	9488	67108	34348	1216	0
DL4	0	1200	14592	9664	1968	0
DL5	0	0	0	0	0	0
Tabela Comparativa das Profundidades - Porcentagens (FRAME 20)
	AV1
HEVC	DL0	DL1	DL2	DL3	DL4	DL5
DL1	0.00%	81.66%	17.49%	0.84%	0.01%	0.00%
DL2	0.00%	14.61%	80.79%	4.41%	0.19%	0.00%
DL3	0.00%	8.46%	59.83%	30.62%	1.08%	0.00%
DL4	0.00%	4.38%	53.21%	35.24%	7.18%	0.00%
DL5	-nan%	-nan%	-nan%	-nan%	-nan%	-nan%


Tabela Comparativa das Profundidades - Valores Absolutos (FRAME 21)
	AV1
HEVC	DL0	DL1	DL2	DL3	DL4	DL5
DL1	0	167168	27712	1280	192	0
DL2	0	50240	161600	8704	512	0
DL3	0	13368	44936	27072	1328	0
DL4	0	1952	8224	7408	2592	0
DL5	0	0	0	0	0	0
Tabela Comparativa das Profundidades - Porcentagens (FRAME 21)
	AV1
HEVC	DL0	DL1	DL2	DL3	DL4	DL5
DL1	0.00%	85.14%	14.11%	0.65%	0.10%	0.00%
DL2	0.00%	22.73%	73.10%	3.94%	0.23%	0.00%
DL3	0.00%	15.42%	51.83%	31.22%	1.53%	0.00%
DL4	0.00%	9.67%	40.76%	36.72%	12.85%	0.00%
DL5	-nan%	-nan%	-nan%	-nan%	-nan%	-nan%


Tabela Comparativa das Profundidades - Valores Absolutos (FRAME 22)
	AV1
HEVC	DL0	DL1	DL2	DL3	DL4	DL5
DL1	0	202752	25472	864	32	0
DL2	0	43832	157896	7456	224	0
DL3	0	10416	35104	23664	768	0
DL4	0	1712	6576	5888	1632	0
DL5	0	0	0	0	0	0
Tabela Comparativa das Profundidades - Porcentagens (FRAME 22)
	AV1
HEVC	DL0	DL1	DL2	DL3	DL4	DL5
DL1	0.00%	88.49%	11.12%	0.38%	0.01%	0.00%
DL2	0.00%	20.93%	75.40%	3.56%	0.11%	0.00%
DL3	0.00%	14.89%	50.18%	33.83%	1.10%	0.00%
DL4	0.00%	10.83%	41.60%	37.25%	10.32%	0.00%
DL5	-nan%	-nan%	-nan%	-nan%	-nan%	-nan%


Tabela Comparativa das Profundidades - Valores Absolutos (FRAME 23)
	AV1
HEVC	DL0	DL1	DL2	DL3	DL4	DL5
DL1	0	289024	22592	704	0	0
DL2	0	47808	99744	5808	304	0
DL3	0	13088	21344	13328	704	0
DL4	0	1632	3600	3600	1008	0
DL5	0	0	0	0	0	0
Tabela Comparativa das Profundidades - Porcentagens (FRAME 23)
	AV1
HEVC	DL0	DL1	DL2	DL3	DL4	DL5
DL1	0.00%	92.54%	7.23%	0.23%	0.00%	0.00%
DL2	0.00%	31.11%	64.91%	3.78%	0.20%	0.00%
DL3	0.00%	27.01%	44.04%	27.50%	1.45%	0.00%
DL4	0.00%	16.59%	36.59%	36.59%	10.24%	0.00%
DL5	-nan%	-nan%	-nan%	-nan%	-nan%	-nan%


Tabela Comparativa das Profundidades - Valores Absolutos (FRAME 24)
	AV1
HEVC	DL0	DL1	DL2	DL3	DL4	DL5
DL1	0	326912	16128	496	16	0
DL2	0	40048	87632	4400	80	0
DL3	0	13008	17232	10560	352	0
DL4	0	1008	3504	2464	448	0
DL5	0	0	0	0	0	0
Tabela Comparativa das Profundidades - Porcentagens (FRAME 24)
	AV1
HEVC	DL0	DL1	DL2	DL3	DL4	DL5
DL1	0.00%	95.16%	4.69%	0.14%	0.00%	0.00%
DL2	0.00%	30.30%	66.31%	3.33%	0.06%	0.00%
DL3	0.00%	31.61%	41.87%	25.66%	0.86%	0.00%
DL4	0.00%	13.58%	47.20%	33.19%	6.03%	0.00%
DL5	-nan%	-nan%	-nan%	-nan%	-nan%	-nan%


Tabela Comparativa das Profundidades - Valores Absolutos (FRAME 25)
	AV1
HEVC	DL0	DL1	DL2	DL3	DL4	DL5
DL1	0	300288	19392	544	32	0
DL2	0	36856	91912	6544	304	0
DL3	0	13688	21336	18544	864	0
DL4	0	1600	5424	5136	1824	0
DL5	0	0	0	0	0	0
Tabela Comparativa das Profundidades - Porcentagens (FRAME 25)
	AV1
HEVC	DL0	DL1	DL2	DL3	DL4	DL5
DL1	0.00%	93.76%	6.06%	0.17%	0.01%	0.00%
DL2	0.00%	27.18%	67.77%	4.83%	0.22%	0.00%
DL3	0.00%	25.15%	39.20%	34.07%	1.59%	0.00%
DL4	0.00%	11.44%	38.79%	36.73%	13.04%	0.00%
DL5	-nan%	-nan%	-nan%	-nan%	-nan%	-nan%


Tabela Comparativa das Profundidades - Valores Absolutos (FRAME 26)
	AV1
HEVC	DL0	DL1	DL2	DL3	DL4	DL5
DL1	0	282368	21184	1296	48	0
DL2	0	45808	113808	5184	192	0
DL3	0	13168	19216	13616	384	0
DL4	0	1328	3248	2800	640	0
DL5	0	0	0	0	0	0
Tabela Comparativa das Profundidades - Porcentagens (FRAME 26)
	AV1
HEVC	DL0	DL1	DL2	DL3	DL4	DL5
DL1	0.00%	92.61%	6.95%	0.43%	0.02%	0.00%
DL2	0.00%	27.76%	68.98%	3.14%	0.12%	0.00%
DL3	0.00%	28.39%	41.43%	29.35%	0.83%	0.00%
DL4	0.00%	16.57%	40.52%	34.93%	7.98%	0.00%
DL5	-nan%	-nan%	-nan%	-nan%	-nan%	-nan%


Tabela Comparativa das Profundidades - Valores Absolutos (FRAME 27)
	AV1
HEVC	DL0	DL1	DL2	DL3	DL4	DL5
DL1	256	337408	20224	768	0	0
DL2	384	36032	77184	5120	128	0
DL3	128	11125	15483	11872	560	0
DL4	0	976	3456	2496	688	0
DL5	0	0	0	0	0	0
Tabela Comparativa das Profundidades - Porcentagens (FRAME 27)
	AV1
HEVC	DL0	DL1	DL2	DL3	DL4	DL5
DL1	0.07%	94.08%	5.64%	0.21%	0.00%	0.00%
DL2	0.32%	30.32%	64.94%	4.31%	0.11%	0.00%
DL3	0.33%	28.40%	39.53%	30.31%	1.43%	0.00%
DL4	0.00%	12.82%	45.38%	32.77%	9.03%	0.00%
DL5	-nan%	-nan%	-nan%	-nan%	-nan%	-nan%


Tabela Comparativa das Profundidades - Valores Absolutos (FRAME 28)
	AV1
HEVC	DL0	DL1	DL2	DL3	DL4	DL5
DL1	0	298752	18944	1184	96	0
DL2	0	41792	88512	6704	144	0
DL3	0	14384	20816	18368	1264	0
DL4	0	1328	5360	4688	1952	0
DL5	0	0	0	0	0	0
Tabela Comparativa das Profundidades - Porcentagens (FRAME 28)
	AV1
HEVC	DL0	DL1	DL2	DL3	DL4	DL5
DL1	0.00%	93.66%	5.94%	0.37%	0.03%	0.00%
DL2	0.00%	30.47%	64.54%	4.89%	0.10%	0.00%
DL3	0.00%	26.23%	37.96%	33.50%	2.31%	0.00%
DL4	0.00%	9.96%	40.22%	35.17%	14.65%	0.00%
DL5	-nan%	-nan%	-nan%	-nan%	-nan%	-nan%


Tabela Comparativa das Profundidades - Valores Absolutos (FRAME 29)
	AV1
HEVC	DL0	DL1	DL2	DL3	DL4	DL5
DL1	0	192512	26304	1088	0	0
DL2	0	49344	153100	9396	384	0
DL3	0	11848	35384	26464	1600	0
DL4	0	1584	5632	7424	2224	0
DL5	0	0	0	0	0	0
Tabela Comparativa das Profundidades - Porcentagens (FRAME 29)
	AV1
HEVC	DL0	DL1	DL2	DL3	DL4	DL5
DL1	0.00%	87.54%	11.96%	0.49%	0.00%	0.00%
DL2	0.00%	23.25%	72.14%	4.43%	0.18%	0.00%
DL3	0.00%	15.74%	46.99%	35.15%	2.12%	0.00%
DL4	0.00%	9.39%	33.40%	44.02%	13.19%	0.00%
DL5	-nan%	-nan%	-nan%	-nan%	-nan%	-nan%


Tabela Comparativa das Profundidades - Valores Absolutos (FRAME 30)
	AV1
HEVC	DL0	DL1	DL2	DL3	DL4	DL5
DL1	0	269568	22688	1056	64	0
DL2	0	46584	113144	6352	384	0
DL3	0	12400	22208	17296	896	0
DL4	0	1264	4480	4064	1840	0
DL5	0	0	0	0	0	0
Tabela Comparativa das Profundidades - Porcentagens (FRAME 30)
	AV1
HEVC	DL0	DL1	DL2	DL3	DL4	DL5
DL1	0.00%	91.88%	7.73%	0.36%	0.02%	0.00%
DL2	0.00%	27.98%	67.97%	3.82%	0.23%	0.00%
DL3	0.00%	23.48%	42.06%	32.76%	1.70%	0.00%
DL4	0.00%	10.85%	38.46%	34.89%	15.80%	0.00%
DL5	-nan%	-nan%	-nan%	-nan%	-nan%	-nan%


Tabela Comparativa das Profundidades - Valores Absolutos (FRAME 31)
	AV1
HEVC	DL0	DL1	DL2	DL3	DL4	DL5
DL1	0	319488	22464	816	16	0
DL2	0	40952	87304	4032	448	0
DL3	0	12832	16480	10976	432	0
DL4	0	864	3424	2944	816	0
DL5	0	0	0	0	0	0
Tabela Comparativa das Profundidades - Porcentagens (FRAME 31)
	AV1
HEVC	DL0	DL1	DL2	DL3	DL4	DL5
DL1	0.00%	93.20%	6.55%	0.24%	0.00%	0.00%
DL2	0.00%	30.85%	65.77%	3.04%	0.34%	0.00%
DL3	0.00%	31.51%	40.47%	26.95%	1.06%	0.00%
DL4	0.00%	10.74%	42.54%	36.58%	10.14%	0.00%
DL5	-nan%	-nan%	-nan%	-nan%	-nan%	-nan%


Tabela Comparativa das Profundidades - Valores Absolutos (FRAME 32)
	AV1
HEVC	DL0	DL1	DL2	DL3	DL4	DL5
DL1	0	319968	21440	1616	16	0
DL2	0	37864	84184	5440	192	0
DL3	0	13424	17504	14096	352	0
DL4	0	1232	3232	2848	880	0
DL5	0	0	0	0	0	0
Tabela Comparativa das Profundidades - Porcentagens (FRAME 32)
	AV1
HEVC	DL0	DL1	DL2	DL3	DL4	DL5
DL1	0.00%	93.27%	6.25%	0.47%	0.00%	0.00%
DL2	0.00%	29.66%	65.93%	4.26%	0.15%	0.00%
DL3	0.00%	29.58%	38.58%	31.06%	0.78%	0.00%
DL4	0.00%	15.04%	39.45%	34.77%	10.74%	0.00%
DL5	-nan%	-nan%	-nan%	-nan%	-nan%	-nan%


Tabela Comparativa das Profundidades - Valores Absolutos (FRAME 33)
	AV1
HEVC	DL0	DL1	DL2	DL3	DL4	DL5
DL1	256	240128	23936	1104	48	0
DL2	384	44348	129988	7328	288	0
DL3	128	11664	26864	23296	624	0
DL4	0	1360	4688	5664	2192	0
DL5	0	0	0	0	0	0
Tabela Comparativa das Profundidades - Porcentagens (FRAME 33)
	AV1
HEVC	DL0	DL1	DL2	DL3	DL4	DL5
DL1	0.10%	90.45%	9.02%	0.42%	0.02%	0.00%
DL2	0.21%	24.32%	71.29%	4.02%	0.16%	0.00%
DL3	0.20%	18.64%	42.93%	37.23%	1.00%	0.00%
DL4	0.00%	9.78%	33.72%	40.74%	15.77%	0.00%
DL5	-nan%	-nan%	-nan%	-nan%	-nan%	-nan%


Tabela Comparativa das Profundidades - Valores Absolutos (FRAME 34)
	AV1
HEVC	DL0	DL1	DL2	DL3	DL4	DL5
DL1	0	330240	19776	1680	48	0
DL2	0	33916	81588	6000	352	0
DL3	0	11488	17184	12848	416	0
DL4	0	896	4032	3008	816	0
DL5	0	0	0	0	0	0
Tabela Comparativa das Profundidades - Porcentagens (FRAME 34)
	AV1
HEVC	DL0	DL1	DL2	DL3	DL4	DL5
DL1	0.00%	93.89%	5.62%	0.48%	0.01%	0.00%
DL2	0.00%	27.83%	66.95%	4.92%	0.29%	0.00%
DL3	0.00%	27.39%	40.98%	30.64%	0.99%	0.00%
DL4	0.00%	10.24%	46.07%	34.37%	9.32%	0.00%
DL5	-nan%	-nan%	-nan%	-nan%	-nan%	-nan%


Tabela Comparativa das Profundidades - Valores Absolutos (FRAME 35)
	AV1
HEVC	DL0	DL1	DL2	DL3	DL4	DL5
DL1	0	316928	20416	768	64	0
DL2	0	33920	95360	7600	272	0
DL3	0	5392	17056	16960	528	0
DL4	0	1136	3616	3008	1264	0
DL5	0	0	0	0	0	0
Tabela Comparativa das Profundidades - Porcentagens (FRAME 35)
	AV1
HEVC	DL0	DL1	DL2	DL3	DL4	DL5
DL1	0.00%	93.72%	6.04%	0.23%	0.02%	0.00%
DL2	0.00%	24.73%	69.53%	5.54%	0.20%	0.00%
DL3	0.00%	13.50%	42.71%	42.47%	1.32%	0.00%
DL4	0.00%	12.59%	40.07%	33.33%	14.01%	0.00%
DL5	-nan%	-nan%	-nan%	-nan%	-nan%	-nan%


Tabela Comparativa das Profundidades - Valores Absolutos (FRAME 36)
	AV1
HEVC	DL0	DL1	DL2	DL3	DL4	DL5
DL1	0	103424	19776	960	0	0
DL2	0	35296	189088	11440	400	0
DL3	0	15896	73272	38608	1792	0
DL4	0	2272	15056	13536	3472	0
DL5	0	0	0	0	0	0
Tabela Comparativa das Profundidades - Porcentagens (FRAME 36)
	AV1
HEVC	DL0	DL1	DL2	DL3	DL4	DL5
DL1	0.00%	83.30%	15.93%	0.77%	0.00%	0.00%
DL2	0.00%	14.94%	80.05%	4.84%	0.17%	0.00%
DL3	0.00%	12.27%	56.55%	29.80%	1.38%	0.00%
DL4	0.00%	6.62%	43.85%	39.42%	10.11%	0.00%
DL5	-nan%	-nan%	-nan%	-nan%	-nan%	-nan%


Tabela Comparativa das Profundidades - Valores Absolutos (FRAME 37)
	AV1
HEVC	DL0	DL1	DL2	DL3	DL4	DL5
DL1	0	96256	23808	1024	0	0
DL2	0	29944	216191	12457	224	0
DL3	0	8032	73782	37626	1616	0
DL4	0	1024	10512	9632	2160	0
DL5	0	0	0	0	0	0
Tabela Comparativa das Profundidades - Porcentagens (FRAME 37)
	AV1
HEVC	DL0	DL1	DL2	DL3	DL4	DL5
DL1	0.00%	79.49%	19.66%	0.85%	0.00%	0.00%
DL2	0.00%	11.57%	83.53%	4.81%	0.09%	0.00%
DL3	0.00%	6.63%	60.95%	31.08%	1.33%	0.00%
DL4	0.00%	4.39%	45.06%	41.29%	9.26%	0.00%
DL5	-nan%	-nan%	-nan%	-nan%	-nan%	-nan%


Tabela Comparativa das Profundidades - Valores Absolutos (FRAME 38)
	AV1
HEVC	DL0	DL1	DL2	DL3	DL4	DL5
DL1	0	161024	25472	1136	16	0
DL2	0	51648	160512	10560	512	0
DL3	0	13042	46990	29040	2016	0
DL4	0	1600	8640	9168	2912	0
DL5	0	0	0	0	0	0
Tabela Comparativa das Profundidades - Porcentagens (FRAME 38)
	AV1
HEVC	DL0	DL1	DL2	DL3	DL4	DL5
DL1	0.00%	85.81%	13.57%	0.61%	0.01%	0.00%
DL2	0.00%	23.14%	71.90%	4.73%	0.23%	0.00%
DL3	0.00%	14.32%	51.59%	31.88%	2.21%	0.00%
DL4	0.00%	7.17%	38.71%	41.08%	13.05%	0.00%
DL5	-nan%	-nan%	-nan%	-nan%	-nan%	-nan%


Tabela Comparativa das Profundidades - Valores Absolutos (FRAME 39)
	AV1
HEVC	DL0	DL1	DL2	DL3	DL4	DL5
DL1	0	204032	25856	512	0	0
DL2	0	44864	152592	8208	352	0
DL3	0	11027	32861	26144	880	0
DL4	0	1616	6016	7456	1872	0
DL5	0	0	0	0	0	0
Tabela Comparativa das Profundidades - Porcentagens (FRAME 39)
	AV1
HEVC	DL0	DL1	DL2	DL3	DL4	DL5
DL1	0.00%	88.56%	11.22%	0.22%	0.00%	0.00%
DL2	0.00%	21.78%	74.07%	3.98%	0.17%	0.00%
DL3	0.00%	15.55%	46.34%	36.87%	1.24%	0.00%
DL4	0.00%	9.53%	35.47%	43.96%	11.04%	0.00%
DL5	-nan%	-nan%	-nan%	-nan%	-nan%	-nan%


Tabela Comparativa das Profundidades - Valores Absolutos (FRAME 40)
	AV1
HEVC	DL0	DL1	DL2	DL3	DL4	DL5
DL1	0	275712	26688	928	32	0
DL2	0	47864	107336	6752	288	0
DL3	0	12400	21040	14592	816	0
DL4	0	976	4080	3808	976	0
DL5	0	0	0	0	0	0
Tabela Comparativa das Profundidades - Porcentagens (FRAME 40)
	AV1
HEVC	DL0	DL1	DL2	DL3	DL4	DL5
DL1	0.00%	90.89%	8.80%	0.31%	0.01%	0.00%
DL2	0.00%	29.50%	66.16%	4.16%	0.18%	0.00%
DL3	0.00%	25.38%	43.07%	29.87%	1.67%	0.00%
DL4	0.00%	9.92%	41.46%	38.70%	9.92%	0.00%
DL5	-nan%	-nan%	-nan%	-nan%	-nan%	-nan%


Tabela Comparativa das Profundidades - Valores Absolutos (FRAME 41)
	AV1
HEVC	DL0	DL1	DL2	DL3	DL4	DL5
DL1	0	326400	19648	2336	32	0
DL2	0	41456	75632	6032	208	0
DL3	0	13760	16048	14016	416	0
DL4	0	1296	3488	2864	656	0
DL5	0	0	0	0	0	0
Tabela Comparativa das Profundidades - Porcentagens (FRAME 41)
	AV1
HEVC	DL0	DL1	DL2	DL3	DL4	DL5
DL1	0.00%	93.68%	5.64%	0.67%	0.01%	0.00%
DL2	0.00%	33.61%	61.33%	4.89%	0.17%	0.00%
DL3	0.00%	31.10%	36.27%	31.68%	0.94%	0.00%
DL4	0.00%	15.61%	42.00%	34.49%	7.90%	0.00%
DL5	-nan%	-nan%	-nan%	-nan%	-nan%	-nan%


Tabela Comparativa das Profundidades - Valores Absolutos (FRAME 42)
	AV1
HEVC	DL0	DL1	DL2	DL3	DL4	DL5
DL1	0	306176	15488	640	0	0
DL2	0	37176	89016	7632	384	0
DL3	0	11584	21424	19664	1296	0
DL4	0	1200	4944	5584	2080	0
DL5	0	0	0	0	0	0
Tabela Comparativa das Profundidades - Porcentagens (FRAME 42)
	AV1
HEVC	DL0	DL1	DL2	DL3	DL4	DL5
DL1	0.00%	95.00%	4.81%	0.20%	0.00%	0.00%
DL2	0.00%	27.70%	66.33%	5.69%	0.29%	0.00%
DL3	0.00%	21.46%	39.70%	36.44%	2.40%	0.00%
DL4	0.00%	8.69%	35.81%	40.44%	15.06%	0.00%
DL5	-nan%	-nan%	-nan%	-nan%	-nan%	-nan%


Tabela Comparativa das Profundidades - Valores Absolutos (FRAME 43)
	AV1
HEVC	DL0	DL1	DL2	DL3	DL4	DL5
DL1	0	277504	25088	1232	48	0
DL2	0	46720	113824	6448	176	0
DL3	0	10448	18896	15088	384	0
DL4	0	784	3216	3808	624	0
DL5	0	0	0	0	0	0
Tabela Comparativa das Profundidades - Porcentagens (FRAME 43)
	AV1
HEVC	DL0	DL1	DL2	DL3	DL4	DL5
DL1	0.00%	91.32%	8.26%	0.41%	0.02%	0.00%
DL2	0.00%	27.95%	68.09%	3.86%	0.11%	0.00%
DL3	0.00%	23.31%	42.16%	33.67%	0.86%	0.00%
DL4	0.00%	9.30%	38.14%	45.16%	7.40%	0.00%
DL5	-nan%	-nan%	-nan%	-nan%	-nan%	-nan%


Tabela Comparativa das Profundidades - Valores Absolutos (FRAME 44)
	AV1
HEVC	DL0	DL1	DL2	DL3	DL4	DL5
DL1	0	349696	14336	0	0	0
DL2	0	38376	68248	5456	496	0
DL3	0	12304	14864	12768	464	0
DL4	0	752	2928	2784	816	0
DL5	0	0	0	0	0	0
Tabela Comparativa das Profundidades - Porcentagens (FRAME 44)
	AV1
HEVC	DL0	DL1	DL2	DL3	DL4	DL5
DL1	0.00%	96.06%	3.94%	0.00%	0.00%	0.00%
DL2	0.00%	34.09%	60.62%	4.85%	0.44%	0.00%
DL3	0.00%	30.46%	36.79%	31.60%	1.15%	0.00%
DL4	0.00%	10.33%	40.22%	38.24%	11.21%	0.00%
DL5	-nan%	-nan%	-nan%	-nan%	-nan%	-nan%


Tabela Comparativa das Profundidades - Valores Absolutos (FRAME 45)
	AV1
HEVC	DL0	DL1	DL2	DL3	DL4	DL5
DL1	0	300544	18176	512	0	0
DL2	0	42296	89416	5200	368	0
DL3	0	15024	21184	17072	1296	0
DL4	0	1296	5632	4704	1568	0
DL5	0	0	0	0	0	0
Tabela Comparativa das Profundidades - Porcentagens (FRAME 45)
	AV1
HEVC	DL0	DL1	DL2	DL3	DL4	DL5
DL1	0.00%	94.15%	5.69%	0.16%	0.00%	0.00%
DL2	0.00%	30.81%	65.13%	3.79%	0.27%	0.00%
DL3	0.00%	27.53%	38.82%	31.28%	2.37%	0.00%
DL4	0.00%	9.82%	42.67%	35.64%	11.88%	0.00%
DL5	-nan%	-nan%	-nan%	-nan%	-nan%	-nan%


Tabela Comparativa das Profundidades - Valores Absolutos (FRAME 46)
	AV1
HEVC	DL0	DL1	DL2	DL3	DL4	DL5
DL1	0	208640	24416	672	0	0
DL2	0	50168	146904	7792	192	0
DL3	0	13288	33032	23360	544	0
DL4	0	1264	7232	5488	1296	0
DL5	0	0	0	0	0	0
Tabela Comparativa das Profundidades - Porcentagens (FRAME 46)
	AV1
HEVC	DL0	DL1	DL2	DL3	DL4	DL5
DL1	0.00%	89.27%	10.45%	0.29%	0.00%	0.00%
DL2	0.00%	24.47%	71.64%	3.80%	0.09%	0.00%
DL3	0.00%	18.92%	47.04%	33.26%	0.77%	0.00%
DL4	0.00%	8.27%	47.33%	35.92%	8.48%	0.00%
DL5	-nan%	-nan%	-nan%	-nan%	-nan%	-nan%


Tabela Comparativa das Profundidades - Valores Absolutos (FRAME 47)
	AV1
HEVC	DL0	DL1	DL2	DL3	DL4	DL5
DL1	0	278528	23616	704	0	0
DL2	0	51384	103368	5296	208	0
DL3	0	10856	23320	14944	912	0
DL4	0	880	4528	4240	1504	0
DL5	0	0	0	0	0	0
Tabela Comparativa das Profundidades - Porcentagens (FRAME 47)
	AV1
HEVC	DL0	DL1	DL2	DL3	DL4	DL5
DL1	0.00%	91.97%	7.80%	0.23%	0.00%	0.00%
DL2	0.00%	32.06%	64.50%	3.30%	0.13%	0.00%
DL3	0.00%	21.70%	46.61%	29.87%	1.82%	0.00%
DL4	0.00%	7.89%	40.60%	38.02%	13.49%	0.00%
DL5	-nan%	-nan%	-nan%	-nan%	-nan%	-nan%


Tabela Comparativa das Profundidades - Valores Absolutos (FRAME 48)
	AV1
HEVC	DL0	DL1	DL2	DL3	DL4	DL5
DL1	0	336128	18816	896	0	0
DL2	0	38440	76184	6672	368	0
DL3	0	11312	16100	11188	376	0
DL4	0	848	3200	3040	720	0
DL5	0	0	0	0	0	0
Tabela Comparativa das Profundidades - Porcentagens (FRAME 48)
	AV1
HEVC	DL0	DL1	DL2	DL3	DL4	DL5
DL1	0.00%	94.46%	5.29%	0.25%	0.00%	0.00%
DL2	0.00%	31.60%	62.62%	5.48%	0.30%	0.00%
DL3	0.00%	29.02%	41.31%	28.70%	0.96%	0.00%
DL4	0.00%	10.86%	40.98%	38.93%	9.22%	0.00%
DL5	-nan%	-nan%	-nan%	-nan%	-nan%	-nan%


Tabela Comparativa das Profundidades - Valores Absolutos (FRAME 49)
	AV1
HEVC	DL0	DL1	DL2	DL3	DL4	DL5
DL1	0	336128	19328	896	0	0
DL2	0	35000	79048	5776	304	0
DL3	0	12816	14016	12336	544	0
DL4	0	1120	2896	2960	1120	0
DL5	0	0	0	0	0	0
Tabela Comparativa das Profundidades - Porcentagens (FRAME 49)
	AV1
HEVC	DL0	DL1	DL2	DL3	DL4	DL5
DL1	0.00%	94.32%	5.42%	0.25%	0.00%	0.00%
DL2	0.00%	29.14%	65.80%	4.81%	0.25%	0.00%
DL3	0.00%	32.27%	35.29%	31.06%	1.37%	0.00%
DL4	0.00%	13.83%	35.77%	36.56%	13.83%	0.00%
DL5	-nan%	-nan%	-nan%	-nan%	-nan%	-nan%


Tabela Comparativa das Profundidades - Valores Absolutos (FRAME 50)
	AV1
HEVC	DL0	DL1	DL2	DL3	DL4	DL5
DL1	0	251904	26560	832	0	0
DL2	0	45048	119544	8544	240	0
DL3	0	12720	22272	22560	752	0
DL4	0	1296	3872	5440	2704	0
DL5	0	0	0	0	0	0
Tabela Comparativa das Profundidades - Porcentagens (FRAME 50)
	AV1
HEVC	DL0	DL1	DL2	DL3	DL4	DL5
DL1	0.00%	90.19%	9.51%	0.30%	0.00%	0.00%
DL2	0.00%	25.98%	68.95%	4.93%	0.14%	0.00%
DL3	0.00%	21.82%	38.20%	38.69%	1.29%	0.00%
DL4	0.00%	9.74%	29.09%	40.87%	20.31%	0.00%
DL5	-nan%	-nan%	-nan%	-nan%	-nan%	-nan%


Tabela Comparativa das Profundidades - Valores Absolutos (FRAME 51)
	AV1
HEVC	DL0	DL1	DL2	DL3	DL4	DL5
DL1	512	323328	20672	1312	32	0
DL2	192	42048	78208	5568	320	0
DL3	320	12704	14688	14784	672	0
DL4	0	992	3488	3408	1040	0
DL5	0	0	0	0	0	0
Tabela Comparativa das Profundidades - Porcentagens (FRAME 51)
	AV1
HEVC	DL0	DL1	DL2	DL3	DL4	DL5
DL1	0.15%	93.49%	5.98%	0.38%	0.01%	0.00%
DL2	0.15%	33.28%	61.90%	4.41%	0.25%	0.00%
DL3	0.74%	29.43%	34.03%	34.25%	1.56%	0.00%
DL4	0.00%	11.11%	39.07%	38.17%	11.65%	0.00%
DL5	-nan%	-nan%	-nan%	-nan%	-nan%	-nan%


Tabela Comparativa das Profundidades - Valores Absolutos (FRAME 52)
	AV1
HEVC	DL0	DL1	DL2	DL3	DL4	DL5
DL1	0	340224	17536	1392	16	0
DL2	0	30336	82816	6736	432	0
DL3	0	5600	14336	15792	768	0
DL4	0	1184	2816	3040	1264	0
DL5	0	0	0	0	0	0
Tabela Comparativa das Profundidades - Porcentagens (FRAME 52)
	AV1
HEVC	DL0	DL1	DL2	DL3	DL4	DL5
DL1	0.00%	94.73%	4.88%	0.39%	0.00%	0.00%
DL2	0.00%	25.21%	68.83%	5.60%	0.36%	0.00%
DL3	0.00%	15.34%	39.28%	43.27%	2.10%	0.00%
DL4	0.00%	14.26%	33.91%	36.61%	15.22%	0.00%
DL5	-nan%	-nan%	-nan%	-nan%	-nan%	-nan%


Tabela Comparativa das Profundidades - Valores Absolutos (FRAME 53)
	AV1
HEVC	DL0	DL1	DL2	DL3	DL4	DL5
DL1	0	120064	23232	560	16	0
DL2	0	46448	187856	10160	272	0
DL3	0	17840	60448	32144	1104	0
DL4	0	1664	11440	8720	2320	0
DL5	0	0	0	0	0	0
Tabela Comparativa das Profundidades - Porcentagens (FRAME 53)
	AV1
HEVC	DL0	DL1	DL2	DL3	DL4	DL5
DL1	0.00%	83.45%	16.15%	0.39%	0.01%	0.00%
DL2	0.00%	18.98%	76.76%	4.15%	0.11%	0.00%
DL3	0.00%	15.99%	54.20%	28.82%	0.99%	0.00%
DL4	0.00%	6.89%	47.38%	36.12%	9.61%	0.00%
DL5	-nan%	-nan%	-nan%	-nan%	-nan%	-nan%


Tabela Comparativa das Profundidades - Valores Absolutos (FRAME 54)
	AV1
HEVC	DL0	DL1	DL2	DL3	DL4	DL5
DL1	0	165888	25120	1456	48	0
DL2	0	45952	169664	9616	752	0
DL3	0	10064	47436	25812	1328	0
DL4	0	1872	9040	7760	2480	0
DL5	0	0	0	0	0	0
Tabela Comparativa das Profundidades - Porcentagens (FRAME 54)
	AV1
HEVC	DL0	DL1	DL2	DL3	DL4	DL5
DL1	0.00%	86.17%	13.05%	0.76%	0.02%	0.00%
DL2	0.00%	20.33%	75.08%	4.26%	0.33%	0.00%
DL3	0.00%	11.89%	56.04%	30.50%	1.57%	0.00%
DL4	0.00%	8.85%	42.74%	36.69%	11.72%	0.00%
DL5	-nan%	-nan%	-nan%	-nan%	-nan%	-nan%


Tabela Comparativa das Profundidades - Valores Absolutos (FRAME 55)
	AV1
HEVC	DL0	DL1	DL2	DL3	DL4	DL5
DL1	0	226816	22208	1088	0	0
DL2	0	46456	141112	7728	352	0
DL3	0	11056	30736	21872	832	0
DL4	0	1232	5088	5904	1808	0
DL5	0	0	0	0	0	0
Tabela Comparativa das Profundidades - Porcentagens (FRAME 55)
	AV1
HEVC	DL0	DL1	DL2	DL3	DL4	DL5
DL1	0.00%	90.69%	8.88%	0.44%	0.00%	0.00%
DL2	0.00%	23.74%	72.13%	3.95%	0.18%	0.00%
DL3	0.00%	17.14%	47.66%	33.91%	1.29%	0.00%
DL4	0.00%	8.78%	36.26%	42.08%	12.88%	0.00%
DL5	-nan%	-nan%	-nan%	-nan%	-nan%	-nan%


Tabela Comparativa das Profundidades - Valores Absolutos (FRAME 56)
	AV1
HEVC	DL0	DL1	DL2	DL3	DL4	DL5
DL1	0	288512	24448	1104	48	0
DL2	0	41848	104584	5744	144	0
DL3	0	11312	21552	15312	592	0
DL4	0	1440	3520	3312	816	0
DL5	0	0	0	0	0	0
Tabela Comparativa das Profundidades - Porcentagens (FRAME 56)
	AV1
HEVC	DL0	DL1	DL2	DL3	DL4	DL5
DL1	0.00%	91.85%	7.78%	0.35%	0.02%	0.00%
DL2	0.00%	27.47%	68.66%	3.77%	0.09%	0.00%
DL3	0.00%	23.20%	44.19%	31.40%	1.21%	0.00%
DL4	0.00%	15.85%	38.73%	36.44%	8.98%	0.00%
DL5	-nan%	-nan%	-nan%	-nan%	-nan%	-nan%


Tabela Comparativa das Profundidades - Valores Absolutos (FRAME 57)
	AV1
HEVC	DL0	DL1	DL2	DL3	DL4	DL5
DL1	0	321536	19584	1136	16	0
DL2	0	38328	83336	5328	112	0
DL3	0	14656	16112	14368	432	0
DL4	0	960	4304	3328	752	0
DL5	0	0	0	0	0	0
Tabela Comparativa das Profundidades - Porcentagens (FRAME 57)
	AV1
HEVC	DL0	DL1	DL2	DL3	DL4	DL5
DL1	0.00%	93.94%	5.72%	0.33%	0.00%	0.00%
DL2	0.00%	30.15%	65.57%	4.19%	0.09%	0.00%
DL3	0.00%	32.16%	35.36%	31.53%	0.95%	0.00%
DL4	0.00%	10.27%	46.06%	35.62%	8.05%	0.00%
DL5	-nan%	-nan%	-nan%	-nan%	-nan%	-nan%


Tabela Comparativa das Profundidades - Valores Absolutos (FRAME 58)
	AV1
HEVC	DL0	DL1	DL2	DL3	DL4	DL5
DL1	0	291072	17216	704	0	0
DL2	0	35520	98688	9120	288	0
DL3	0	13616	20240	23200	832	0
DL4	0	1680	4336	5504	2272	0
DL5	0	0	0	0	0	0
Tabela Comparativa das Profundidades - Porcentagens (FRAME 58)
	AV1
HEVC	DL0	DL1	DL2	DL3	DL4	DL5
DL1	0.00%	94.20%	5.57%	0.23%	0.00%	0.00%
DL2	0.00%	24.73%	68.72%	6.35%	0.20%	0.00%
DL3	0.00%	23.52%	34.96%	40.08%	1.44%	0.00%
DL4	0.00%	12.18%	31.44%	39.91%	16.47%	0.00%
DL5	-nan%	-nan%	-nan%	-nan%	-nan%	-nan%


Tabela Comparativa das Profundidades - Valores Absolutos (FRAME 59)
	AV1
HEVC	DL0	DL1	DL2	DL3	DL4	DL5
DL1	0	273664	25472	1104	48	0
DL2	0	43333	117819	5440	384	0
DL3	0	12064	21104	13968	544	0
DL4	0	1264	3840	3296	944	0
DL5	0	0	0	0	0	0
Tabela Comparativa das Profundidades - Porcentagens (FRAME 59)
	AV1
HEVC	DL0	DL1	DL2	DL3	DL4	DL5
DL1	0.00%	91.13%	8.48%	0.37%	0.02%	0.00%
DL2	0.00%	25.95%	70.56%	3.26%	0.23%	0.00%
DL3	0.00%	25.30%	44.26%	29.30%	1.14%	0.00%
DL4	0.00%	13.53%	41.10%	35.27%	10.10%	0.00%
DL5	-nan%	-nan%	-nan%	-nan%	-nan%	-nan%


Tabela Comparativa das Profundidades - Valores Absolutos (FRAME 60)
	AV1
HEVC	DL0	DL1	DL2	DL3	DL4	DL5
DL1	0	340736	16000	640	0	0
DL2	0	38200	72776	6032	240	0
DL3	0	13728	13968	13264	688	0
DL4	0	1184	2736	3376	720	0
DL5	0	0	0	0	0	0
Tabela Comparativa das Profundidades - Porcentagens (FRAME 60)
	AV1
HEVC	DL0	DL1	DL2	DL3	DL4	DL5
DL1	0.00%	95.34%	4.48%	0.18%	0.00%	0.00%
DL2	0.00%	32.58%	62.07%	5.14%	0.20%	0.00%
DL3	0.00%	32.96%	33.54%	31.85%	1.65%	0.00%
DL4	0.00%	14.77%	34.13%	42.12%	8.98%	0.00%
DL5	-nan%	-nan%	-nan%	-nan%	-nan%	-nan%


