Tabela Comparativa das Profundidades - Valores Absolutos (FRAME  1)
	AV1
HEVC	DL0	DL1	DL2	DL3	DL4	DL5
DL1	0	3840	2624	400	48	0
DL2	0	2048	28352	6384	3408	0
DL3	0	480	7152	17104	6496	0
DL4	0	288	6160	11216	26880	0
DL5	0	0	0	0	0	0
Tabela Comparativa das Profundidades - Porcentagens (FRAME  1)
	AV1
HEVC	DL0	DL1	DL2	DL3	DL4	DL5
DL1	0.00%	55.56%	37.96%	5.79%	0.69%	0.00%
DL2	0.00%	5.10%	70.54%	15.88%	8.48%	0.00%
DL3	0.00%	1.54%	22.90%	54.76%	20.80%	0.00%
DL4	0.00%	0.65%	13.83%	25.18%	60.34%	0.00%
DL5	-nan%	-nan%	-nan%	-nan%	-nan%	-nan%


Tabela Comparativa das Profundidades - Valores Absolutos (FRAME  2)
	AV1
HEVC	DL0	DL1	DL2	DL3	DL4	DL5
DL1	0	8960	3648	192	0	0
DL2	0	4416	32636	4724	1104	0
DL3	0	2928	20492	12696	2236	0
DL4	0	1360	12400	8866	6222	0
DL5	0	0	0	0	0	0
Tabela Comparativa das Profundidades - Porcentagens (FRAME  2)
	AV1
HEVC	DL0	DL1	DL2	DL3	DL4	DL5
DL1	0.00%	70.00%	28.50%	1.50%	0.00%	0.00%
DL2	0.00%	10.30%	76.11%	11.02%	2.57%	0.00%
DL3	0.00%	7.63%	53.43%	33.10%	5.83%	0.00%
DL4	0.00%	4.71%	42.98%	30.73%	21.57%	0.00%
DL5	-nan%	-nan%	-nan%	-nan%	-nan%	-nan%


Tabela Comparativa das Profundidades - Valores Absolutos (FRAME  3)
	AV1
HEVC	DL0	DL1	DL2	DL3	DL4	DL5
DL1	0	18092	2324	48	16	0
DL2	0	8820	23396	4104	544	0
DL3	0	3656	14922	17746	2604	0
DL4	0	2332	8174	10494	5608	0
DL5	0	0	0	0	0	0
Tabela Comparativa das Profundidades - Porcentagens (FRAME  3)
	AV1
HEVC	DL0	DL1	DL2	DL3	DL4	DL5
DL1	0.00%	88.34%	11.35%	0.23%	0.08%	0.00%
DL2	0.00%	23.93%	63.47%	11.13%	1.48%	0.00%
DL3	0.00%	9.39%	38.33%	45.59%	6.69%	0.00%
DL4	0.00%	8.76%	30.72%	39.44%	21.08%	0.00%
DL5	-nan%	-nan%	-nan%	-nan%	-nan%	-nan%


Tabela Comparativa das Profundidades - Valores Absolutos (FRAME  4)
	AV1
HEVC	DL0	DL1	DL2	DL3	DL4	DL5
DL1	0	28324	4164	24	0	0
DL2	0	8708	20948	3112	256	0
DL3	0	3036	11488	17684	2448	0
DL4	0	2444	5778	8658	5808	0
DL5	0	0	0	0	0	0
Tabela Comparativa das Profundidades - Porcentagens (FRAME  4)
	AV1
HEVC	DL0	DL1	DL2	DL3	DL4	DL5
DL1	0.00%	87.12%	12.81%	0.07%	0.00%	0.00%
DL2	0.00%	26.37%	63.43%	9.42%	0.78%	0.00%
DL3	0.00%	8.76%	33.15%	51.03%	7.06%	0.00%
DL4	0.00%	10.77%	25.47%	38.16%	25.60%	0.00%
DL5	-nan%	-nan%	-nan%	-nan%	-nan%	-nan%


Tabela Comparativa das Profundidades - Valores Absolutos (FRAME  5)
	AV1
HEVC	DL0	DL1	DL2	DL3	DL4	DL5
DL1	0	42544	2800	712	24	0
DL2	0	7260	18116	3908	220	0
DL3	0	3838	7952	15158	1948	0
DL4	0	3136	3896	7282	4086	0
DL5	0	0	0	0	0	0
Tabela Comparativa das Profundidades - Porcentagens (FRAME  5)
	AV1
HEVC	DL0	DL1	DL2	DL3	DL4	DL5
DL1	0.00%	92.33%	6.08%	1.55%	0.05%	0.00%
DL2	0.00%	24.61%	61.40%	13.25%	0.75%	0.00%
DL3	0.00%	13.28%	27.52%	52.46%	6.74%	0.00%
DL4	0.00%	17.04%	21.17%	39.58%	22.21%	0.00%
DL5	-nan%	-nan%	-nan%	-nan%	-nan%	-nan%


Tabela Comparativa das Profundidades - Valores Absolutos (FRAME  6)
	AV1
HEVC	DL0	DL1	DL2	DL3	DL4	DL5
DL1	0	51376	3580	548	48	0
DL2	0	6364	22064	4324	208	0
DL3	0	3580	6076	11816	1728	0
DL4	0	2380	2548	3416	2824	0
DL5	0	0	0	0	0	0
Tabela Comparativa das Profundidades - Porcentagens (FRAME  6)
	AV1
HEVC	DL0	DL1	DL2	DL3	DL4	DL5
DL1	0.00%	92.48%	6.44%	0.99%	0.09%	0.00%
DL2	0.00%	19.31%	66.94%	13.12%	0.63%	0.00%
DL3	0.00%	15.43%	26.19%	50.93%	7.45%	0.00%
DL4	0.00%	21.31%	22.82%	30.59%	25.29%	0.00%
DL5	-nan%	-nan%	-nan%	-nan%	-nan%	-nan%


Tabela Comparativa das Profundidades - Valores Absolutos (FRAME  7)
	AV1
HEVC	DL0	DL1	DL2	DL3	DL4	DL5
DL1	0	64148	4312	1908	32	0
DL2	0	8004	18824	2700	104	0
DL3	0	4386	4736	7742	544	0
DL4	0	1928	1256	1616	640	0
DL5	0	0	0	0	0	0
Tabela Comparativa das Profundidades - Porcentagens (FRAME  7)
	AV1
HEVC	DL0	DL1	DL2	DL3	DL4	DL5
DL1	0.00%	91.12%	6.13%	2.71%	0.05%	0.00%
DL2	0.00%	27.01%	63.53%	9.11%	0.35%	0.00%
DL3	0.00%	25.20%	27.21%	44.47%	3.12%	0.00%
DL4	0.00%	35.44%	23.09%	29.71%	11.76%	0.00%
DL5	-nan%	-nan%	-nan%	-nan%	-nan%	-nan%


Tabela Comparativa das Profundidades - Valores Absolutos (FRAME  8)
	AV1
HEVC	DL0	DL1	DL2	DL3	DL4	DL5
DL1	0	51068	3584	1068	88	0
DL2	0	8600	23240	4960	448	0
DL3	0	3674	7070	10352	968	0
DL4	0	1996	2188	2612	964	0
DL5	0	0	0	0	0	0
Tabela Comparativa das Profundidades - Porcentagens (FRAME  8)
	AV1
HEVC	DL0	DL1	DL2	DL3	DL4	DL5
DL1	0.00%	91.51%	6.42%	1.91%	0.16%	0.00%
DL2	0.00%	23.09%	62.39%	13.32%	1.20%	0.00%
DL3	0.00%	16.65%	32.04%	46.92%	4.39%	0.00%
DL4	0.00%	25.72%	28.20%	33.66%	12.42%	0.00%
DL5	-nan%	-nan%	-nan%	-nan%	-nan%	-nan%


Tabela Comparativa das Profundidades - Valores Absolutos (FRAME  9)
	AV1
HEVC	DL0	DL1	DL2	DL3	DL4	DL5
DL1	0	34420	2216	904	92	0
DL2	0	7728	22980	3416	500	0
DL3	0	3908	10372	16572	2332	0
DL4	0	2468	4592	6584	3796	0
DL5	0	0	0	0	0	0
Tabela Comparativa das Profundidades - Porcentagens (FRAME  9)
	AV1
HEVC	DL0	DL1	DL2	DL3	DL4	DL5
DL1	0.00%	91.46%	5.89%	2.40%	0.24%	0.00%
DL2	0.00%	22.32%	66.37%	9.87%	1.44%	0.00%
DL3	0.00%	11.78%	31.26%	49.94%	7.03%	0.00%
DL4	0.00%	14.15%	26.33%	37.75%	21.77%	0.00%
DL5	-nan%	-nan%	-nan%	-nan%	-nan%	-nan%


Tabela Comparativa das Profundidades - Valores Absolutos (FRAME 10)
	AV1
HEVC	DL0	DL1	DL2	DL3	DL4	DL5
DL1	1024	60672	5888	1520	16	0
DL2	0	6144	22016	2672	208	0
DL3	0	2896	6080	8960	592	0
DL4	0	688	1280	1504	720	0
DL5	0	0	0	0	0	0
Tabela Comparativa das Profundidades - Porcentagens (FRAME 10)
	AV1
HEVC	DL0	DL1	DL2	DL3	DL4	DL5
DL1	1.48%	87.78%	8.52%	2.20%	0.02%	0.00%
DL2	0.00%	19.79%	70.93%	8.61%	0.67%	0.00%
DL3	0.00%	15.63%	32.82%	48.36%	3.20%	0.00%
DL4	0.00%	16.41%	30.53%	35.88%	17.18%	0.00%
DL5	-nan%	-nan%	-nan%	-nan%	-nan%	-nan%


Tabela Comparativa das Profundidades - Valores Absolutos (FRAME 11)
	AV1
HEVC	DL0	DL1	DL2	DL3	DL4	DL5
DL1	1564	60372	5240	392	16	0
DL2	512	6932	20972	2532	156	0
DL3	764	3568	5884	7832	464	0
DL4	240	1972	1436	1420	612	0
DL5	0	0	0	0	0	0
Tabela Comparativa das Profundidades - Porcentagens (FRAME 11)
	AV1
HEVC	DL0	DL1	DL2	DL3	DL4	DL5
DL1	2.31%	89.33%	7.75%	0.58%	0.02%	0.00%
DL2	1.65%	22.29%	67.43%	8.14%	0.50%	0.00%
DL3	4.13%	19.27%	31.78%	42.31%	2.51%	0.00%
DL4	4.23%	34.72%	25.28%	25.00%	10.77%	0.00%
DL5	-nan%	-nan%	-nan%	-nan%	-nan%	-nan%


Tabela Comparativa das Profundidades - Valores Absolutos (FRAME 12)
	AV1
HEVC	DL0	DL1	DL2	DL3	DL4	DL5
DL1	0	33040	2144	144	0	0
DL2	0	7952	22568	5116	460	0
DL3	0	4210	11556	18030	1708	0
DL4	0	2076	4288	6900	2688	0
DL5	0	0	0	0	0	0
Tabela Comparativa das Profundidades - Porcentagens (FRAME 12)
	AV1
HEVC	DL0	DL1	DL2	DL3	DL4	DL5
DL1	0.00%	93.52%	6.07%	0.41%	0.00%	0.00%
DL2	0.00%	22.03%	62.52%	14.17%	1.27%	0.00%
DL3	0.00%	11.86%	32.55%	50.78%	4.81%	0.00%
DL4	0.00%	13.01%	26.88%	43.25%	16.85%	0.00%
DL5	-nan%	-nan%	-nan%	-nan%	-nan%	-nan%


Tabela Comparativa das Profundidades - Valores Absolutos (FRAME 13)
	AV1
HEVC	DL0	DL1	DL2	DL3	DL4	DL5
DL1	1052	41412	3296	576	0	0
DL2	780	7712	17112	3788	368	0
DL3	1248	3600	7736	16114	1750	0
DL4	1140	1944	3720	6788	2744	0
DL5	0	0	0	0	0	0
Tabela Comparativa das Profundidades - Porcentagens (FRAME 13)
	AV1
HEVC	DL0	DL1	DL2	DL3	DL4	DL5
DL1	2.27%	89.37%	7.11%	1.24%	0.00%	0.00%
DL2	2.62%	25.91%	57.50%	12.73%	1.24%	0.00%
DL3	4.10%	11.82%	25.41%	52.92%	5.75%	0.00%
DL4	6.98%	11.90%	22.77%	41.55%	16.80%	0.00%
DL5	-nan%	-nan%	-nan%	-nan%	-nan%	-nan%


Tabela Comparativa das Profundidades - Valores Absolutos (FRAME 14)
	AV1
HEVC	DL0	DL1	DL2	DL3	DL4	DL5
DL1	0	53918	4824	378	16	0
DL2	0	6936	20244	2392	124	0
DL3	0	4092	7924	10208	1152	0
DL4	0	2092	2656	3910	2014	0
DL5	0	0	0	0	0	0
Tabela Comparativa das Profundidades - Porcentagens (FRAME 14)
	AV1
HEVC	DL0	DL1	DL2	DL3	DL4	DL5
DL1	0.00%	91.18%	8.16%	0.64%	0.03%	0.00%
DL2	0.00%	23.36%	68.17%	8.05%	0.42%	0.00%
DL3	0.00%	17.51%	33.90%	43.67%	4.93%	0.00%
DL4	0.00%	19.60%	24.89%	36.64%	18.87%	0.00%
DL5	-nan%	-nan%	-nan%	-nan%	-nan%	-nan%


Tabela Comparativa das Profundidades - Valores Absolutos (FRAME 15)
	AV1
HEVC	DL0	DL1	DL2	DL3	DL4	DL5
DL1	0	58092	4228	656	0	0
DL2	0	7556	22270	4066	412	0
DL3	0	4304	5726	8758	476	0
DL4	0	2086	1482	1952	816	0
DL5	0	0	0	0	0	0
Tabela Comparativa das Profundidades - Porcentagens (FRAME 15)
	AV1
HEVC	DL0	DL1	DL2	DL3	DL4	DL5
DL1	0.00%	92.24%	6.71%	1.04%	0.00%	0.00%
DL2	0.00%	22.03%	64.92%	11.85%	1.20%	0.00%
DL3	0.00%	22.34%	29.72%	45.46%	2.47%	0.00%
DL4	0.00%	32.92%	23.39%	30.81%	12.88%	0.00%
DL5	-nan%	-nan%	-nan%	-nan%	-nan%	-nan%


Tabela Comparativa das Profundidades - Valores Absolutos (FRAME 16)
	AV1
HEVC	DL0	DL1	DL2	DL3	DL4	DL5
DL1	0	52600	4664	816	32	0
DL2	0	7326	24450	2832	144	0
DL3	0	3848	8820	8944	820	0
DL4	0	1640	2448	2280	1216	0
DL5	0	0	0	0	0	0
Tabela Comparativa das Profundidades - Porcentagens (FRAME 16)
	AV1
HEVC	DL0	DL1	DL2	DL3	DL4	DL5
DL1	0.00%	90.51%	8.03%	1.40%	0.06%	0.00%
DL2	0.00%	21.08%	70.36%	8.15%	0.41%	0.00%
DL3	0.00%	17.15%	39.32%	39.87%	3.66%	0.00%
DL4	0.00%	21.62%	32.28%	30.06%	16.03%	0.00%
DL5	-nan%	-nan%	-nan%	-nan%	-nan%	-nan%


Tabela Comparativa das Profundidades - Valores Absolutos (FRAME 17)
	AV1
HEVC	DL0	DL1	DL2	DL3	DL4	DL5
DL1	0	43492	2972	768	128	0
DL2	0	7052	20072	3952	476	0
DL3	0	4264	8534	15286	1916	0
DL4	0	2214	3150	5424	3180	0
DL5	0	0	0	0	0	0
Tabela Comparativa das Profundidades - Porcentagens (FRAME 17)
	AV1
HEVC	DL0	DL1	DL2	DL3	DL4	DL5
DL1	0.00%	91.83%	6.28%	1.62%	0.27%	0.00%
DL2	0.00%	22.35%	63.62%	12.53%	1.51%	0.00%
DL3	0.00%	14.21%	28.45%	50.95%	6.39%	0.00%
DL4	0.00%	15.85%	22.55%	38.83%	22.77%	0.00%
DL5	-nan%	-nan%	-nan%	-nan%	-nan%	-nan%


Tabela Comparativa das Profundidades - Valores Absolutos (FRAME 18)
	AV1
HEVC	DL0	DL1	DL2	DL3	DL4	DL5
DL1	0	51848	5240	720	48	0
DL2	0	9032	23558	3666	224	0
DL3	0	4216	6880	8996	756	0
DL4	0	2348	1958	2318	1072	0
DL5	0	0	0	0	0	0
Tabela Comparativa das Profundidades - Porcentagens (FRAME 18)
	AV1
HEVC	DL0	DL1	DL2	DL3	DL4	DL5
DL1	0.00%	89.62%	9.06%	1.24%	0.08%	0.00%
DL2	0.00%	24.76%	64.58%	10.05%	0.61%	0.00%
DL3	0.00%	20.22%	33.00%	43.15%	3.63%	0.00%
DL4	0.00%	30.51%	25.44%	30.12%	13.93%	0.00%
DL5	-nan%	-nan%	-nan%	-nan%	-nan%	-nan%


Tabela Comparativa das Profundidades - Valores Absolutos (FRAME 19)
	AV1
HEVC	DL0	DL1	DL2	DL3	DL4	DL5
DL1	0	59136	4800	1088	0	0
DL2	0	6976	25088	2912	160	0
DL3	0	3168	6416	8384	672	0
DL4	0	608	1328	1424	720	0
DL5	0	0	0	0	0	0
Tabela Comparativa das Profundidades - Porcentagens (FRAME 19)
	AV1
HEVC	DL0	DL1	DL2	DL3	DL4	DL5
DL1	0.00%	90.94%	7.38%	1.67%	0.00%	0.00%
DL2	0.00%	19.85%	71.40%	8.29%	0.46%	0.00%
DL3	0.00%	17.00%	34.42%	44.98%	3.61%	0.00%
DL4	0.00%	14.90%	32.55%	34.90%	17.65%	0.00%
DL5	-nan%	-nan%	-nan%	-nan%	-nan%	-nan%


Tabela Comparativa das Profundidades - Valores Absolutos (FRAME 20)
	AV1
HEVC	DL0	DL1	DL2	DL3	DL4	DL5
DL1	1040	8624	2304	544	32	0
DL2	560	7156	27532	4912	1120	0
DL3	656	3978	14484	8642	2864	0
DL4	196	2024	16156	11904	8152	0
DL5	0	0	0	0	0	0
Tabela Comparativa das Profundidades - Porcentagens (FRAME 20)
	AV1
HEVC	DL0	DL1	DL2	DL3	DL4	DL5
DL1	8.29%	68.75%	18.37%	4.34%	0.26%	0.00%
DL2	1.36%	17.34%	66.70%	11.90%	2.71%	0.00%
DL3	2.14%	12.99%	47.30%	28.22%	9.35%	0.00%
DL4	0.51%	5.27%	42.04%	30.97%	21.21%	0.00%
DL5	-nan%	-nan%	-nan%	-nan%	-nan%	-nan%


Tabela Comparativa das Profundidades - Valores Absolutos (FRAME 21)
	AV1
HEVC	DL0	DL1	DL2	DL3	DL4	DL5
DL1	84	14848	2688	284	16	0
DL2	1352	4904	20720	4376	968	0
DL3	2204	2688	15320	19760	2668	0
DL4	1648	936	9984	10908	6524	0
DL5	0	0	0	0	0	0
Tabela Comparativa das Profundidades - Porcentagens (FRAME 21)
	AV1
HEVC	DL0	DL1	DL2	DL3	DL4	DL5
DL1	0.47%	82.86%	15.00%	1.58%	0.09%	0.00%
DL2	4.18%	15.17%	64.11%	13.54%	3.00%	0.00%
DL3	5.17%	6.30%	35.93%	46.34%	6.26%	0.00%
DL4	5.49%	3.12%	33.28%	36.36%	21.75%	0.00%
DL5	-nan%	-nan%	-nan%	-nan%	-nan%	-nan%


Tabela Comparativa das Profundidades - Valores Absolutos (FRAME 22)
	AV1
HEVC	DL0	DL1	DL2	DL3	DL4	DL5
DL1	0	26592	4104	536	0	0
DL2	0	7784	20732	3808	380	0
DL3	0	3928	11172	17668	3040	0
DL4	0	2680	5056	10372	5028	0
DL5	0	0	0	0	0	0
Tabela Comparativa das Profundidades - Porcentagens (FRAME 22)
	AV1
HEVC	DL0	DL1	DL2	DL3	DL4	DL5
DL1	0.00%	85.14%	13.14%	1.72%	0.00%	0.00%
DL2	0.00%	23.80%	63.39%	11.64%	1.16%	0.00%
DL3	0.00%	10.97%	31.20%	49.34%	8.49%	0.00%
DL4	0.00%	11.58%	21.85%	44.83%	21.73%	0.00%
DL5	-nan%	-nan%	-nan%	-nan%	-nan%	-nan%


Tabela Comparativa das Profundidades - Valores Absolutos (FRAME 23)
	AV1
HEVC	DL0	DL1	DL2	DL3	DL4	DL5
DL1	1392	38528	2016	992	80	0
DL2	492	6620	19908	3788	488	0
DL3	732	2548	9944	14582	2050	0
DL4	1092	1780	3948	7296	4604	0
DL5	0	0	0	0	0	0
Tabela Comparativa das Profundidades - Porcentagens (FRAME 23)
	AV1
HEVC	DL0	DL1	DL2	DL3	DL4	DL5
DL1	3.24%	89.58%	4.69%	2.31%	0.19%	0.00%
DL2	1.57%	21.15%	63.61%	12.10%	1.56%	0.00%
DL3	2.45%	8.53%	33.31%	48.84%	6.87%	0.00%
DL4	5.83%	9.51%	21.09%	38.97%	24.59%	0.00%
DL5	-nan%	-nan%	-nan%	-nan%	-nan%	-nan%


Tabela Comparativa das Profundidades - Valores Absolutos (FRAME 24)
	AV1
HEVC	DL0	DL1	DL2	DL3	DL4	DL5
DL1	0	47052	3096	796	0	0
DL2	0	8804	24864	2496	188	0
DL3	0	4068	7736	11236	1136	0
DL4	0	2336	2732	4340	2000	0
DL5	0	0	0	0	0	0
Tabela Comparativa das Profundidades - Porcentagens (FRAME 24)
	AV1
HEVC	DL0	DL1	DL2	DL3	DL4	DL5
DL1	0.00%	92.36%	6.08%	1.56%	0.00%	0.00%
DL2	0.00%	24.22%	68.40%	6.87%	0.52%	0.00%
DL3	0.00%	16.83%	32.00%	46.48%	4.70%	0.00%
DL4	0.00%	20.48%	23.95%	38.04%	17.53%	0.00%
DL5	-nan%	-nan%	-nan%	-nan%	-nan%	-nan%


Tabela Comparativa das Profundidades - Valores Absolutos (FRAME 25)
	AV1
HEVC	DL0	DL1	DL2	DL3	DL4	DL5
DL1	1248	55000	5320	880	16	0
DL2	796	8736	22492	3204	292	0
DL3	580	3512	6820	7328	560	0
DL4	176	1484	2072	1632	732	0
DL5	0	0	0	0	0	0
Tabela Comparativa das Profundidades - Porcentagens (FRAME 25)
	AV1
HEVC	DL0	DL1	DL2	DL3	DL4	DL5
DL1	2.00%	88.05%	8.52%	1.41%	0.03%	0.00%
DL2	2.24%	24.59%	63.32%	9.02%	0.82%	0.00%
DL3	3.09%	18.68%	36.28%	38.98%	2.98%	0.00%
DL4	2.89%	24.34%	33.99%	26.77%	12.01%	0.00%
DL5	-nan%	-nan%	-nan%	-nan%	-nan%	-nan%


Tabela Comparativa das Profundidades - Valores Absolutos (FRAME 26)
	AV1
HEVC	DL0	DL1	DL2	DL3	DL4	DL5
DL1	0	55856	5660	744	204	0
DL2	0	7288	20848	4288	408	0
DL3	0	4052	6894	8530	1068	0
DL4	0	1976	2136	1600	1328	0
DL5	0	0	0	0	0	0
Tabela Comparativa das Profundidades - Porcentagens (FRAME 26)
	AV1
HEVC	DL0	DL1	DL2	DL3	DL4	DL5
DL1	0.00%	89.42%	9.06%	1.19%	0.33%	0.00%
DL2	0.00%	22.20%	63.50%	13.06%	1.24%	0.00%
DL3	0.00%	19.72%	33.56%	41.52%	5.20%	0.00%
DL4	0.00%	28.07%	30.34%	22.73%	18.86%	0.00%
DL5	-nan%	-nan%	-nan%	-nan%	-nan%	-nan%


Tabela Comparativa das Profundidades - Valores Absolutos (FRAME 27)
	AV1
HEVC	DL0	DL1	DL2	DL3	DL4	DL5
DL1	0	37532	3532	888	32	0
DL2	0	5860	21368	4960	388	0
DL3	0	4152	10858	17730	1916	0
DL4	0	1924	3990	5530	2220	0
DL5	0	0	0	0	0	0
Tabela Comparativa das Profundidades - Porcentagens (FRAME 27)
	AV1
HEVC	DL0	DL1	DL2	DL3	DL4	DL5
DL1	0.00%	89.40%	8.41%	2.12%	0.08%	0.00%
DL2	0.00%	17.99%	65.59%	15.23%	1.19%	0.00%
DL3	0.00%	11.98%	31.33%	51.16%	5.53%	0.00%
DL4	0.00%	14.08%	29.20%	40.47%	16.25%	0.00%
DL5	-nan%	-nan%	-nan%	-nan%	-nan%	-nan%


Tabela Comparativa das Profundidades - Valores Absolutos (FRAME 28)
	AV1
HEVC	DL0	DL1	DL2	DL3	DL4	DL5
DL1	0	66048	4480	864	32	0
DL2	0	6208	20544	2288	80	0
DL3	0	2864	5856	8416	544	0
DL4	0	912	1312	1456	976	0
DL5	0	0	0	0	0	0
Tabela Comparativa das Profundidades - Porcentagens (FRAME 28)
	AV1
HEVC	DL0	DL1	DL2	DL3	DL4	DL5
DL1	0.00%	92.47%	6.27%	1.21%	0.04%	0.00%
DL2	0.00%	21.32%	70.55%	7.86%	0.27%	0.00%
DL3	0.00%	16.20%	33.12%	47.60%	3.08%	0.00%
DL4	0.00%	19.59%	28.18%	31.27%	20.96%	0.00%
DL5	-nan%	-nan%	-nan%	-nan%	-nan%	-nan%


Tabela Comparativa das Profundidades - Valores Absolutos (FRAME 29)
	AV1
HEVC	DL0	DL1	DL2	DL3	DL4	DL5
DL1	0	54676	5600	636	16	0
DL2	0	9020	22272	3480	236	0
DL3	0	4364	6432	8756	464	0
DL4	0	2274	1892	2026	736	0
DL5	0	0	0	0	0	0
Tabela Comparativa das Profundidades - Porcentagens (FRAME 29)
	AV1
HEVC	DL0	DL1	DL2	DL3	DL4	DL5
DL1	0.00%	89.74%	9.19%	1.04%	0.03%	0.00%
DL2	0.00%	25.77%	63.62%	9.94%	0.67%	0.00%
DL3	0.00%	21.80%	32.13%	43.75%	2.32%	0.00%
DL4	0.00%	32.82%	27.31%	29.24%	10.62%	0.00%
DL5	-nan%	-nan%	-nan%	-nan%	-nan%	-nan%


Tabela Comparativa das Profundidades - Valores Absolutos (FRAME 30)
	AV1
HEVC	DL0	DL1	DL2	DL3	DL4	DL5
DL1	0	32472	2832	520	16	0
DL2	0	9388	23056	4096	388	0
DL3	0	3608	11772	17848	1732	0
DL4	0	1830	4576	6234	2512	0
DL5	0	0	0	0	0	0
Tabela Comparativa das Profundidades - Porcentagens (FRAME 30)
	AV1
HEVC	DL0	DL1	DL2	DL3	DL4	DL5
DL1	0.00%	90.60%	7.90%	1.45%	0.04%	0.00%
DL2	0.00%	25.42%	62.44%	11.09%	1.05%	0.00%
DL3	0.00%	10.32%	33.67%	51.05%	4.95%	0.00%
DL4	0.00%	12.08%	30.20%	41.14%	16.58%	0.00%
DL5	-nan%	-nan%	-nan%	-nan%	-nan%	-nan%


Tabela Comparativa das Profundidades - Valores Absolutos (FRAME 31)
	AV1
HEVC	DL0	DL1	DL2	DL3	DL4	DL5
DL1	0	38424	4324	996	32	0
DL2	0	8944	18512	3656	376	0
DL3	0	4624	9446	16474	2128	0
DL4	0	2284	3748	5904	3008	0
DL5	0	0	0	0	0	0
Tabela Comparativa das Profundidades - Porcentagens (FRAME 31)
	AV1
HEVC	DL0	DL1	DL2	DL3	DL4	DL5
DL1	0.00%	87.77%	9.88%	2.28%	0.07%	0.00%
DL2	0.00%	28.40%	58.79%	11.61%	1.19%	0.00%
DL3	0.00%	14.15%	28.91%	50.42%	6.51%	0.00%
DL4	0.00%	15.28%	25.08%	39.51%	20.13%	0.00%
DL5	-nan%	-nan%	-nan%	-nan%	-nan%	-nan%


Tabela Comparativa das Profundidades - Valores Absolutos (FRAME 32)
	AV1
HEVC	DL0	DL1	DL2	DL3	DL4	DL5
DL1	3928	49108	4180	128	0	0
DL2	908	8032	20708	2756	172	0
DL3	916	3580	7456	10152	808	0
DL4	596	1960	2616	3028	1848	0
DL5	0	0	0	0	0	0
Tabela Comparativa das Profundidades - Porcentagens (FRAME 32)
	AV1
HEVC	DL0	DL1	DL2	DL3	DL4	DL5
DL1	6.85%	85.64%	7.29%	0.22%	0.00%	0.00%
DL2	2.79%	24.66%	63.57%	8.46%	0.53%	0.00%
DL3	4.00%	15.62%	32.54%	44.31%	3.53%	0.00%
DL4	5.93%	19.51%	26.04%	30.14%	18.39%	0.00%
DL5	-nan%	-nan%	-nan%	-nan%	-nan%	-nan%


Tabela Comparativa das Profundidades - Valores Absolutos (FRAME 33)
	AV1
HEVC	DL0	DL1	DL2	DL3	DL4	DL5
DL1	1736	60484	4144	436	16	0
DL2	380	9168	21116	2948	308	0
DL3	152	3156	4788	6808	632	0
DL4	80	1950	1850	1704	1024	0
DL5	0	0	0	0	0	0
Tabela Comparativa das Profundidades - Porcentagens (FRAME 33)
	AV1
HEVC	DL0	DL1	DL2	DL3	DL4	DL5
DL1	2.60%	90.52%	6.20%	0.65%	0.02%	0.00%
DL2	1.12%	27.03%	62.25%	8.69%	0.91%	0.00%
DL3	0.98%	20.31%	30.82%	43.82%	4.07%	0.00%
DL4	1.21%	29.51%	28.00%	25.79%	15.50%	0.00%
DL5	-nan%	-nan%	-nan%	-nan%	-nan%	-nan%


Tabela Comparativa das Profundidades - Valores Absolutos (FRAME 34)
	AV1
HEVC	DL0	DL1	DL2	DL3	DL4	DL5
DL1	512	52352	5616	816	96	0
DL2	404	7516	22716	3724	328	0
DL3	368	3672	7812	9396	608	0
DL4	208	1352	2792	1744	848	0
DL5	0	0	0	0	0	0
Tabela Comparativa das Profundidades - Porcentagens (FRAME 34)
	AV1
HEVC	DL0	DL1	DL2	DL3	DL4	DL5
DL1	0.86%	88.15%	9.46%	1.37%	0.16%	0.00%
DL2	1.16%	21.67%	65.49%	10.74%	0.95%	0.00%
DL3	1.68%	16.80%	35.74%	42.99%	2.78%	0.00%
DL4	3.00%	19.47%	40.21%	25.12%	12.21%	0.00%
DL5	-nan%	-nan%	-nan%	-nan%	-nan%	-nan%


Tabela Comparativa das Profundidades - Valores Absolutos (FRAME 35)
	AV1
HEVC	DL0	DL1	DL2	DL3	DL4	DL5
DL1	0	43384	2680	16	0	0
DL2	0	7420	21008	4676	368	0
DL3	0	4084	9310	15224	1830	0
DL4	0	1972	3562	4618	2728	0
DL5	0	0	0	0	0	0
Tabela Comparativa das Profundidades - Porcentagens (FRAME 35)
	AV1
HEVC	DL0	DL1	DL2	DL3	DL4	DL5
DL1	0.00%	94.15%	5.82%	0.03%	0.00%	0.00%
DL2	0.00%	22.17%	62.76%	13.97%	1.10%	0.00%
DL3	0.00%	13.41%	30.58%	50.00%	6.01%	0.00%
DL4	0.00%	15.31%	27.66%	35.85%	21.18%	0.00%
DL5	-nan%	-nan%	-nan%	-nan%	-nan%	-nan%


Tabela Comparativa das Profundidades - Valores Absolutos (FRAME 36)
	AV1
HEVC	DL0	DL1	DL2	DL3	DL4	DL5
DL1	0	49288	4904	1088	16	0
DL2	0	8338	25552	4466	236	0
DL3	0	4264	6706	10126	744	0
DL4	0	1924	2040	2308	880	0
DL5	0	0	0	0	0	0
Tabela Comparativa das Profundidades - Porcentagens (FRAME 36)
	AV1
HEVC	DL0	DL1	DL2	DL3	DL4	DL5
DL1	0.00%	89.13%	8.87%	1.97%	0.03%	0.00%
DL2	0.00%	21.61%	66.21%	11.57%	0.61%	0.00%
DL3	0.00%	19.52%	30.71%	46.36%	3.41%	0.00%
DL4	0.00%	26.90%	28.52%	32.27%	12.30%	0.00%
DL5	-nan%	-nan%	-nan%	-nan%	-nan%	-nan%


Tabela Comparativa das Profundidades - Valores Absolutos (FRAME 37)
	AV1
HEVC	DL0	DL1	DL2	DL3	DL4	DL5
DL1	0	56064	5312	1056	32	0
DL2	0	6144	28160	2992	80	0
DL3	0	2608	7056	8752	624	0
DL4	0	464	1328	1552	656	0
DL5	0	0	0	0	0	0
Tabela Comparativa das Profundidades - Porcentagens (FRAME 37)
	AV1
HEVC	DL0	DL1	DL2	DL3	DL4	DL5
DL1	0.00%	89.75%	8.50%	1.69%	0.05%	0.00%
DL2	0.00%	16.44%	75.34%	8.01%	0.21%	0.00%
DL3	0.00%	13.70%	37.06%	45.97%	3.28%	0.00%
DL4	0.00%	11.60%	33.20%	38.80%	16.40%	0.00%
DL5	-nan%	-nan%	-nan%	-nan%	-nan%	-nan%


Tabela Comparativa das Profundidades - Valores Absolutos (FRAME 38)
	AV1
HEVC	DL0	DL1	DL2	DL3	DL4	DL5
DL1	768	7470	1658	840	16	0
DL2	160	7408	30676	8616	884	0
DL3	352	3780	17250	18146	1576	0
DL4	192	1408	9000	9328	3352	0
DL5	0	0	0	0	0	0
Tabela Comparativa das Profundidades - Porcentagens (FRAME 38)
	AV1
HEVC	DL0	DL1	DL2	DL3	DL4	DL5
DL1	7.14%	69.48%	15.42%	7.81%	0.15%	0.00%
DL2	0.34%	15.52%	64.25%	18.05%	1.85%	0.00%
DL3	0.86%	9.20%	41.97%	44.15%	3.83%	0.00%
DL4	0.82%	6.05%	38.66%	40.07%	14.40%	0.00%
DL5	-nan%	-nan%	-nan%	-nan%	-nan%	-nan%


Tabela Comparativa das Profundidades - Valores Absolutos (FRAME 39)
	AV1
HEVC	DL0	DL1	DL2	DL3	DL4	DL5
DL1	512	9424	1200	368	16	0
DL2	448	9356	24556	5460	692	0
DL3	48	3948	18564	20456	2600	0
DL4	16	2036	8328	10268	4584	0
DL5	0	0	0	0	0	0
Tabela Comparativa das Profundidades - Porcentagens (FRAME 39)
	AV1
HEVC	DL0	DL1	DL2	DL3	DL4	DL5
DL1	4.44%	81.81%	10.42%	3.19%	0.14%	0.00%
DL2	1.11%	23.09%	60.61%	13.48%	1.71%	0.00%
DL3	0.11%	8.65%	40.70%	44.84%	5.70%	0.00%
DL4	0.06%	8.07%	33.01%	40.69%	18.17%	0.00%
DL5	-nan%	-nan%	-nan%	-nan%	-nan%	-nan%


Tabela Comparativa das Profundidades - Valores Absolutos (FRAME 40)
	AV1
HEVC	DL0	DL1	DL2	DL3	DL4	DL5
DL1	0	26368	4152	156	44	0
DL2	0	8432	24120	3816	368	0
DL3	0	4204	10500	16316	2756	0
DL4	0	2444	5522	8496	5186	0
DL5	0	0	0	0	0	0
Tabela Comparativa das Profundidades - Porcentagens (FRAME 40)
	AV1
HEVC	DL0	DL1	DL2	DL3	DL4	DL5
DL1	0.00%	85.83%	13.52%	0.51%	0.14%	0.00%
DL2	0.00%	22.95%	65.66%	10.39%	1.00%	0.00%
DL3	0.00%	12.45%	31.09%	48.31%	8.16%	0.00%
DL4	0.00%	11.29%	25.51%	39.25%	23.96%	0.00%
DL5	-nan%	-nan%	-nan%	-nan%	-nan%	-nan%


Tabela Comparativa das Profundidades - Valores Absolutos (FRAME 41)
	AV1
HEVC	DL0	DL1	DL2	DL3	DL4	DL5
DL1	0	35972	2416	268	0	0
DL2	0	8864	21904	3912	136	0
DL3	0	3352	11256	14560	1904	0
DL4	0	2096	5108	7644	3488	0
DL5	0	0	0	0	0	0
Tabela Comparativa das Profundidades - Porcentagens (FRAME 41)
	AV1
HEVC	DL0	DL1	DL2	DL3	DL4	DL5
DL1	0.00%	93.06%	6.25%	0.69%	0.00%	0.00%
DL2	0.00%	25.46%	62.91%	11.24%	0.39%	0.00%
DL3	0.00%	10.79%	36.23%	46.86%	6.13%	0.00%
DL4	0.00%	11.43%	27.86%	41.69%	19.02%	0.00%
DL5	-nan%	-nan%	-nan%	-nan%	-nan%	-nan%


Tabela Comparativa das Profundidades - Valores Absolutos (FRAME 42)
	AV1
HEVC	DL0	DL1	DL2	DL3	DL4	DL5
DL1	0	52448	3616	496	16	0
DL2	0	7464	18392	3152	112	0
DL3	0	4362	7468	11130	1744	0
DL4	0	2536	3284	4680	1980	0
DL5	0	0	0	0	0	0
Tabela Comparativa das Profundidades - Porcentagens (FRAME 42)
	AV1
HEVC	DL0	DL1	DL2	DL3	DL4	DL5
DL1	0.00%	92.70%	6.39%	0.88%	0.03%	0.00%
DL2	0.00%	25.63%	63.16%	10.82%	0.38%	0.00%
DL3	0.00%	17.66%	30.23%	45.05%	7.06%	0.00%
DL4	0.00%	20.32%	26.31%	37.50%	15.87%	0.00%
DL5	-nan%	-nan%	-nan%	-nan%	-nan%	-nan%


Tabela Comparativa das Profundidades - Valores Absolutos (FRAME 43)
	AV1
HEVC	DL0	DL1	DL2	DL3	DL4	DL5
DL1	2560	58864	4552	1080	16	0
DL2	512	7398	21296	2666	64	0
DL3	256	4370	5716	8114	408	0
DL4	256	1620	1524	1148	460	0
DL5	0	0	0	0	0	0
Tabela Comparativa das Profundidades - Porcentagens (FRAME 43)
	AV1
HEVC	DL0	DL1	DL2	DL3	DL4	DL5
DL1	3.82%	87.76%	6.79%	1.61%	0.02%	0.00%
DL2	1.60%	23.17%	66.68%	8.35%	0.20%	0.00%
DL3	1.36%	23.17%	30.30%	43.01%	2.16%	0.00%
DL4	5.11%	32.35%	30.43%	22.92%	9.19%	0.00%
DL5	-nan%	-nan%	-nan%	-nan%	-nan%	-nan%


Tabela Comparativa das Profundidades - Valores Absolutos (FRAME 44)
	AV1
HEVC	DL0	DL1	DL2	DL3	DL4	DL5
DL1	0	49644	5712	452	0	0
DL2	0	7092	26368	3600	188	0
DL3	0	4026	8048	10706	644	0
DL4	0	1716	2298	1874	512	0
DL5	0	0	0	0	0	0
Tabela Comparativa das Profundidades - Porcentagens (FRAME 44)
	AV1
HEVC	DL0	DL1	DL2	DL3	DL4	DL5
DL1	0.00%	88.95%	10.24%	0.81%	0.00%	0.00%
DL2	0.00%	19.04%	70.79%	9.66%	0.50%	0.00%
DL3	0.00%	17.19%	34.36%	45.71%	2.75%	0.00%
DL4	0.00%	26.81%	35.91%	29.28%	8.00%	0.00%
DL5	-nan%	-nan%	-nan%	-nan%	-nan%	-nan%


Tabela Comparativa das Profundidades - Valores Absolutos (FRAME 45)
	AV1
HEVC	DL0	DL1	DL2	DL3	DL4	DL5
DL1	0	32320	2664	584	16	0
DL2	0	8630	26386	3656	176	0
DL3	0	3356	10636	17352	1984	0
DL4	0	2280	3868	5848	3124	0
DL5	0	0	0	0	0	0
Tabela Comparativa das Profundidades - Porcentagens (FRAME 45)
	AV1
HEVC	DL0	DL1	DL2	DL3	DL4	DL5
DL1	0.00%	90.83%	7.49%	1.64%	0.04%	0.00%
DL2	0.00%	22.21%	67.92%	9.41%	0.45%	0.00%
DL3	0.00%	10.07%	31.91%	52.06%	5.95%	0.00%
DL4	0.00%	15.08%	25.58%	38.68%	20.66%	0.00%
DL5	-nan%	-nan%	-nan%	-nan%	-nan%	-nan%


Tabela Comparativa das Profundidades - Valores Absolutos (FRAME 46)
	AV1
HEVC	DL0	DL1	DL2	DL3	DL4	DL5
DL1	0	46592	7104	1088	0	0
DL2	0	6976	30144	4752	176	0
DL3	0	2112	8112	10128	672	0
DL4	0	384	2064	1792	784	0
DL5	0	0	0	0	0	0
Tabela Comparativa das Profundidades - Porcentagens (FRAME 46)
	AV1
HEVC	DL0	DL1	DL2	DL3	DL4	DL5
DL1	0.00%	85.05%	12.97%	1.99%	0.00%	0.00%
DL2	0.00%	16.59%	71.69%	11.30%	0.42%	0.00%
DL3	0.00%	10.05%	38.58%	48.17%	3.20%	0.00%
DL4	0.00%	7.64%	41.08%	35.67%	15.61%	0.00%
DL5	-nan%	-nan%	-nan%	-nan%	-nan%	-nan%


Tabela Comparativa das Profundidades - Valores Absolutos (FRAME 47)
	AV1
HEVC	DL0	DL1	DL2	DL3	DL4	DL5
DL1	0	51186	5656	1206	64	0
DL2	0	9734	25572	2550	160	0
DL3	0	4120	7408	8256	344	0
DL4	0	2104	2238	1778	504	0
DL5	0	0	0	0	0	0
Tabela Comparativa das Profundidades - Porcentagens (FRAME 47)
	AV1
HEVC	DL0	DL1	DL2	DL3	DL4	DL5
DL1	0.00%	88.08%	9.73%	2.08%	0.11%	0.00%
DL2	0.00%	25.61%	67.27%	6.71%	0.42%	0.00%
DL3	0.00%	20.47%	36.80%	41.02%	1.71%	0.00%
DL4	0.00%	31.76%	33.79%	26.84%	7.61%	0.00%
DL5	-nan%	-nan%	-nan%	-nan%	-nan%	-nan%


Tabela Comparativa das Profundidades - Valores Absolutos (FRAME 48)
	AV1
HEVC	DL0	DL1	DL2	DL3	DL4	DL5
DL1	1024	33140	2816	140	0	0
DL2	0	9568	23176	4308	324	0
DL3	0	3944	11666	16394	1388	0
DL4	0	2144	4820	5672	2356	0
DL5	0	0	0	0	0	0
Tabela Comparativa das Profundidades - Porcentagens (FRAME 48)
	AV1
HEVC	DL0	DL1	DL2	DL3	DL4	DL5
DL1	2.76%	89.28%	7.59%	0.38%	0.00%	0.00%
DL2	0.00%	25.60%	62.01%	11.53%	0.87%	0.00%
DL3	0.00%	11.81%	34.94%	49.10%	4.16%	0.00%
DL4	0.00%	14.30%	32.15%	37.83%	15.72%	0.00%
DL5	-nan%	-nan%	-nan%	-nan%	-nan%	-nan%


Tabela Comparativa das Profundidades - Valores Absolutos (FRAME 49)
	AV1
HEVC	DL0	DL1	DL2	DL3	DL4	DL5
DL1	2048	31232	3200	368	16	0
DL2	704	7030	22754	3976	224	0
DL3	192	3674	10390	16724	2220	0
DL4	128	2108	5214	7200	3478	0
DL5	0	0	0	0	0	0
Tabela Comparativa das Profundidades - Porcentagens (FRAME 49)
	AV1
HEVC	DL0	DL1	DL2	DL3	DL4	DL5
DL1	5.56%	84.72%	8.68%	1.00%	0.04%	0.00%
DL2	2.03%	20.27%	65.60%	11.46%	0.65%	0.00%
DL3	0.58%	11.07%	31.30%	50.37%	6.69%	0.00%
DL4	0.71%	11.63%	28.76%	39.72%	19.19%	0.00%
DL5	-nan%	-nan%	-nan%	-nan%	-nan%	-nan%


Tabela Comparativa das Profundidades - Valores Absolutos (FRAME 50)
	AV1
HEVC	DL0	DL1	DL2	DL3	DL4	DL5
DL1	1024	49230	3886	644	0	0
DL2	0	7048	23592	2776	248	0
DL3	0	3584	7450	11658	1532	0
DL4	0	1820	2646	3882	1860	0
DL5	0	0	0	0	0	0
Tabela Comparativa das Profundidades - Porcentagens (FRAME 50)
	AV1
HEVC	DL0	DL1	DL2	DL3	DL4	DL5
DL1	1.87%	89.86%	7.09%	1.18%	0.00%	0.00%
DL2	0.00%	20.94%	70.08%	8.25%	0.74%	0.00%
DL3	0.00%	14.80%	30.75%	48.13%	6.32%	0.00%
DL4	0.00%	17.83%	25.92%	38.03%	18.22%	0.00%
DL5	-nan%	-nan%	-nan%	-nan%	-nan%	-nan%


Tabela Comparativa das Profundidades - Valores Absolutos (FRAME 51)
	AV1
HEVC	DL0	DL1	DL2	DL3	DL4	DL5
DL1	2744	55144	4288	1544	24	0
DL2	696	6352	23552	2824	48	0
DL3	480	2736	7448	8048	680	0
DL4	324	1484	2148	1694	622	0
DL5	0	0	0	0	0	0
Tabela Comparativa das Profundidades - Porcentagens (FRAME 51)
	AV1
HEVC	DL0	DL1	DL2	DL3	DL4	DL5
DL1	4.30%	86.51%	6.73%	2.42%	0.04%	0.00%
DL2	2.08%	18.98%	70.36%	8.44%	0.14%	0.00%
DL3	2.48%	14.11%	38.41%	41.50%	3.51%	0.00%
DL4	5.17%	23.66%	34.25%	27.01%	9.92%	0.00%
DL5	-nan%	-nan%	-nan%	-nan%	-nan%	-nan%


Tabela Comparativa das Profundidades - Valores Absolutos (FRAME 52)
	AV1
HEVC	DL0	DL1	DL2	DL3	DL4	DL5
DL1	1892	44256	5236	1280	72	0
DL2	768	8668	22416	4000	244	0
DL3	740	3696	7752	12728	732	0
DL4	488	1656	2292	2716	1248	0
DL5	0	0	0	0	0	0
Tabela Comparativa das Profundidades - Porcentagens (FRAME 52)
	AV1
HEVC	DL0	DL1	DL2	DL3	DL4	DL5
DL1	3.59%	83.92%	9.93%	2.43%	0.14%	0.00%
DL2	2.13%	24.01%	62.10%	11.08%	0.68%	0.00%
DL3	2.89%	14.41%	30.22%	49.63%	2.85%	0.00%
DL4	5.81%	19.71%	27.29%	32.33%	14.86%	0.00%
DL5	-nan%	-nan%	-nan%	-nan%	-nan%	-nan%


Tabela Comparativa das Profundidades - Valores Absolutos (FRAME 53)
	AV1
HEVC	DL0	DL1	DL2	DL3	DL4	DL5
DL1	0	36216	3400	240	80	0
DL2	0	8816	24632	3412	132	0
DL3	0	3148	9416	17592	1204	0
DL4	0	2100	3728	6368	2396	0
DL5	0	0	0	0	0	0
Tabela Comparativa das Profundidades - Porcentagens (FRAME 53)
	AV1
HEVC	DL0	DL1	DL2	DL3	DL4	DL5
DL1	0.00%	90.69%	8.51%	0.60%	0.20%	0.00%
DL2	0.00%	23.83%	66.59%	9.22%	0.36%	0.00%
DL3	0.00%	10.04%	30.03%	56.10%	3.84%	0.00%
DL4	0.00%	14.39%	25.55%	43.64%	16.42%	0.00%
DL5	-nan%	-nan%	-nan%	-nan%	-nan%	-nan%


Tabela Comparativa das Profundidades - Valores Absolutos (FRAME 54)
	AV1
HEVC	DL0	DL1	DL2	DL3	DL4	DL5
DL1	624	50732	6180	1088	0	0
DL2	600	7724	24098	3114	304	0
DL3	624	3632	6820	8352	1084	0
DL4	376	1848	2460	2044	1176	0
DL5	0	0	0	0	0	0
Tabela Comparativa das Profundidades - Porcentagens (FRAME 54)
	AV1
HEVC	DL0	DL1	DL2	DL3	DL4	DL5
DL1	1.06%	86.54%	10.54%	1.86%	0.00%	0.00%
DL2	1.67%	21.55%	67.24%	8.69%	0.85%	0.00%
DL3	3.04%	17.71%	33.25%	40.72%	5.28%	0.00%
DL4	4.76%	23.38%	31.12%	25.86%	14.88%	0.00%
DL5	-nan%	-nan%	-nan%	-nan%	-nan%	-nan%


Tabela Comparativa das Profundidades - Valores Absolutos (FRAME 55)
	AV1
HEVC	DL0	DL1	DL2	DL3	DL4	DL5
DL1	1024	59392	6592	832	0	0
DL2	0	7232	23040	2256	112	0
DL3	0	2736	6320	8288	576	0
DL4	0	784	1296	1648	752	0
DL5	0	0	0	0	0	0
Tabela Comparativa das Profundidades - Porcentagens (FRAME 55)
	AV1
HEVC	DL0	DL1	DL2	DL3	DL4	DL5
DL1	1.51%	87.55%	9.72%	1.23%	0.00%	0.00%
DL2	0.00%	22.16%	70.59%	6.91%	0.34%	0.00%
DL3	0.00%	15.27%	35.27%	46.25%	3.21%	0.00%
DL4	0.00%	17.50%	28.93%	36.79%	16.79%	0.00%
DL5	-nan%	-nan%	-nan%	-nan%	-nan%	-nan%


Tabela Comparativa das Profundidades - Valores Absolutos (FRAME 56)
	AV1
HEVC	DL0	DL1	DL2	DL3	DL4	DL5
DL1	768	13692	1352	316	0	0
DL2	1152	13106	23242	6312	796	0
DL3	128	5560	13496	16296	2808	0
DL4	0	2428	6896	10128	4404	0
DL5	0	0	0	0	0	0
Tabela Comparativa das Profundidades - Porcentagens (FRAME 56)
	AV1
HEVC	DL0	DL1	DL2	DL3	DL4	DL5
DL1	4.76%	84.90%	8.38%	1.96%	0.00%	0.00%
DL2	2.58%	29.38%	52.10%	14.15%	1.78%	0.00%
DL3	0.33%	14.52%	35.25%	42.56%	7.33%	0.00%
DL4	0.00%	10.18%	28.91%	42.45%	18.46%	0.00%
DL5	-nan%	-nan%	-nan%	-nan%	-nan%	-nan%


Tabela Comparativa das Profundidades - Valores Absolutos (FRAME 57)
	AV1
HEVC	DL0	DL1	DL2	DL3	DL4	DL5
DL1	0	25380	1748	264	0	0
DL2	0	11748	19688	2952	428	0
DL3	0	4604	11660	19564	2044	0
DL4	0	2824	5936	9388	4652	0
DL5	0	0	0	0	0	0
Tabela Comparativa das Profundidades - Porcentagens (FRAME 57)
	AV1
HEVC	DL0	DL1	DL2	DL3	DL4	DL5
DL1	0.00%	92.65%	6.38%	0.96%	0.00%	0.00%
DL2	0.00%	33.74%	56.55%	8.48%	1.23%	0.00%
DL3	0.00%	12.16%	30.79%	51.66%	5.40%	0.00%
DL4	0.00%	12.39%	26.04%	41.18%	20.40%	0.00%
DL5	-nan%	-nan%	-nan%	-nan%	-nan%	-nan%


Tabela Comparativa das Profundidades - Valores Absolutos (FRAME 58)
	AV1
HEVC	DL0	DL1	DL2	DL3	DL4	DL5
DL1	5102	33806	2608	212	0	0
DL2	1768	7876	16764	4440	320	0
DL3	824	2562	10226	17928	1740	0
DL4	602	2034	4072	6972	3024	0
DL5	0	0	0	0	0	0
Tabela Comparativa das Profundidades - Porcentagens (FRAME 58)
	AV1
HEVC	DL0	DL1	DL2	DL3	DL4	DL5
DL1	12.23%	81.02%	6.25%	0.51%	0.00%	0.00%
DL2	5.67%	25.27%	53.79%	14.25%	1.03%	0.00%
DL3	2.48%	7.70%	30.73%	53.87%	5.23%	0.00%
DL4	3.60%	12.18%	24.38%	41.74%	18.10%	0.00%
DL5	-nan%	-nan%	-nan%	-nan%	-nan%	-nan%


Tabela Comparativa das Profundidades - Valores Absolutos (FRAME 59)
	AV1
HEVC	DL0	DL1	DL2	DL3	DL4	DL5
DL1	1536	48400	5424	448	0	0
DL2	448	8718	20118	2952	276	0
DL3	416	3238	6596	11698	1236	0
DL4	320	1832	2848	4320	2056	0
DL5	0	0	0	0	0	0
Tabela Comparativa das Profundidades - Porcentagens (FRAME 59)
	AV1
HEVC	DL0	DL1	DL2	DL3	DL4	DL5
DL1	2.75%	86.73%	9.72%	0.80%	0.00%	0.00%
DL2	1.38%	26.81%	61.88%	9.08%	0.85%	0.00%
DL3	1.79%	13.97%	28.45%	50.46%	5.33%	0.00%
DL4	2.81%	16.10%	25.04%	37.97%	18.07%	0.00%
DL5	-nan%	-nan%	-nan%	-nan%	-nan%	-nan%


Tabela Comparativa das Profundidades - Valores Absolutos (FRAME 60)
	AV1
HEVC	DL0	DL1	DL2	DL3	DL4	DL5
DL1	1024	52580	4456	516	48	0
DL2	0	7842	25274	3516	232	0
DL3	0	3592	7668	8724	688	0
DL4	0	2036	2100	1904	680	0
DL5	0	0	0	0	0	0
Tabela Comparativa das Profundidades - Porcentagens (FRAME 60)
	AV1
HEVC	DL0	DL1	DL2	DL3	DL4	DL5
DL1	1.75%	89.69%	7.60%	0.88%	0.08%	0.00%
DL2	0.00%	21.27%	68.56%	9.54%	0.63%	0.00%
DL3	0.00%	17.38%	37.09%	42.20%	3.33%	0.00%
DL4	0.00%	30.30%	31.25%	28.33%	10.12%	0.00%
DL5	-nan%	-nan%	-nan%	-nan%	-nan%	-nan%


