Tabela Comparativa das Profundidades - Valores Absolutos (FRAME  1)
	AV1
HEVC	DL0	DL1	DL2	DL3	DL4	DL5
DL1	0	768	1280	0	0	0
DL2	0	512	15936	656	304	0
DL3	0	176	3408	5376	2912	0
DL4	0	80	2800	3824	13168	0
DL5	0	0	0	0	0	0
Tabela Comparativa das Profundidades - Porcentagens (FRAME  1)
	AV1
HEVC	DL0	DL1	DL2	DL3	DL4	DL5
DL1	0.00%	37.50%	62.50%	0.00%	0.00%	0.00%
DL2	0.00%	2.94%	91.54%	3.77%	1.75%	0.00%
DL3	0.00%	1.48%	28.71%	45.28%	24.53%	0.00%
DL4	0.00%	0.40%	14.09%	19.24%	66.26%	0.00%
DL5	-nan%	-nan%	-nan%	-nan%	-nan%	-nan%


Tabela Comparativa das Profundidades - Valores Absolutos (FRAME  2)
	AV1
HEVC	DL0	DL1	DL2	DL3	DL4	DL5
DL1	0	3328	0	0	0	0
DL2	0	3984	8496	2576	304	0
DL3	0	1036	3632	11724	2536	0
DL4	0	268	1892	6808	4616	0
DL5	0	0	0	0	0	0
Tabela Comparativa das Profundidades - Porcentagens (FRAME  2)
	AV1
HEVC	DL0	DL1	DL2	DL3	DL4	DL5
DL1	0.00%	100.00%	0.00%	0.00%	0.00%	0.00%
DL2	0.00%	25.94%	55.31%	16.77%	1.98%	0.00%
DL3	0.00%	5.47%	19.19%	61.94%	13.40%	0.00%
DL4	0.00%	1.97%	13.93%	50.12%	33.98%	0.00%
DL5	-nan%	-nan%	-nan%	-nan%	-nan%	-nan%


Tabela Comparativa das Profundidades - Valores Absolutos (FRAME  3)
	AV1
HEVC	DL0	DL1	DL2	DL3	DL4	DL5
DL1	0	3840	704	48	16	0
DL2	0	3136	15184	3372	516	0
DL3	0	336	7248	7808	1152	0
DL4	0	48	2016	3636	2140	0
DL5	0	0	0	0	0	0
Tabela Comparativa das Profundidades - Porcentagens (FRAME  3)
	AV1
HEVC	DL0	DL1	DL2	DL3	DL4	DL5
DL1	0.00%	83.33%	15.28%	1.04%	0.35%	0.00%
DL2	0.00%	14.12%	68.37%	15.18%	2.32%	0.00%
DL3	0.00%	2.03%	43.81%	47.20%	6.96%	0.00%
DL4	0.00%	0.61%	25.71%	46.38%	27.30%	0.00%
DL5	-nan%	-nan%	-nan%	-nan%	-nan%	-nan%


Tabela Comparativa das Profundidades - Valores Absolutos (FRAME  4)
	AV1
HEVC	DL0	DL1	DL2	DL3	DL4	DL5
DL1	0	12544	384	128	0	0
DL2	0	1792	10640	2704	224	0
DL3	0	784	6432	8108	1060	0
DL4	0	48	1428	3132	1792	0
DL5	0	0	0	0	0	0
Tabela Comparativa das Profundidades - Porcentagens (FRAME  4)
	AV1
HEVC	DL0	DL1	DL2	DL3	DL4	DL5
DL1	0.00%	96.08%	2.94%	0.98%	0.00%	0.00%
DL2	0.00%	11.67%	69.27%	17.60%	1.46%	0.00%
DL3	0.00%	4.79%	39.26%	49.49%	6.47%	0.00%
DL4	0.00%	0.75%	22.31%	48.94%	28.00%	0.00%
DL5	-nan%	-nan%	-nan%	-nan%	-nan%	-nan%


Tabela Comparativa das Profundidades - Valores Absolutos (FRAME  5)
	AV1
HEVC	DL0	DL1	DL2	DL3	DL4	DL5
DL1	0	5888	1152	128	0	0
DL2	0	4152	14008	2848	304	0
DL3	0	952	6418	8054	1344	0
DL4	0	64	1408	2624	1856	0
DL5	0	0	0	0	0	0
Tabela Comparativa das Profundidades - Porcentagens (FRAME  5)
	AV1
HEVC	DL0	DL1	DL2	DL3	DL4	DL5
DL1	0.00%	82.14%	16.07%	1.79%	0.00%	0.00%
DL2	0.00%	19.48%	65.73%	13.36%	1.43%	0.00%
DL3	0.00%	5.68%	38.28%	48.03%	8.02%	0.00%
DL4	0.00%	1.08%	23.66%	44.09%	31.18%	0.00%
DL5	-nan%	-nan%	-nan%	-nan%	-nan%	-nan%


Tabela Comparativa das Profundidades - Valores Absolutos (FRAME  6)
	AV1
HEVC	DL0	DL1	DL2	DL3	DL4	DL5
DL1	0	3840	128	128	0	0
DL2	0	448	15136	4240	336	0
DL3	0	512	7721	11687	864	0
DL4	0	128	1536	3312	1184	0
DL5	0	0	0	0	0	0
Tabela Comparativa das Profundidades - Porcentagens (FRAME  6)
	AV1
HEVC	DL0	DL1	DL2	DL3	DL4	DL5
DL1	0.00%	93.75%	3.12%	3.12%	0.00%	0.00%
DL2	0.00%	2.22%	75.08%	21.03%	1.67%	0.00%
DL3	0.00%	2.46%	37.15%	56.23%	4.16%	0.00%
DL4	0.00%	2.08%	24.94%	53.77%	19.22%	0.00%
DL5	-nan%	-nan%	-nan%	-nan%	-nan%	-nan%


Tabela Comparativa das Profundidades - Valores Absolutos (FRAME  7)
	AV1
HEVC	DL0	DL1	DL2	DL3	DL4	DL5
DL1	0	14336	960	64	0	0
DL2	0	1856	16000	2864	336	0
DL3	0	704	4384	6160	896	0
DL4	0	0	672	1136	832	0
DL5	0	0	0	0	0	0
Tabela Comparativa das Profundidades - Porcentagens (FRAME  7)
	AV1
HEVC	DL0	DL1	DL2	DL3	DL4	DL5
DL1	0.00%	93.33%	6.25%	0.42%	0.00%	0.00%
DL2	0.00%	8.81%	75.99%	13.60%	1.60%	0.00%
DL3	0.00%	5.80%	36.10%	50.72%	7.38%	0.00%
DL4	0.00%	0.00%	25.45%	43.03%	31.52%	0.00%
DL5	-nan%	-nan%	-nan%	-nan%	-nan%	-nan%


Tabela Comparativa das Profundidades - Valores Absolutos (FRAME  8)
	AV1
HEVC	DL0	DL1	DL2	DL3	DL4	DL5
DL1	0	15616	1280	496	16	0
DL2	0	2912	13432	2752	104	0
DL3	0	1056	5048	5400	560	0
DL4	0	32	992	992	512	0
DL5	0	0	0	0	0	0
Tabela Comparativa das Profundidades - Porcentagens (FRAME  8)
	AV1
HEVC	DL0	DL1	DL2	DL3	DL4	DL5
DL1	0.00%	89.71%	7.35%	2.85%	0.09%	0.00%
DL2	0.00%	15.17%	69.96%	14.33%	0.54%	0.00%
DL3	0.00%	8.75%	41.84%	44.76%	4.64%	0.00%
DL4	0.00%	1.27%	39.24%	39.24%	20.25%	0.00%
DL5	-nan%	-nan%	-nan%	-nan%	-nan%	-nan%


Tabela Comparativa das Profundidades - Valores Absolutos (FRAME  9)
	AV1
HEVC	DL0	DL1	DL2	DL3	DL4	DL5
DL1	0	13056	1408	128	0	0
DL2	0	3254	11610	2336	144	0
DL3	0	1152	4732	7620	992	0
DL4	0	128	1040	2528	1072	0
DL5	0	0	0	0	0	0
Tabela Comparativa das Profundidades - Porcentagens (FRAME  9)
	AV1
HEVC	DL0	DL1	DL2	DL3	DL4	DL5
DL1	0.00%	89.47%	9.65%	0.88%	0.00%	0.00%
DL2	0.00%	18.76%	66.94%	13.47%	0.83%	0.00%
DL3	0.00%	7.95%	32.64%	52.57%	6.84%	0.00%
DL4	0.00%	2.68%	21.81%	53.02%	22.48%	0.00%
DL5	-nan%	-nan%	-nan%	-nan%	-nan%	-nan%


Tabela Comparativa das Profundidades - Valores Absolutos (FRAME 10)
	AV1
HEVC	DL0	DL1	DL2	DL3	DL4	DL5
DL1	0	15616	1280	0	0	0
DL2	0	1248	13704	3016	144	0
DL3	0	512	5328	5952	800	0
DL4	0	128	736	1760	976	0
DL5	0	0	0	0	0	0
Tabela Comparativa das Profundidades - Porcentagens (FRAME 10)
	AV1
HEVC	DL0	DL1	DL2	DL3	DL4	DL5
DL1	0.00%	92.42%	7.58%	0.00%	0.00%	0.00%
DL2	0.00%	6.89%	75.66%	16.65%	0.80%	0.00%
DL3	0.00%	4.07%	42.31%	47.27%	6.35%	0.00%
DL4	0.00%	3.56%	20.44%	48.89%	27.11%	0.00%
DL5	-nan%	-nan%	-nan%	-nan%	-nan%	-nan%


Tabela Comparativa das Profundidades - Valores Absolutos (FRAME 11)
	AV1
HEVC	DL0	DL1	DL2	DL3	DL4	DL5
DL1	0	12800	1792	0	0	0
DL2	0	2976	17088	2768	272	0
DL3	0	1920	4080	5008	352	0
DL4	0	0	704	1024	416	0
DL5	0	0	0	0	0	0
Tabela Comparativa das Profundidades - Porcentagens (FRAME 11)
	AV1
HEVC	DL0	DL1	DL2	DL3	DL4	DL5
DL1	0.00%	87.72%	12.28%	0.00%	0.00%	0.00%
DL2	0.00%	12.88%	73.96%	11.98%	1.18%	0.00%
DL3	0.00%	16.90%	35.92%	44.08%	3.10%	0.00%
DL4	0.00%	0.00%	32.84%	47.76%	19.40%	0.00%
DL5	-nan%	-nan%	-nan%	-nan%	-nan%	-nan%


Tabela Comparativa das Profundidades - Valores Absolutos (FRAME 12)
	AV1
HEVC	DL0	DL1	DL2	DL3	DL4	DL5
DL1	512	8448	1904	608	48	0
DL2	128	2767	15825	2992	240	0
DL3	128	1520	5532	7052	312	0
DL4	0	80	964	1548	592	0
DL5	0	0	0	0	0	0
Tabela Comparativa das Profundidades - Porcentagens (FRAME 12)
	AV1
HEVC	DL0	DL1	DL2	DL3	DL4	DL5
DL1	4.44%	73.33%	16.53%	5.28%	0.42%	0.00%
DL2	0.58%	12.60%	72.09%	13.63%	1.09%	0.00%
DL3	0.88%	10.45%	38.04%	48.49%	2.15%	0.00%
DL4	0.00%	2.51%	30.28%	48.62%	18.59%	0.00%
DL5	-nan%	-nan%	-nan%	-nan%	-nan%	-nan%


Tabela Comparativa das Profundidades - Valores Absolutos (FRAME 13)
	AV1
HEVC	DL0	DL1	DL2	DL3	DL4	DL5
DL1	1024	11008	1536	0	0	0
DL2	0	2688	18688	2080	352	0
DL3	0	128	3872	5040	992	0
DL4	0	0	992	1840	960	0
DL5	0	0	0	0	0	0
Tabela Comparativa das Profundidades - Porcentagens (FRAME 13)
	AV1
HEVC	DL0	DL1	DL2	DL3	DL4	DL5
DL1	7.55%	81.13%	11.32%	0.00%	0.00%	0.00%
DL2	0.00%	11.29%	78.49%	8.74%	1.48%	0.00%
DL3	0.00%	1.28%	38.60%	50.24%	9.89%	0.00%
DL4	0.00%	0.00%	26.16%	48.52%	25.32%	0.00%
DL5	-nan%	-nan%	-nan%	-nan%	-nan%	-nan%


Tabela Comparativa das Profundidades - Valores Absolutos (FRAME 14)
	AV1
HEVC	DL0	DL1	DL2	DL3	DL4	DL5
DL1	0	12544	2240	64	0	0
DL2	0	2576	11168	2112	144	0
DL3	0	1120	6320	8256	880	0
DL4	0	160	752	1968	896	0
DL5	0	0	0	0	0	0
Tabela Comparativa das Profundidades - Porcentagens (FRAME 14)
	AV1
HEVC	DL0	DL1	DL2	DL3	DL4	DL5
DL1	0.00%	84.48%	15.09%	0.43%	0.00%	0.00%
DL2	0.00%	16.10%	69.80%	13.20%	0.90%	0.00%
DL3	0.00%	6.76%	38.13%	49.81%	5.31%	0.00%
DL4	0.00%	4.24%	19.92%	52.12%	23.73%	0.00%
DL5	-nan%	-nan%	-nan%	-nan%	-nan%	-nan%


Tabela Comparativa das Profundidades - Valores Absolutos (FRAME 15)
	AV1
HEVC	DL0	DL1	DL2	DL3	DL4	DL5
DL1	0	15424	2048	192	0	0
DL2	0	2192	13536	2472	168	0
DL3	0	1008	4864	6528	432	0
DL4	0	16	576	1168	576	0
DL5	0	0	0	0	0	0
Tabela Comparativa das Profundidades - Porcentagens (FRAME 15)
	AV1
HEVC	DL0	DL1	DL2	DL3	DL4	DL5
DL1	0.00%	87.32%	11.59%	1.09%	0.00%	0.00%
DL2	0.00%	11.93%	73.69%	13.46%	0.91%	0.00%
DL3	0.00%	7.86%	37.91%	50.87%	3.37%	0.00%
DL4	0.00%	0.68%	24.66%	50.00%	24.66%	0.00%
DL5	-nan%	-nan%	-nan%	-nan%	-nan%	-nan%


Tabela Comparativa das Profundidades - Valores Absolutos (FRAME 16)
	AV1
HEVC	DL0	DL1	DL2	DL3	DL4	DL5
DL1	0	15104	1088	352	96	0
DL2	0	2496	16176	2688	80	0
DL3	0	640	5436	4948	352	0
DL4	0	0	592	848	304	0
DL5	0	0	0	0	0	0
Tabela Comparativa das Profundidades - Porcentagens (FRAME 16)
	AV1
HEVC	DL0	DL1	DL2	DL3	DL4	DL5
DL1	0.00%	90.77%	6.54%	2.12%	0.58%	0.00%
DL2	0.00%	11.64%	75.45%	12.54%	0.37%	0.00%
DL3	0.00%	5.63%	47.78%	43.50%	3.09%	0.00%
DL4	0.00%	0.00%	33.94%	48.62%	17.43%	0.00%
DL5	-nan%	-nan%	-nan%	-nan%	-nan%	-nan%


Tabela Comparativa das Profundidades - Valores Absolutos (FRAME 17)
	AV1
HEVC	DL0	DL1	DL2	DL3	DL4	DL5
DL1	0	11008	1744	552	8	0
DL2	0	2457	14983	4288	224	0
DL3	0	1768	5264	6264	368	0
DL4	0	16	800	880	576	0
DL5	0	0	0	0	0	0
Tabela Comparativa das Profundidades - Porcentagens (FRAME 17)
	AV1
HEVC	DL0	DL1	DL2	DL3	DL4	DL5
DL1	0.00%	82.69%	13.10%	4.15%	0.06%	0.00%
DL2	0.00%	11.19%	68.25%	19.53%	1.02%	0.00%
DL3	0.00%	12.94%	38.52%	45.84%	2.69%	0.00%
DL4	0.00%	0.70%	35.21%	38.73%	25.35%	0.00%
DL5	-nan%	-nan%	-nan%	-nan%	-nan%	-nan%


Tabela Comparativa das Profundidades - Valores Absolutos (FRAME 18)
	AV1
HEVC	DL0	DL1	DL2	DL3	DL4	DL5
DL1	0	5376	816	208	0	0
DL2	0	3488	11376	2608	192	0
DL3	0	1620	5068	11536	1936	0
DL4	0	48	1392	3328	2208	0
DL5	0	0	0	0	0	0
Tabela Comparativa das Profundidades - Porcentagens (FRAME 18)
	AV1
HEVC	DL0	DL1	DL2	DL3	DL4	DL5
DL1	0.00%	84.00%	12.75%	3.25%	0.00%	0.00%
DL2	0.00%	19.75%	64.40%	14.76%	1.09%	0.00%
DL3	0.00%	8.04%	25.14%	57.22%	9.60%	0.00%
DL4	0.00%	0.69%	19.95%	47.71%	31.65%	0.00%
DL5	-nan%	-nan%	-nan%	-nan%	-nan%	-nan%


Tabela Comparativa das Profundidades - Valores Absolutos (FRAME 19)
	AV1
HEVC	DL0	DL1	DL2	DL3	DL4	DL5
DL1	0	13312	2112	128	64	0
DL2	0	2240	17152	3296	352	0
DL3	0	240	4656	4880	448	0
DL4	0	80	656	1072	512	0
DL5	0	0	0	0	0	0
Tabela Comparativa das Profundidades - Porcentagens (FRAME 19)
	AV1
HEVC	DL0	DL1	DL2	DL3	DL4	DL5
DL1	0.00%	85.25%	13.52%	0.82%	0.41%	0.00%
DL2	0.00%	9.72%	74.44%	14.31%	1.53%	0.00%
DL3	0.00%	2.35%	45.54%	47.73%	4.38%	0.00%
DL4	0.00%	3.45%	28.28%	46.21%	22.07%	0.00%
DL5	-nan%	-nan%	-nan%	-nan%	-nan%	-nan%


Tabela Comparativa das Profundidades - Valores Absolutos (FRAME 20)
	AV1
HEVC	DL0	DL1	DL2	DL3	DL4	DL5
DL1	0	14592	704	64	0	0
DL2	0	2765	19433	3066	144	0
DL3	0	640	4075	3925	384	0
DL4	0	0	400	608	400	0
DL5	0	0	0	0	0	0
Tabela Comparativa das Profundidades - Porcentagens (FRAME 20)
	AV1
HEVC	DL0	DL1	DL2	DL3	DL4	DL5
DL1	0.00%	95.00%	4.58%	0.42%	0.00%	0.00%
DL2	0.00%	10.88%	76.48%	12.07%	0.57%	0.00%
DL3	0.00%	7.09%	45.16%	43.50%	4.26%	0.00%
DL4	0.00%	0.00%	28.41%	43.18%	28.41%	0.00%
DL5	-nan%	-nan%	-nan%	-nan%	-nan%	-nan%


Tabela Comparativa das Profundidades - Valores Absolutos (FRAME 21)
	AV1
HEVC	DL0	DL1	DL2	DL3	DL4	DL5
DL1	0	3840	1024	512	0	0
DL2	0	2176	16128	2432	512	0
DL3	0	1888	7484	4020	944	0
DL4	0	160	2160	3808	4112	0
DL5	0	0	0	0	0	0
Tabela Comparativa das Profundidades - Porcentagens (FRAME 21)
	AV1
HEVC	DL0	DL1	DL2	DL3	DL4	DL5
DL1	0.00%	71.43%	19.05%	9.52%	0.00%	0.00%
DL2	0.00%	10.24%	75.90%	11.45%	2.41%	0.00%
DL3	0.00%	13.17%	52.20%	28.04%	6.58%	0.00%
DL4	0.00%	1.56%	21.09%	37.19%	40.16%	0.00%
DL5	-nan%	-nan%	-nan%	-nan%	-nan%	-nan%


Tabela Comparativa das Profundidades - Valores Absolutos (FRAME 22)
	AV1
HEVC	DL0	DL1	DL2	DL3	DL4	DL5
DL1	0	7680	512	224	32	0
DL2	0	1152	8506	2086	288	0
DL3	0	528	6588	5792	1540	0
DL4	0	368	2971	6569	6364	0
DL5	0	0	0	0	0	0
Tabela Comparativa das Profundidades - Porcentagens (FRAME 22)
	AV1
HEVC	DL0	DL1	DL2	DL3	DL4	DL5
DL1	0.00%	90.91%	6.06%	2.65%	0.38%	0.00%
DL2	0.00%	9.57%	70.69%	17.34%	2.39%	0.00%
DL3	0.00%	3.65%	45.60%	40.09%	10.66%	0.00%
DL4	0.00%	2.26%	18.26%	40.37%	39.11%	0.00%
DL5	-nan%	-nan%	-nan%	-nan%	-nan%	-nan%


Tabela Comparativa das Profundidades - Valores Absolutos (FRAME 23)
	AV1
HEVC	DL0	DL1	DL2	DL3	DL4	DL5
DL1	0	6912	880	144	0	0
DL2	0	3217	10939	2840	412	0
DL3	0	512	7220	9876	968	0
DL4	0	64	1692	3496	2028	0
DL5	0	0	0	0	0	0
Tabela Comparativa das Profundidades - Porcentagens (FRAME 23)
	AV1
HEVC	DL0	DL1	DL2	DL3	DL4	DL5
DL1	0.00%	87.10%	11.09%	1.81%	0.00%	0.00%
DL2	0.00%	18.48%	62.84%	16.31%	2.37%	0.00%
DL3	0.00%	2.76%	38.87%	53.17%	5.21%	0.00%
DL4	0.00%	0.88%	23.24%	48.02%	27.86%	0.00%
DL5	-nan%	-nan%	-nan%	-nan%	-nan%	-nan%


Tabela Comparativa das Profundidades - Valores Absolutos (FRAME 24)
	AV1
HEVC	DL0	DL1	DL2	DL3	DL4	DL5
DL1	0	6912	640	128	0	0
DL2	0	2552	13864	3500	244	0
DL3	0	824	5248	11208	1136	0
DL4	0	0	800	2624	1520	0
DL5	0	0	0	0	0	0
Tabela Comparativa das Profundidades - Porcentagens (FRAME 24)
	AV1
HEVC	DL0	DL1	DL2	DL3	DL4	DL5
DL1	0.00%	90.00%	8.33%	1.67%	0.00%	0.00%
DL2	0.00%	12.66%	68.77%	17.36%	1.21%	0.00%
DL3	0.00%	4.47%	28.50%	60.86%	6.17%	0.00%
DL4	0.00%	0.00%	16.18%	53.07%	30.74%	0.00%
DL5	-nan%	-nan%	-nan%	-nan%	-nan%	-nan%


Tabela Comparativa das Profundidades - Valores Absolutos (FRAME 25)
	AV1
HEVC	DL0	DL1	DL2	DL3	DL4	DL5
DL1	0	11264	256	0	0	0
DL2	0	1216	11136	3040	288	0
DL3	0	560	5584	11584	976	0
DL4	0	16	1008	2976	1296	0
DL5	0	0	0	0	0	0
Tabela Comparativa das Profundidades - Porcentagens (FRAME 25)
	AV1
HEVC	DL0	DL1	DL2	DL3	DL4	DL5
DL1	0.00%	97.78%	2.22%	0.00%	0.00%	0.00%
DL2	0.00%	7.76%	71.02%	19.39%	1.84%	0.00%
DL3	0.00%	2.99%	29.85%	61.93%	5.22%	0.00%
DL4	0.00%	0.30%	19.03%	56.19%	24.47%	0.00%
DL5	-nan%	-nan%	-nan%	-nan%	-nan%	-nan%


Tabela Comparativa das Profundidades - Valores Absolutos (FRAME 26)
	AV1
HEVC	DL0	DL1	DL2	DL3	DL4	DL5
DL1	0	18688	928	96	0	0
DL2	0	3656	17292	1592	180	0
DL3	0	1255	3241	2512	144	0
DL4	0	32	656	704	224	0
DL5	0	0	0	0	0	0
Tabela Comparativa das Profundidades - Porcentagens (FRAME 26)
	AV1
HEVC	DL0	DL1	DL2	DL3	DL4	DL5
DL1	0.00%	94.81%	4.71%	0.49%	0.00%	0.00%
DL2	0.00%	16.09%	76.11%	7.01%	0.79%	0.00%
DL3	0.00%	17.55%	45.32%	35.12%	2.01%	0.00%
DL4	0.00%	1.98%	40.59%	43.56%	13.86%	0.00%
DL5	-nan%	-nan%	-nan%	-nan%	-nan%	-nan%


Tabela Comparativa das Profundidades - Valores Absolutos (FRAME 27)
	AV1
HEVC	DL0	DL1	DL2	DL3	DL4	DL5
DL1	0	14592	896	128	0	0
DL2	0	2498	17534	3336	120	0
DL3	0	760	5088	4648	256	0
DL4	0	0	400	720	224	0
DL5	0	0	0	0	0	0
Tabela Comparativa das Profundidades - Porcentagens (FRAME 27)
	AV1
HEVC	DL0	DL1	DL2	DL3	DL4	DL5
DL1	0.00%	93.44%	5.74%	0.82%	0.00%	0.00%
DL2	0.00%	10.64%	74.65%	14.20%	0.51%	0.00%
DL3	0.00%	7.07%	47.32%	43.23%	2.38%	0.00%
DL4	0.00%	0.00%	29.76%	53.57%	16.67%	0.00%
DL5	-nan%	-nan%	-nan%	-nan%	-nan%	-nan%


Tabela Comparativa das Profundidades - Valores Absolutos (FRAME 28)
	AV1
HEVC	DL0	DL1	DL2	DL3	DL4	DL5
DL1	0	11776	1384	132	20	0
DL2	0	2960	18192	3680	256	0
DL3	0	608	4960	5104	448	0
DL4	0	32	528	752	368	0
DL5	0	0	0	0	0	0
Tabela Comparativa das Profundidades - Porcentagens (FRAME 28)
	AV1
HEVC	DL0	DL1	DL2	DL3	DL4	DL5
DL1	0.00%	88.46%	10.40%	0.99%	0.15%	0.00%
DL2	0.00%	11.80%	72.51%	14.67%	1.02%	0.00%
DL3	0.00%	5.47%	44.60%	45.90%	4.03%	0.00%
DL4	0.00%	1.90%	31.43%	44.76%	21.90%	0.00%
DL5	-nan%	-nan%	-nan%	-nan%	-nan%	-nan%


Tabela Comparativa das Profundidades - Valores Absolutos (FRAME 29)
	AV1
HEVC	DL0	DL1	DL2	DL3	DL4	DL5
DL1	0	9728	1280	224	32	0
DL2	0	2696	14936	3248	496	0
DL3	0	1191	6497	5624	1104	0
DL4	0	32	1280	1536	1296	0
DL5	0	0	0	0	0	0
Tabela Comparativa das Profundidades - Porcentagens (FRAME 29)
	AV1
HEVC	DL0	DL1	DL2	DL3	DL4	DL5
DL1	0.00%	86.36%	11.36%	1.99%	0.28%	0.00%
DL2	0.00%	12.61%	69.87%	15.19%	2.32%	0.00%
DL3	0.00%	8.26%	45.07%	39.01%	7.66%	0.00%
DL4	0.00%	0.77%	30.89%	37.07%	31.27%	0.00%
DL5	-nan%	-nan%	-nan%	-nan%	-nan%	-nan%


Tabela Comparativa das Profundidades - Valores Absolutos (FRAME 30)
	AV1
HEVC	DL0	DL1	DL2	DL3	DL4	DL5
DL1	0	9728	1728	160	160	0
DL2	0	3784	21016	2472	312	0
DL3	0	951	4521	3664	544	0
DL4	0	16	508	900	736	0
DL5	0	0	0	0	0	0
Tabela Comparativa das Profundidades - Porcentagens (FRAME 30)
	AV1
HEVC	DL0	DL1	DL2	DL3	DL4	DL5
DL1	0.00%	82.61%	14.67%	1.36%	1.36%	0.00%
DL2	0.00%	13.72%	76.19%	8.96%	1.13%	0.00%
DL3	0.00%	9.82%	46.70%	37.85%	5.62%	0.00%
DL4	0.00%	0.74%	23.52%	41.67%	34.07%	0.00%
DL5	-nan%	-nan%	-nan%	-nan%	-nan%	-nan%


Tabela Comparativa das Profundidades - Valores Absolutos (FRAME 31)
	AV1
HEVC	DL0	DL1	DL2	DL3	DL4	DL5
DL1	0	15616	704	672	160	0
DL2	0	1856	14016	2688	320	0
DL3	0	576	4656	6528	608	0
DL4	0	128	784	1120	768	0
DL5	0	0	0	0	0	0
Tabela Comparativa das Profundidades - Porcentagens (FRAME 31)
	AV1
HEVC	DL0	DL1	DL2	DL3	DL4	DL5
DL1	0.00%	91.04%	4.10%	3.92%	0.93%	0.00%
DL2	0.00%	9.83%	74.24%	14.24%	1.69%	0.00%
DL3	0.00%	4.66%	37.65%	52.78%	4.92%	0.00%
DL4	0.00%	4.57%	28.00%	40.00%	27.43%	0.00%
DL5	-nan%	-nan%	-nan%	-nan%	-nan%	-nan%


Tabela Comparativa das Profundidades - Valores Absolutos (FRAME 32)
	AV1
HEVC	DL0	DL1	DL2	DL3	DL4	DL5
DL1	0	16704	1856	344	40	0
DL2	0	3960	15912	1804	276	0
DL3	0	2064	2096	3344	448	0
DL4	0	48	464	1200	640	0
DL5	0	0	0	0	0	0
Tabela Comparativa das Profundidades - Porcentagens (FRAME 32)
	AV1
HEVC	DL0	DL1	DL2	DL3	DL4	DL5
DL1	0.00%	88.18%	9.80%	1.82%	0.21%	0.00%
DL2	0.00%	18.04%	72.49%	8.22%	1.26%	0.00%
DL3	0.00%	25.96%	26.36%	42.05%	5.63%	0.00%
DL4	0.00%	2.04%	19.73%	51.02%	27.21%	0.00%
DL5	-nan%	-nan%	-nan%	-nan%	-nan%	-nan%


Tabela Comparativa das Profundidades - Valores Absolutos (FRAME 33)
	AV1
HEVC	DL0	DL1	DL2	DL3	DL4	DL5
DL1	0	11776	2240	64	0	0
DL2	0	1926	15578	2272	192	0
DL3	0	1040	5632	5970	638	0
DL4	0	48	1120	1610	1094	0
DL5	0	0	0	0	0	0
Tabela Comparativa das Profundidades - Porcentagens (FRAME 33)
	AV1
HEVC	DL0	DL1	DL2	DL3	DL4	DL5
DL1	0.00%	83.64%	15.91%	0.45%	0.00%	0.00%
DL2	0.00%	9.65%	78.01%	11.38%	0.96%	0.00%
DL3	0.00%	7.83%	42.41%	44.95%	4.80%	0.00%
DL4	0.00%	1.24%	28.93%	41.58%	28.25%	0.00%
DL5	-nan%	-nan%	-nan%	-nan%	-nan%	-nan%


Tabela Comparativa das Profundidades - Valores Absolutos (FRAME 34)
	AV1
HEVC	DL0	DL1	DL2	DL3	DL4	DL5
DL1	256	19968	720	304	0	0
DL2	372	2708	9016	2304	192	0
DL3	128	1200	3989	5771	640	0
DL4	0	80	736	1936	880	0
DL5	0	0	0	0	0	0
Tabela Comparativa das Profundidades - Porcentagens (FRAME 34)
	AV1
HEVC	DL0	DL1	DL2	DL3	DL4	DL5
DL1	1.20%	93.98%	3.39%	1.43%	0.00%	0.00%
DL2	2.55%	18.56%	61.79%	15.79%	1.32%	0.00%
DL3	1.09%	10.23%	34.01%	49.21%	5.46%	0.00%
DL4	0.00%	2.20%	20.26%	53.30%	24.23%	0.00%
DL5	-nan%	-nan%	-nan%	-nan%	-nan%	-nan%


Tabela Comparativa das Profundidades - Valores Absolutos (FRAME 35)
	AV1
HEVC	DL0	DL1	DL2	DL3	DL4	DL5
DL1	0	20480	2128	1056	144	0
DL2	0	3552	8640	1896	248	0
DL3	0	2288	3504	4488	376	0
DL4	0	144	816	956	484	0
DL5	0	0	0	0	0	0
Tabela Comparativa das Profundidades - Porcentagens (FRAME 35)
	AV1
HEVC	DL0	DL1	DL2	DL3	DL4	DL5
DL1	0.00%	86.02%	8.94%	4.44%	0.60%	0.00%
DL2	0.00%	24.78%	60.27%	13.23%	1.73%	0.00%
DL3	0.00%	21.47%	32.88%	42.12%	3.53%	0.00%
DL4	0.00%	6.00%	34.00%	39.83%	20.17%	0.00%
DL5	-nan%	-nan%	-nan%	-nan%	-nan%	-nan%


Tabela Comparativa das Profundidades - Valores Absolutos (FRAME 36)
	AV1
HEVC	DL0	DL1	DL2	DL3	DL4	DL5
DL1	0	12288	1496	544	8	0
DL2	0	4576	16400	3136	400	0
DL3	0	1772	3468	4416	376	0
DL4	0	128	576	1024	592	0
DL5	0	0	0	0	0	0
Tabela Comparativa das Profundidades - Porcentagens (FRAME 36)
	AV1
HEVC	DL0	DL1	DL2	DL3	DL4	DL5
DL1	0.00%	85.71%	10.44%	3.79%	0.06%	0.00%
DL2	0.00%	18.67%	66.91%	12.79%	1.63%	0.00%
DL3	0.00%	17.66%	34.57%	44.02%	3.75%	0.00%
DL4	0.00%	5.52%	24.83%	44.14%	25.52%	0.00%
DL5	-nan%	-nan%	-nan%	-nan%	-nan%	-nan%


Tabela Comparativa das Profundidades - Valores Absolutos (FRAME 37)
	AV1
HEVC	DL0	DL1	DL2	DL3	DL4	DL5
DL1	1024	10240	512	0	0	0
DL2	0	2368	15936	2672	144	0
DL3	0	368	5152	6848	992	0
DL4	0	80	1504	2144	1216	0
DL5	0	0	0	0	0	0
Tabela Comparativa das Profundidades - Porcentagens (FRAME 37)
	AV1
HEVC	DL0	DL1	DL2	DL3	DL4	DL5
DL1	8.70%	86.96%	4.35%	0.00%	0.00%	0.00%
DL2	0.00%	11.21%	75.45%	12.65%	0.68%	0.00%
DL3	0.00%	2.75%	38.56%	51.26%	7.43%	0.00%
DL4	0.00%	1.62%	30.42%	43.37%	24.60%	0.00%
DL5	-nan%	-nan%	-nan%	-nan%	-nan%	-nan%


Tabela Comparativa das Profundidades - Valores Absolutos (FRAME 38)
	AV1
HEVC	DL0	DL1	DL2	DL3	DL4	DL5
DL1	0	18176	3936	592	80	0
DL2	0	4224	14544	1360	32	0
DL3	0	1264	3404	2072	172	0
DL4	0	16	292	740	296	0
DL5	0	0	0	0	0	0
Tabela Comparativa das Profundidades - Porcentagens (FRAME 38)
	AV1
HEVC	DL0	DL1	DL2	DL3	DL4	DL5
DL1	0.00%	79.78%	17.28%	2.60%	0.35%	0.00%
DL2	0.00%	20.95%	72.14%	6.75%	0.16%	0.00%
DL3	0.00%	18.29%	49.25%	29.98%	2.49%	0.00%
DL4	0.00%	1.19%	21.73%	55.06%	22.02%	0.00%
DL5	-nan%	-nan%	-nan%	-nan%	-nan%	-nan%


Tabela Comparativa das Profundidades - Valores Absolutos (FRAME 39)
	AV1
HEVC	DL0	DL1	DL2	DL3	DL4	DL5
DL1	0	18944	320	432	16	0
DL2	0	4955	12869	2096	176	0
DL3	0	1288	4400	3272	320	0
DL4	0	48	656	848	560	0
DL5	0	0	0	0	0	0
Tabela Comparativa das Profundidades - Porcentagens (FRAME 39)
	AV1
HEVC	DL0	DL1	DL2	DL3	DL4	DL5
DL1	0.00%	96.10%	1.62%	2.19%	0.08%	0.00%
DL2	0.00%	24.66%	64.04%	10.43%	0.88%	0.00%
DL3	0.00%	13.88%	47.41%	35.26%	3.45%	0.00%
DL4	0.00%	2.27%	31.06%	40.15%	26.52%	0.00%
DL5	-nan%	-nan%	-nan%	-nan%	-nan%	-nan%


Tabela Comparativa das Profundidades - Valores Absolutos (FRAME 40)
	AV1
HEVC	DL0	DL1	DL2	DL3	DL4	DL5
DL1	0	4864	2064	496	0	0
DL2	0	6390	16394	1968	400	0
DL3	0	1696	5676	6068	704	0
DL4	0	96	832	2320	1232	0
DL5	0	0	0	0	0	0
Tabela Comparativa das Profundidades - Porcentagens (FRAME 40)
	AV1
HEVC	DL0	DL1	DL2	DL3	DL4	DL5
DL1	0.00%	65.52%	27.80%	6.68%	0.00%	0.00%
DL2	0.00%	25.41%	65.18%	7.82%	1.59%	0.00%
DL3	0.00%	11.99%	40.13%	42.90%	4.98%	0.00%
DL4	0.00%	2.14%	18.57%	51.79%	27.50%	0.00%
DL5	-nan%	-nan%	-nan%	-nan%	-nan%	-nan%


Tabela Comparativa das Profundidades - Valores Absolutos (FRAME 41)
	AV1
HEVC	DL0	DL1	DL2	DL3	DL4	DL5
DL1	256	2816	384	128	0	0
DL2	384	2464	11184	1616	288	0
DL3	128	410	4828	6798	2908	0
DL4	0	66	2236	6014	8292	0
DL5	0	0	0	0	0	0
Tabela Comparativa das Profundidades - Porcentagens (FRAME 41)
	AV1
HEVC	DL0	DL1	DL2	DL3	DL4	DL5
DL1	7.14%	78.57%	10.71%	3.57%	0.00%	0.00%
DL2	2.41%	15.46%	70.18%	10.14%	1.81%	0.00%
DL3	0.85%	2.72%	32.03%	45.10%	19.29%	0.00%
DL4	0.00%	0.40%	13.46%	36.21%	49.93%	0.00%
DL5	-nan%	-nan%	-nan%	-nan%	-nan%	-nan%


Tabela Comparativa das Profundidades - Valores Absolutos (FRAME 42)
	AV1
HEVC	DL0	DL1	DL2	DL3	DL4	DL5
DL1	0	1536	1056	224	0	0
DL2	0	1280	14884	3484	384	0
DL3	0	448	9688	8304	1528	0
DL4	0	64	1984	3704	2632	0
DL5	0	0	0	0	0	0
Tabela Comparativa das Profundidades - Porcentagens (FRAME 42)
	AV1
HEVC	DL0	DL1	DL2	DL3	DL4	DL5
DL1	0.00%	54.55%	37.50%	7.95%	0.00%	0.00%
DL2	0.00%	6.39%	74.30%	17.39%	1.92%	0.00%
DL3	0.00%	2.24%	48.52%	41.59%	7.65%	0.00%
DL4	0.00%	0.76%	23.66%	44.18%	31.39%	0.00%
DL5	-nan%	-nan%	-nan%	-nan%	-nan%	-nan%


Tabela Comparativa das Profundidades - Valores Absolutos (FRAME 43)
	AV1
HEVC	DL0	DL1	DL2	DL3	DL4	DL5
DL1	0	10240	256	0	0	0
DL2	0	2112	8960	4448	288	0
DL3	0	1040	5584	9296	1472	0
DL4	0	432	1904	3344	1824	0
DL5	0	0	0	0	0	0
Tabela Comparativa das Profundidades - Porcentagens (FRAME 43)
	AV1
HEVC	DL0	DL1	DL2	DL3	DL4	DL5
DL1	0.00%	97.56%	2.44%	0.00%	0.00%	0.00%
DL2	0.00%	13.36%	56.68%	28.14%	1.82%	0.00%
DL3	0.00%	5.98%	32.11%	53.45%	8.46%	0.00%
DL4	0.00%	5.76%	25.37%	44.56%	24.31%	0.00%
DL5	-nan%	-nan%	-nan%	-nan%	-nan%	-nan%


Tabela Comparativa das Profundidades - Valores Absolutos (FRAME 44)
	AV1
HEVC	DL0	DL1	DL2	DL3	DL4	DL5
DL1	512	11008	640	384	0	0
DL2	128	2504	12548	3092	288	0
DL3	128	996	7016	6908	872	0
DL4	0	32	1520	1872	752	0
DL5	0	0	0	0	0	0
Tabela Comparativa das Profundidades - Porcentagens (FRAME 44)
	AV1
HEVC	DL0	DL1	DL2	DL3	DL4	DL5
DL1	4.08%	87.76%	5.10%	3.06%	0.00%	0.00%
DL2	0.69%	13.49%	67.61%	16.66%	1.55%	0.00%
DL3	0.80%	6.26%	44.07%	43.39%	5.48%	0.00%
DL4	0.00%	0.77%	36.40%	44.83%	18.01%	0.00%
DL5	-nan%	-nan%	-nan%	-nan%	-nan%	-nan%


Tabela Comparativa das Profundidades - Valores Absolutos (FRAME 45)
	AV1
HEVC	DL0	DL1	DL2	DL3	DL4	DL5
DL1	0	13312	1168	240	128	0
DL2	0	3660	17280	2224	324	0
DL3	0	1208	4560	3564	572	0
DL4	0	16	1024	964	956	0
DL5	0	0	0	0	0	0
Tabela Comparativa das Profundidades - Porcentagens (FRAME 45)
	AV1
HEVC	DL0	DL1	DL2	DL3	DL4	DL5
DL1	0.00%	89.66%	7.87%	1.62%	0.86%	0.00%
DL2	0.00%	15.58%	73.57%	9.47%	1.38%	0.00%
DL3	0.00%	12.20%	46.04%	35.99%	5.78%	0.00%
DL4	0.00%	0.54%	34.59%	32.57%	32.30%	0.00%
DL5	-nan%	-nan%	-nan%	-nan%	-nan%	-nan%


Tabela Comparativa das Profundidades - Valores Absolutos (FRAME 46)
	AV1
HEVC	DL0	DL1	DL2	DL3	DL4	DL5
DL1	512	12288	960	320	0	0
DL2	68	2336	16796	3776	128	0
DL3	100	820	4996	5508	256	0
DL4	0	0	848	1168	320	0
DL5	0	0	0	0	0	0
Tabela Comparativa das Profundidades - Porcentagens (FRAME 46)
	AV1
HEVC	DL0	DL1	DL2	DL3	DL4	DL5
DL1	3.64%	87.27%	6.82%	2.27%	0.00%	0.00%
DL2	0.29%	10.11%	72.70%	16.34%	0.55%	0.00%
DL3	0.86%	7.02%	42.77%	47.16%	2.19%	0.00%
DL4	0.00%	0.00%	36.30%	50.00%	13.70%	0.00%
DL5	-nan%	-nan%	-nan%	-nan%	-nan%	-nan%


Tabela Comparativa das Profundidades - Valores Absolutos (FRAME 47)
	AV1
HEVC	DL0	DL1	DL2	DL3	DL4	DL5
DL1	0	5888	512	0	0	0
DL2	0	1504	21824	4384	384	0
DL3	0	640	6164	6508	688	0
DL4	0	0	624	1436	644	0
DL5	0	0	0	0	0	0
Tabela Comparativa das Profundidades - Porcentagens (FRAME 47)
	AV1
HEVC	DL0	DL1	DL2	DL3	DL4	DL5
DL1	0.00%	92.00%	8.00%	0.00%	0.00%	0.00%
DL2	0.00%	5.35%	77.68%	15.60%	1.37%	0.00%
DL3	0.00%	4.57%	44.03%	46.49%	4.91%	0.00%
DL4	0.00%	0.00%	23.08%	53.11%	23.82%	0.00%
DL5	-nan%	-nan%	-nan%	-nan%	-nan%	-nan%


Tabela Comparativa das Profundidades - Valores Absolutos (FRAME 48)
	AV1
HEVC	DL0	DL1	DL2	DL3	DL4	DL5
DL1	0	4864	448	64	0	0
DL2	0	1718	14266	4060	308	0
DL3	0	1000	7456	9848	1392	0
DL4	0	80	1088	2624	1984	0
DL5	0	0	0	0	0	0
Tabela Comparativa das Profundidades - Porcentagens (FRAME 48)
	AV1
HEVC	DL0	DL1	DL2	DL3	DL4	DL5
DL1	0.00%	90.48%	8.33%	1.19%	0.00%	0.00%
DL2	0.00%	8.44%	70.10%	19.95%	1.51%	0.00%
DL3	0.00%	5.08%	37.86%	50.00%	7.07%	0.00%
DL4	0.00%	1.39%	18.84%	45.43%	34.35%	0.00%
DL5	-nan%	-nan%	-nan%	-nan%	-nan%	-nan%


Tabela Comparativa das Profundidades - Valores Absolutos (FRAME 49)
	AV1
HEVC	DL0	DL1	DL2	DL3	DL4	DL5
DL1	0	11008	1152	112	16	0
DL2	0	1280	18880	3360	96	0
DL3	0	256	5248	6928	656	0
DL4	0	0	768	1088	352	0
DL5	0	0	0	0	0	0
Tabela Comparativa das Profundidades - Porcentagens (FRAME 49)
	AV1
HEVC	DL0	DL1	DL2	DL3	DL4	DL5
DL1	0.00%	89.58%	9.38%	0.91%	0.13%	0.00%
DL2	0.00%	5.42%	79.95%	14.23%	0.41%	0.00%
DL3	0.00%	1.96%	40.10%	52.93%	5.01%	0.00%
DL4	0.00%	0.00%	34.78%	49.28%	15.94%	0.00%
DL5	-nan%	-nan%	-nan%	-nan%	-nan%	-nan%


Tabela Comparativa das Profundidades - Valores Absolutos (FRAME 50)
	AV1
HEVC	DL0	DL1	DL2	DL3	DL4	DL5
DL1	0	11776	1408	128	0	0
DL2	0	1752	22008	3096	472	0
DL3	0	680	4993	2839	464	0
DL4	0	16	400	784	384	0
DL5	0	0	0	0	0	0
Tabela Comparativa das Profundidades - Porcentagens (FRAME 50)
	AV1
HEVC	DL0	DL1	DL2	DL3	DL4	DL5
DL1	0.00%	88.46%	10.58%	0.96%	0.00%	0.00%
DL2	0.00%	6.41%	80.53%	11.33%	1.73%	0.00%
DL3	0.00%	7.58%	55.63%	31.63%	5.17%	0.00%
DL4	0.00%	1.01%	25.25%	49.49%	24.24%	0.00%
DL5	-nan%	-nan%	-nan%	-nan%	-nan%	-nan%


Tabela Comparativa das Profundidades - Valores Absolutos (FRAME 51)
	AV1
HEVC	DL0	DL1	DL2	DL3	DL4	DL5
DL1	0	11488	1648	176	0	0
DL2	0	3176	18456	2544	336	0
DL3	0	1248	4729	4427	524	0
DL4	0	20	844	976	608	0
DL5	0	0	0	0	0	0
Tabela Comparativa das Profundidades - Porcentagens (FRAME 51)
	AV1
HEVC	DL0	DL1	DL2	DL3	DL4	DL5
DL1	0.00%	86.30%	12.38%	1.32%	0.00%	0.00%
DL2	0.00%	12.96%	75.29%	10.38%	1.37%	0.00%
DL3	0.00%	11.42%	43.27%	40.51%	4.80%	0.00%
DL4	0.00%	0.82%	34.48%	39.87%	24.84%	0.00%
DL5	-nan%	-nan%	-nan%	-nan%	-nan%	-nan%


Tabela Comparativa das Profundidades - Valores Absolutos (FRAME 52)
	AV1
HEVC	DL0	DL1	DL2	DL3	DL4	DL5
DL1	0	12288	1312	224	0	0
DL2	0	2166	16126	2524	112	0
DL3	0	1248	5264	4976	656	0
DL4	0	32	1152	1900	1220	0
DL5	0	0	0	0	0	0
Tabela Comparativa das Profundidades - Porcentagens (FRAME 52)
	AV1
HEVC	DL0	DL1	DL2	DL3	DL4	DL5
DL1	0.00%	88.89%	9.49%	1.62%	0.00%	0.00%
DL2	0.00%	10.35%	77.05%	12.06%	0.54%	0.00%
DL3	0.00%	10.28%	43.35%	40.97%	5.40%	0.00%
DL4	0.00%	0.74%	26.77%	44.14%	28.35%	0.00%
DL5	-nan%	-nan%	-nan%	-nan%	-nan%	-nan%


Tabela Comparativa das Profundidades - Valores Absolutos (FRAME 53)
	AV1
HEVC	DL0	DL1	DL2	DL3	DL4	DL5
DL1	0	11520	864	136	24	0
DL2	0	2272	13584	2704	128	0
DL3	0	1024	6064	6736	976	0
DL4	0	0	1520	2440	1208	0
DL5	0	0	0	0	0	0
Tabela Comparativa das Profundidades - Porcentagens (FRAME 53)
	AV1
HEVC	DL0	DL1	DL2	DL3	DL4	DL5
DL1	0.00%	91.84%	6.89%	1.08%	0.19%	0.00%
DL2	0.00%	12.16%	72.69%	14.47%	0.68%	0.00%
DL3	0.00%	6.92%	40.97%	45.51%	6.59%	0.00%
DL4	0.00%	0.00%	29.41%	47.21%	23.37%	0.00%
DL5	-nan%	-nan%	-nan%	-nan%	-nan%	-nan%


Tabela Comparativa das Profundidades - Valores Absolutos (FRAME 54)
	AV1
HEVC	DL0	DL1	DL2	DL3	DL4	DL5
DL1	0	12032	2496	784	48	0
DL2	0	3784	17016	3200	128	0
DL3	0	1247	3457	4056	536	0
DL4	0	32	752	1088	544	0
DL5	0	0	0	0	0	0
Tabela Comparativa das Profundidades - Porcentagens (FRAME 54)
	AV1
HEVC	DL0	DL1	DL2	DL3	DL4	DL5
DL1	0.00%	78.33%	16.25%	5.10%	0.31%	0.00%
DL2	0.00%	15.68%	70.52%	13.26%	0.53%	0.00%
DL3	0.00%	13.41%	37.19%	43.63%	5.77%	0.00%
DL4	0.00%	1.32%	31.13%	45.03%	22.52%	0.00%
DL5	-nan%	-nan%	-nan%	-nan%	-nan%	-nan%


Tabela Comparativa das Profundidades - Valores Absolutos (FRAME 55)
	AV1
HEVC	DL0	DL1	DL2	DL3	DL4	DL5
DL1	0	17664	1408	384	0	0
DL2	0	1408	16192	3104	96	0
DL3	0	544	3120	4464	352	0
DL4	0	96	912	1040	416	0
DL5	0	0	0	0	0	0
Tabela Comparativa das Profundidades - Porcentagens (FRAME 55)
	AV1
HEVC	DL0	DL1	DL2	DL3	DL4	DL5
DL1	0.00%	90.79%	7.24%	1.97%	0.00%	0.00%
DL2	0.00%	6.77%	77.85%	14.92%	0.46%	0.00%
DL3	0.00%	6.42%	36.79%	52.64%	4.15%	0.00%
DL4	0.00%	3.90%	37.01%	42.21%	16.88%	0.00%
DL5	-nan%	-nan%	-nan%	-nan%	-nan%	-nan%


Tabela Comparativa das Profundidades - Valores Absolutos (FRAME 56)
	AV1
HEVC	DL0	DL1	DL2	DL3	DL4	DL5
DL1	512	12032	304	164	44	0
DL2	128	2304	17344	3056	144	0
DL3	112	1672	4976	5352	240	0
DL4	16	48	1024	1248	480	0
DL5	0	0	0	0	0	0
Tabela Comparativa das Profundidades - Porcentagens (FRAME 56)
	AV1
HEVC	DL0	DL1	DL2	DL3	DL4	DL5
DL1	3.92%	92.16%	2.33%	1.26%	0.34%	0.00%
DL2	0.56%	10.03%	75.49%	13.30%	0.63%	0.00%
DL3	0.91%	13.54%	40.28%	43.33%	1.94%	0.00%
DL4	0.57%	1.70%	36.36%	44.32%	17.05%	0.00%
DL5	-nan%	-nan%	-nan%	-nan%	-nan%	-nan%


Tabela Comparativa das Profundidades - Valores Absolutos (FRAME 57)
	AV1
HEVC	DL0	DL1	DL2	DL3	DL4	DL5
DL1	0	17920	1328	164	44	0
DL2	0	3872	15936	1168	80	0
DL3	0	1132	3380	2664	696	0
DL4	0	12	920	948	936	0
DL5	0	0	0	0	0	0
Tabela Comparativa das Profundidades - Porcentagens (FRAME 57)
	AV1
HEVC	DL0	DL1	DL2	DL3	DL4	DL5
DL1	0.00%	92.11%	6.83%	0.84%	0.23%	0.00%
DL2	0.00%	18.39%	75.68%	5.55%	0.38%	0.00%
DL3	0.00%	14.38%	42.94%	33.84%	8.84%	0.00%
DL4	0.00%	0.43%	32.67%	33.66%	33.24%	0.00%
DL5	-nan%	-nan%	-nan%	-nan%	-nan%	-nan%


Tabela Comparativa das Profundidades - Valores Absolutos (FRAME 58)
	AV1
HEVC	DL0	DL1	DL2	DL3	DL4	DL5
DL1	0	16128	2240	320	0	0
DL2	0	2643	17789	2400	144	0
DL3	0	816	3820	3080	140	0
DL4	0	16	672	800	192	0
DL5	0	0	0	0	0	0
Tabela Comparativa das Profundidades - Porcentagens (FRAME 58)
	AV1
HEVC	DL0	DL1	DL2	DL3	DL4	DL5
DL1	0.00%	86.30%	11.99%	1.71%	0.00%	0.00%
DL2	0.00%	11.50%	77.42%	10.45%	0.63%	0.00%
DL3	0.00%	10.39%	48.63%	39.21%	1.78%	0.00%
DL4	0.00%	0.95%	40.00%	47.62%	11.43%	0.00%
DL5	-nan%	-nan%	-nan%	-nan%	-nan%	-nan%


Tabela Comparativa das Profundidades - Valores Absolutos (FRAME 59)
	AV1
HEVC	DL0	DL1	DL2	DL3	DL4	DL5
DL1	0	8448	1792	0	0	0
DL2	0	4319	16133	3192	292	0
DL3	0	2656	4704	5364	540	0
DL4	0	160	1216	1844	540	0
DL5	0	0	0	0	0	0
Tabela Comparativa das Profundidades - Porcentagens (FRAME 59)
	AV1
HEVC	DL0	DL1	DL2	DL3	DL4	DL5
DL1	0.00%	82.50%	17.50%	0.00%	0.00%	0.00%
DL2	0.00%	18.04%	67.40%	13.34%	1.22%	0.00%
DL3	0.00%	20.02%	35.46%	40.44%	4.07%	0.00%
DL4	0.00%	4.26%	32.34%	49.04%	14.36%	0.00%
DL5	-nan%	-nan%	-nan%	-nan%	-nan%	-nan%


Tabela Comparativa das Profundidades - Valores Absolutos (FRAME 60)
	AV1
HEVC	DL0	DL1	DL2	DL3	DL4	DL5
DL1	0	512	192	64	0	0
DL2	0	1472	5824	1264	464	0
DL3	0	884	4668	5580	1684	0
DL4	0	176	5564	11796	11056	0
DL5	0	0	0	0	0	0
Tabela Comparativa das Profundidades - Porcentagens (FRAME 60)
	AV1
HEVC	DL0	DL1	DL2	DL3	DL4	DL5
DL1	0.00%	66.67%	25.00%	8.33%	0.00%	0.00%
DL2	0.00%	16.31%	64.54%	14.01%	5.14%	0.00%
DL3	0.00%	6.90%	36.42%	43.54%	13.14%	0.00%
DL4	0.00%	0.62%	19.46%	41.26%	38.67%	0.00%
DL5	-nan%	-nan%	-nan%	-nan%	-nan%	-nan%


Tabela Comparativa das Profundidades - Valores Absolutos (FRAME 61)
	AV1
HEVC	DL0	DL1	DL2	DL3	DL4	DL5
DL1	0	5376	960	64	0	0
DL2	0	2304	9344	3456	384	0
DL3	0	480	6784	12720	992	0
DL4	0	32	1600	4096	2608	0
DL5	0	0	0	0	0	0
Tabela Comparativa das Profundidades - Porcentagens (FRAME 61)
	AV1
HEVC	DL0	DL1	DL2	DL3	DL4	DL5
DL1	0.00%	84.00%	15.00%	1.00%	0.00%	0.00%
DL2	0.00%	14.88%	60.33%	22.31%	2.48%	0.00%
DL3	0.00%	2.29%	32.34%	60.64%	4.73%	0.00%
DL4	0.00%	0.38%	19.19%	49.14%	31.29%	0.00%
DL5	-nan%	-nan%	-nan%	-nan%	-nan%	-nan%


Tabela Comparativa das Profundidades - Valores Absolutos (FRAME 62)
	AV1
HEVC	DL0	DL1	DL2	DL3	DL4	DL5
DL1	0	12288	2112	192	0	0
DL2	0	2880	19248	1904	416	0
DL3	0	624	3892	4556	496	0
DL4	0	16	672	1168	736	0
DL5	0	0	0	0	0	0
Tabela Comparativa das Profundidades - Porcentagens (FRAME 62)
	AV1
HEVC	DL0	DL1	DL2	DL3	DL4	DL5
DL1	0.00%	84.21%	14.47%	1.32%	0.00%	0.00%
DL2	0.00%	11.78%	78.73%	7.79%	1.70%	0.00%
DL3	0.00%	6.52%	40.68%	47.62%	5.18%	0.00%
DL4	0.00%	0.62%	25.93%	45.06%	28.40%	0.00%
DL5	-nan%	-nan%	-nan%	-nan%	-nan%	-nan%


Tabela Comparativa das Profundidades - Valores Absolutos (FRAME 63)
	AV1
HEVC	DL0	DL1	DL2	DL3	DL4	DL5
DL1	0	13200	1504	384	16	0
DL2	0	3744	15136	1792	256	0
DL3	0	1408	5696	3172	588	0
DL4	0	0	1568	1600	1136	0
DL5	0	0	0	0	0	0
Tabela Comparativa das Profundidades - Porcentagens (FRAME 63)
	AV1
HEVC	DL0	DL1	DL2	DL3	DL4	DL5
DL1	0.00%	87.39%	9.96%	2.54%	0.11%	0.00%
DL2	0.00%	17.89%	72.32%	8.56%	1.22%	0.00%
DL3	0.00%	12.96%	52.43%	29.20%	5.41%	0.00%
DL4	0.00%	0.00%	36.43%	37.17%	26.39%	0.00%
DL5	-nan%	-nan%	-nan%	-nan%	-nan%	-nan%


Tabela Comparativa das Profundidades - Valores Absolutos (FRAME 64)
	AV1
HEVC	DL0	DL1	DL2	DL3	DL4	DL5
DL1	0	14848	1056	192	32	0
DL2	0	2617	15367	2736	208	0
DL3	0	712	4696	4828	628	0
DL4	0	48	880	1456	896	0
DL5	0	0	0	0	0	0
Tabela Comparativa das Profundidades - Porcentagens (FRAME 64)
	AV1
HEVC	DL0	DL1	DL2	DL3	DL4	DL5
DL1	0.00%	92.06%	6.55%	1.19%	0.20%	0.00%
DL2	0.00%	12.50%	73.43%	13.07%	0.99%	0.00%
DL3	0.00%	6.55%	43.23%	44.44%	5.78%	0.00%
DL4	0.00%	1.46%	26.83%	44.39%	27.32%	0.00%
DL5	-nan%	-nan%	-nan%	-nan%	-nan%	-nan%


Tabela Comparativa das Profundidades - Valores Absolutos (FRAME 65)
	AV1
HEVC	DL0	DL1	DL2	DL3	DL4	DL5
DL1	0	12288	2144	416	0	0
DL2	0	3928	16552	2232	392	0
DL3	0	1344	4844	3600	340	0
DL4	0	0	1108	1484	528	0
DL5	0	0	0	0	0	0
Tabela Comparativa das Profundidades - Porcentagens (FRAME 65)
	AV1
HEVC	DL0	DL1	DL2	DL3	DL4	DL5
DL1	0.00%	82.76%	14.44%	2.80%	0.00%	0.00%
DL2	0.00%	17.00%	71.64%	9.66%	1.70%	0.00%
DL3	0.00%	13.27%	47.83%	35.55%	3.36%	0.00%
DL4	0.00%	0.00%	35.51%	47.56%	16.92%	0.00%
DL5	-nan%	-nan%	-nan%	-nan%	-nan%	-nan%


Tabela Comparativa das Profundidades - Valores Absolutos (FRAME 66)
	AV1
HEVC	DL0	DL1	DL2	DL3	DL4	DL5
DL1	0	12320	2512	512	16	0
DL2	0	2686	17346	2368	320	0
DL3	0	890	5770	3980	336	0
DL4	0	36	988	784	336	0
DL5	0	0	0	0	0	0
Tabela Comparativa das Profundidades - Porcentagens (FRAME 66)
	AV1
HEVC	DL0	DL1	DL2	DL3	DL4	DL5
DL1	0.00%	80.21%	16.35%	3.33%	0.10%	0.00%
DL2	0.00%	11.82%	76.35%	10.42%	1.41%	0.00%
DL3	0.00%	8.11%	52.57%	36.26%	3.06%	0.00%
DL4	0.00%	1.68%	46.08%	36.57%	15.67%	0.00%
DL5	-nan%	-nan%	-nan%	-nan%	-nan%	-nan%


Tabela Comparativa das Profundidades - Valores Absolutos (FRAME 67)
	AV1
HEVC	DL0	DL1	DL2	DL3	DL4	DL5
DL1	0	11008	448	64	0	0
DL2	0	1152	13248	3264	256	0
DL3	0	592	5984	8368	1056	0
DL4	0	48	1440	2848	1424	0
DL5	0	0	0	0	0	0
Tabela Comparativa das Profundidades - Porcentagens (FRAME 67)
	AV1
HEVC	DL0	DL1	DL2	DL3	DL4	DL5
DL1	0.00%	95.56%	3.89%	0.56%	0.00%	0.00%
DL2	0.00%	6.43%	73.93%	18.21%	1.43%	0.00%
DL3	0.00%	3.70%	37.40%	52.30%	6.60%	0.00%
DL4	0.00%	0.83%	25.00%	49.44%	24.72%	0.00%
DL5	-nan%	-nan%	-nan%	-nan%	-nan%	-nan%


Tabela Comparativa das Profundidades - Valores Absolutos (FRAME 68)
	AV1
HEVC	DL0	DL1	DL2	DL3	DL4	DL5
DL1	0	14592	2304	0	0	0
DL2	0	5208	17780	2224	196	0
DL3	0	752	3248	3088	288	0
DL4	0	16	480	720	304	0
DL5	0	0	0	0	0	0
Tabela Comparativa das Profundidades - Porcentagens (FRAME 68)
	AV1
HEVC	DL0	DL1	DL2	DL3	DL4	DL5
DL1	0.00%	86.36%	13.64%	0.00%	0.00%	0.00%
DL2	0.00%	20.50%	69.98%	8.75%	0.77%	0.00%
DL3	0.00%	10.20%	44.03%	41.87%	3.90%	0.00%
DL4	0.00%	1.05%	31.58%	47.37%	20.00%	0.00%
DL5	-nan%	-nan%	-nan%	-nan%	-nan%	-nan%


Tabela Comparativa das Profundidades - Valores Absolutos (FRAME 69)
	AV1
HEVC	DL0	DL1	DL2	DL3	DL4	DL5
DL1	0	16000	2304	128	0	0
DL2	0	3660	15796	2396	100	0
DL3	0	1552	3568	3888	160	0
DL4	0	32	512	864	240	0
DL5	0	0	0	0	0	0
Tabela Comparativa das Profundidades - Porcentagens (FRAME 69)
	AV1
HEVC	DL0	DL1	DL2	DL3	DL4	DL5
DL1	0.00%	86.81%	12.50%	0.69%	0.00%	0.00%
DL2	0.00%	16.67%	71.96%	10.91%	0.46%	0.00%
DL3	0.00%	16.93%	38.92%	42.41%	1.75%	0.00%
DL4	0.00%	1.94%	31.07%	52.43%	14.56%	0.00%
DL5	-nan%	-nan%	-nan%	-nan%	-nan%	-nan%


Tabela Comparativa das Profundidades - Valores Absolutos (FRAME 70)
	AV1
HEVC	DL0	DL1	DL2	DL3	DL4	DL5
DL1	0	15872	2880	156	36	0
DL2	0	4214	16082	1448	336	0
DL3	0	1592	3300	2772	304	0
DL4	0	64	608	1056	480	0
DL5	0	0	0	0	0	0
Tabela Comparativa das Profundidades - Porcentagens (FRAME 70)
	AV1
HEVC	DL0	DL1	DL2	DL3	DL4	DL5
DL1	0.00%	83.78%	15.20%	0.82%	0.19%	0.00%
DL2	0.00%	19.09%	72.84%	6.56%	1.52%	0.00%
DL3	0.00%	19.98%	41.42%	34.79%	3.82%	0.00%
DL4	0.00%	2.90%	27.54%	47.83%	21.74%	0.00%
DL5	-nan%	-nan%	-nan%	-nan%	-nan%	-nan%


Tabela Comparativa das Profundidades - Valores Absolutos (FRAME 71)
	AV1
HEVC	DL0	DL1	DL2	DL3	DL4	DL5
DL1	256	9728	592	176	0	0
DL2	320	3350	15242	2128	400	0
DL3	144	1632	5056	5952	864	0
DL4	48	32	1424	1908	1948	0
DL5	0	0	0	0	0	0
Tabela Comparativa das Profundidades - Porcentagens (FRAME 71)
	AV1
HEVC	DL0	DL1	DL2	DL3	DL4	DL5
DL1	2.38%	90.48%	5.51%	1.64%	0.00%	0.00%
DL2	1.49%	15.62%	71.09%	9.93%	1.87%	0.00%
DL3	1.06%	11.96%	37.05%	43.61%	6.33%	0.00%
DL4	0.90%	0.60%	26.57%	35.60%	36.34%	0.00%
DL5	-nan%	-nan%	-nan%	-nan%	-nan%	-nan%


Tabela Comparativa das Profundidades - Valores Absolutos (FRAME 72)
	AV1
HEVC	DL0	DL1	DL2	DL3	DL4	DL5
DL1	0	5376	512	0	0	0
DL2	0	952	18844	2796	256	0
DL3	0	352	6432	9352	1064	0
DL4	0	32	1376	2164	1692	0
DL5	0	0	0	0	0	0
Tabela Comparativa das Profundidades - Porcentagens (FRAME 72)
	AV1
HEVC	DL0	DL1	DL2	DL3	DL4	DL5
DL1	0.00%	91.30%	8.70%	0.00%	0.00%	0.00%
DL2	0.00%	4.17%	82.48%	12.24%	1.12%	0.00%
DL3	0.00%	2.05%	37.40%	54.37%	6.19%	0.00%
DL4	0.00%	0.61%	26.14%	41.11%	32.14%	0.00%
DL5	-nan%	-nan%	-nan%	-nan%	-nan%	-nan%


Tabela Comparativa das Profundidades - Valores Absolutos (FRAME 73)
	AV1
HEVC	DL0	DL1	DL2	DL3	DL4	DL5
DL1	0	14592	1664	112	16	0
DL2	0	2240	16448	2896	688	0
DL3	0	496	3392	4608	656	0
DL4	0	80	960	1584	768	0
DL5	0	0	0	0	0	0
Tabela Comparativa das Profundidades - Porcentagens (FRAME 73)
	AV1
HEVC	DL0	DL1	DL2	DL3	DL4	DL5
DL1	0.00%	89.06%	10.16%	0.68%	0.10%	0.00%
DL2	0.00%	10.06%	73.85%	13.00%	3.09%	0.00%
DL3	0.00%	5.42%	37.06%	50.35%	7.17%	0.00%
DL4	0.00%	2.36%	28.30%	46.70%	22.64%	0.00%
DL5	-nan%	-nan%	-nan%	-nan%	-nan%	-nan%


Tabela Comparativa das Profundidades - Valores Absolutos (FRAME 74)
	AV1
HEVC	DL0	DL1	DL2	DL3	DL4	DL5
DL1	0	23552	2976	352	0	0
DL2	0	3030	12586	896	128	0
DL3	0	1336	2840	1712	304	0
DL4	0	48	608	496	336	0
DL5	0	0	0	0	0	0
Tabela Comparativa das Profundidades - Porcentagens (FRAME 74)
	AV1
HEVC	DL0	DL1	DL2	DL3	DL4	DL5
DL1	0.00%	87.62%	11.07%	1.31%	0.00%	0.00%
DL2	0.00%	18.21%	75.64%	5.38%	0.77%	0.00%
DL3	0.00%	21.58%	45.87%	27.65%	4.91%	0.00%
DL4	0.00%	3.23%	40.86%	33.33%	22.58%	0.00%
DL5	-nan%	-nan%	-nan%	-nan%	-nan%	-nan%


Tabela Comparativa das Profundidades - Valores Absolutos (FRAME 75)
	AV1
HEVC	DL0	DL1	DL2	DL3	DL4	DL5
DL1	512	13056	1808	240	0	0
DL2	128	2627	13677	3088	128	0
DL3	128	1680	4661	5732	663	0
DL4	0	144	1088	1168	672	0
DL5	0	0	0	0	0	0
Tabela Comparativa das Profundidades - Porcentagens (FRAME 75)
	AV1
HEVC	DL0	DL1	DL2	DL3	DL4	DL5
DL1	3.28%	83.61%	11.58%	1.54%	0.00%	0.00%
DL2	0.65%	13.37%	69.61%	15.72%	0.65%	0.00%
DL3	1.00%	13.06%	36.23%	44.56%	5.15%	0.00%
DL4	0.00%	4.69%	35.42%	38.02%	21.88%	0.00%
DL5	-nan%	-nan%	-nan%	-nan%	-nan%	-nan%


Tabela Comparativa das Profundidades - Valores Absolutos (FRAME 76)
	AV1
HEVC	DL0	DL1	DL2	DL3	DL4	DL5
DL1	0	11776	1216	64	0	0
DL2	0	2176	19336	2896	232	0
DL3	0	624	5148	4324	512	0
