Tabela Comparativa das Profundidades - Valores Absolutos (FRAME  1)
	AV1
HEVC	DL0	DL1	DL2	DL3	DL4	DL5
DL1	0	4864	2624	192	0	0
DL2	0	2176	33088	3184	1104	0
DL3	0	688	7984	19760	5824	0
DL4	0	208	6224	10768	24192	0
DL5	0	0	0	0	0	0
Tabela Comparativa das Profundidades - Porcentagens (FRAME  1)
	AV1
HEVC	DL0	DL1	DL2	DL3	DL4	DL5
DL1	0.00%	63.33%	34.17%	2.50%	0.00%	0.00%
DL2	0.00%	5.50%	83.66%	8.05%	2.79%	0.00%
DL3	0.00%	2.01%	23.31%	57.68%	17.00%	0.00%
DL4	0.00%	0.50%	15.04%	26.01%	58.45%	0.00%
DL5	-nan%	-nan%	-nan%	-nan%	-nan%	-nan%


Tabela Comparativa das Profundidades - Valores Absolutos (FRAME  2)
	AV1
HEVC	DL0	DL1	DL2	DL3	DL4	DL5
DL1	0	768	576	960	0	0
DL2	0	912	22332	9340	1144	0
DL3	0	1086	14856	24346	5680	0
DL4	0	1450	9410	15534	14486	0
DL5	0	0	0	0	0	0
Tabela Comparativa das Profundidades - Porcentagens (FRAME  2)
	AV1
HEVC	DL0	DL1	DL2	DL3	DL4	DL5
DL1	0.00%	33.33%	25.00%	41.67%	0.00%	0.00%
DL2	0.00%	2.70%	66.21%	27.69%	3.39%	0.00%
DL3	0.00%	2.36%	32.32%	52.96%	12.36%	0.00%
DL4	0.00%	3.55%	23.02%	38.00%	35.44%	0.00%
DL5	-nan%	-nan%	-nan%	-nan%	-nan%	-nan%


Tabela Comparativa das Profundidades - Valores Absolutos (FRAME  3)
	AV1
HEVC	DL0	DL1	DL2	DL3	DL4	DL5
DL1	0	3328	640	384	0	0
DL2	0	2256	22046	8706	1744	0
DL3	0	2074	15872	27064	5422	0
DL4	0	1622	8308	14354	9060	0
DL5	0	0	0	0	0	0
Tabela Comparativa das Profundidades - Porcentagens (FRAME  3)
	AV1
HEVC	DL0	DL1	DL2	DL3	DL4	DL5
DL1	0.00%	76.47%	14.71%	8.82%	0.00%	0.00%
DL2	0.00%	6.49%	63.44%	25.05%	5.02%	0.00%
DL3	0.00%	4.11%	31.47%	53.66%	10.75%	0.00%
DL4	0.00%	4.86%	24.92%	43.05%	27.17%	0.00%
DL5	-nan%	-nan%	-nan%	-nan%	-nan%	-nan%


Tabela Comparativa das Profundidades - Valores Absolutos (FRAME  4)
	AV1
HEVC	DL0	DL1	DL2	DL3	DL4	DL5
DL1	1024	6912	512	256	0	0
DL2	0	4736	23016	8404	708	0
DL3	0	3500	16226	28678	4604	0
DL4	0	1632	5642	11234	5796	0
DL5	0	0	0	0	0	0
Tabela Comparativa das Profundidades - Porcentagens (FRAME  4)
	AV1
HEVC	DL0	DL1	DL2	DL3	DL4	DL5
DL1	11.76%	79.41%	5.88%	2.94%	0.00%	0.00%
DL2	0.00%	12.85%	62.43%	22.80%	1.92%	0.00%
DL3	0.00%	6.60%	30.61%	54.10%	8.69%	0.00%
DL4	0.00%	6.71%	23.21%	46.22%	23.85%	0.00%
DL5	-nan%	-nan%	-nan%	-nan%	-nan%	-nan%


Tabela Comparativa das Profundidades - Valores Absolutos (FRAME  5)
	AV1
HEVC	DL0	DL1	DL2	DL3	DL4	DL5
DL1	2048	11520	1408	880	16	0
DL2	0	2620	29032	7068	384	0
DL3	0	1604	17186	26538	4128	0
DL4	0	304	4350	9274	4520	0
DL5	0	0	0	0	0	0
Tabela Comparativa das Profundidades - Porcentagens (FRAME  5)
	AV1
HEVC	DL0	DL1	DL2	DL3	DL4	DL5
DL1	12.90%	72.58%	8.87%	5.54%	0.10%	0.00%
DL2	0.00%	6.70%	74.24%	18.07%	0.98%	0.00%
DL3	0.00%	3.24%	34.75%	53.66%	8.35%	0.00%
DL4	0.00%	1.65%	23.58%	50.27%	24.50%	0.00%
DL5	-nan%	-nan%	-nan%	-nan%	-nan%	-nan%


Tabela Comparativa das Profundidades - Valores Absolutos (FRAME  6)
	AV1
HEVC	DL0	DL1	DL2	DL3	DL4	DL5
DL1	1024	24192	2880	320	0	0
DL2	0	4904	27304	6416	224	0
DL3	0	2028	13548	23376	2600	0
DL4	0	912	3644	7234	2274	0
DL5	0	0	0	0	0	0
Tabela Comparativa das Profundidades - Porcentagens (FRAME  6)
	AV1
HEVC	DL0	DL1	DL2	DL3	DL4	DL5
DL1	3.60%	85.14%	10.14%	1.13%	0.00%	0.00%
DL2	0.00%	12.62%	70.28%	16.52%	0.58%	0.00%
DL3	0.00%	4.88%	32.60%	56.26%	6.26%	0.00%
DL4	0.00%	6.48%	25.91%	51.44%	16.17%	0.00%
DL5	-nan%	-nan%	-nan%	-nan%	-nan%	-nan%


Tabela Comparativa das Profundidades - Valores Absolutos (FRAME  7)
	AV1
HEVC	DL0	DL1	DL2	DL3	DL4	DL5
DL1	1024	21264	4400	192	0	0
DL2	0	6524	42608	6984	588	0
DL3	0	2200	13632	13132	988	0
DL4	0	920	3756	3568	1100	0
DL5	0	0	0	0	0	0
Tabela Comparativa das Profundidades - Porcentagens (FRAME  7)
	AV1
HEVC	DL0	DL1	DL2	DL3	DL4	DL5
DL1	3.81%	79.11%	16.37%	0.71%	0.00%	0.00%
DL2	0.00%	11.51%	75.14%	12.32%	1.04%	0.00%
DL3	0.00%	7.35%	45.51%	43.84%	3.30%	0.00%
DL4	0.00%	9.85%	40.20%	38.18%	11.77%	0.00%
DL5	-nan%	-nan%	-nan%	-nan%	-nan%	-nan%


Tabela Comparativa das Profundidades - Valores Absolutos (FRAME  8)
	AV1
HEVC	DL0	DL1	DL2	DL3	DL4	DL5
DL1	1024	12448	3504	864	80	0
DL2	0	6656	51104	8472	456	0
DL3	0	2528	12848	13272	936	0
DL4	0	708	3252	3300	1428	0
DL5	0	0	0	0	0	0
Tabela Comparativa das Profundidades - Porcentagens (FRAME  8)
	AV1
HEVC	DL0	DL1	DL2	DL3	DL4	DL5
DL1	5.71%	69.46%	19.55%	4.82%	0.45%	0.00%
DL2	0.00%	9.98%	76.63%	12.70%	0.68%	0.00%
DL3	0.00%	8.55%	43.43%	44.86%	3.16%	0.00%
DL4	0.00%	8.15%	37.43%	37.98%	16.44%	0.00%
DL5	-nan%	-nan%	-nan%	-nan%	-nan%	-nan%


Tabela Comparativa das Profundidades - Valores Absolutos (FRAME  9)
	AV1
HEVC	DL0	DL1	DL2	DL3	DL4	DL5
DL1	0	2560	1088	400	48	0
DL2	0	2032	40088	11312	712	0
DL3	0	664	20452	29348	2048	0
DL4	0	256	3592	6160	2120	0
DL5	0	0	0	0	0	0
Tabela Comparativa das Profundidades - Porcentagens (FRAME  9)
	AV1
HEVC	DL0	DL1	DL2	DL3	DL4	DL5
DL1	0.00%	62.50%	26.56%	9.77%	1.17%	0.00%
DL2	0.00%	3.75%	74.04%	20.89%	1.32%	0.00%
DL3	0.00%	1.26%	38.95%	55.89%	3.90%	0.00%
DL4	0.00%	2.11%	29.62%	50.79%	17.48%	0.00%
DL5	-nan%	-nan%	-nan%	-nan%	-nan%	-nan%


Tabela Comparativa das Profundidades - Valores Absolutos (FRAME 10)
	AV1
HEVC	DL0	DL1	DL2	DL3	DL4	DL5
DL1	0	20736	4992	848	48	0
DL2	0	5568	51584	8960	192	0
DL3	0	1040	12208	11712	528	0
DL4	0	48	2000	1920	496	0
DL5	0	0	0	0	0	0
Tabela Comparativa das Profundidades - Porcentagens (FRAME 10)
	AV1
HEVC	DL0	DL1	DL2	DL3	DL4	DL5
DL1	0.00%	77.88%	18.75%	3.19%	0.18%	0.00%
DL2	0.00%	8.40%	77.80%	13.51%	0.29%	0.00%
DL3	0.00%	4.08%	47.90%	45.95%	2.07%	0.00%
DL4	0.00%	1.08%	44.80%	43.01%	11.11%	0.00%
DL5	-nan%	-nan%	-nan%	-nan%	-nan%	-nan%


Tabela Comparativa das Profundidades - Valores Absolutos (FRAME 11)
	AV1
HEVC	DL0	DL1	DL2	DL3	DL4	DL5
DL1	0	12672	5056	1200	16	0
DL2	0	8344	55082	7630	304	0
DL3	0	2388	12738	9730	472	0
DL4	0	976	3296	2440	536	0
DL5	0	0	0	0	0	0
Tabela Comparativa das Profundidades - Porcentagens (FRAME 11)
	AV1
HEVC	DL0	DL1	DL2	DL3	DL4	DL5
DL1	0.00%	66.89%	26.69%	6.33%	0.08%	0.00%
DL2	0.00%	11.69%	77.19%	10.69%	0.43%	0.00%
DL3	0.00%	9.43%	50.29%	38.42%	1.86%	0.00%
DL4	0.00%	13.47%	45.47%	33.66%	7.40%	0.00%
DL5	-nan%	-nan%	-nan%	-nan%	-nan%	-nan%


Tabela Comparativa das Profundidades - Valores Absolutos (FRAME 12)
	AV1
HEVC	DL0	DL1	DL2	DL3	DL4	DL5
DL1	0	3800	1920	408	16	0
DL2	0	3524	39320	10812	680	0
DL3	0	1788	19776	24392	2140	0
DL4	0	984	4420	6544	2356	0
DL5	0	0	0	0	0	0
Tabela Comparativa das Profundidades - Porcentagens (FRAME 12)
	AV1
HEVC	DL0	DL1	DL2	DL3	DL4	DL5
DL1	0.00%	61.85%	31.25%	6.64%	0.26%	0.00%
DL2	0.00%	6.49%	72.36%	19.90%	1.25%	0.00%
DL3	0.00%	3.72%	41.12%	50.72%	4.45%	0.00%
DL4	0.00%	6.88%	30.90%	45.75%	16.47%	0.00%
DL5	-nan%	-nan%	-nan%	-nan%	-nan%	-nan%


Tabela Comparativa das Profundidades - Valores Absolutos (FRAME 13)
	AV1
HEVC	DL0	DL1	DL2	DL3	DL4	DL5
DL1	0	2816	1600	192	0	0
DL2	0	1928	39872	10184	240	0
DL3	0	1128	18492	30528	2732	0
DL4	0	188	3532	7168	2280	0
DL5	0	0	0	0	0	0
Tabela Comparativa das Profundidades - Porcentagens (FRAME 13)
	AV1
HEVC	DL0	DL1	DL2	DL3	DL4	DL5
DL1	0.00%	61.11%	34.72%	4.17%	0.00%	0.00%
DL2	0.00%	3.69%	76.35%	19.50%	0.46%	0.00%
DL3	0.00%	2.13%	34.97%	57.73%	5.17%	0.00%
DL4	0.00%	1.43%	26.82%	54.43%	17.31%	0.00%
DL5	-nan%	-nan%	-nan%	-nan%	-nan%	-nan%


Tabela Comparativa das Profundidades - Valores Absolutos (FRAME 14)
	AV1
HEVC	DL0	DL1	DL2	DL3	DL4	DL5
DL1	256	8960	4608	496	16	0
DL2	1504	3660	46008	7860	360	0
DL3	1568	1416	13472	21044	1956	0
DL4	576	388	2350	4814	1568	0
DL5	0	0	0	0	0	0
Tabela Comparativa das Profundidades - Porcentagens (FRAME 14)
	AV1
HEVC	DL0	DL1	DL2	DL3	DL4	DL5
DL1	1.79%	62.50%	32.14%	3.46%	0.11%	0.00%
DL2	2.53%	6.16%	77.46%	13.23%	0.61%	0.00%
DL3	3.97%	3.59%	34.14%	53.34%	4.96%	0.00%
DL4	5.94%	4.00%	24.24%	49.65%	16.17%	0.00%
DL5	-nan%	-nan%	-nan%	-nan%	-nan%	-nan%


Tabela Comparativa das Profundidades - Valores Absolutos (FRAME 15)
	AV1
HEVC	DL0	DL1	DL2	DL3	DL4	DL5
DL1	0	15156	5376	460	0	0
DL2	0	8564	50968	7456	276	0
DL3	0	2572	12348	12060	764	0
DL4	0	1068	2770	2302	740	0
DL5	0	0	0	0	0	0
Tabela Comparativa das Profundidades - Porcentagens (FRAME 15)
	AV1
HEVC	DL0	DL1	DL2	DL3	DL4	DL5
DL1	0.00%	72.20%	25.61%	2.19%	0.00%	0.00%
DL2	0.00%	12.73%	75.77%	11.08%	0.41%	0.00%
DL3	0.00%	9.27%	44.51%	43.47%	2.75%	0.00%
DL4	0.00%	15.52%	40.26%	33.46%	10.76%	0.00%
DL5	-nan%	-nan%	-nan%	-nan%	-nan%	-nan%


Tabela Comparativa das Profundidades - Valores Absolutos (FRAME 16)
	AV1
HEVC	DL0	DL1	DL2	DL3	DL4	DL5
DL1	0	8160	3480	136	0	0
DL2	0	4942	46424	10798	748	0
DL3	0	2844	13996	21620	980	0
DL4	0	624	2430	4570	1128	0
DL5	0	0	0	0	0	0
Tabela Comparativa das Profundidades - Porcentagens (FRAME 16)
	AV1
HEVC	DL0	DL1	DL2	DL3	DL4	DL5
DL1	0.00%	69.29%	29.55%	1.15%	0.00%	0.00%
DL2	0.00%	7.86%	73.79%	17.16%	1.19%	0.00%
DL3	0.00%	7.21%	35.49%	54.82%	2.48%	0.00%
DL4	0.00%	7.13%	27.77%	52.22%	12.89%	0.00%
DL5	-nan%	-nan%	-nan%	-nan%	-nan%	-nan%


Tabela Comparativa das Profundidades - Valores Absolutos (FRAME 17)
	AV1
HEVC	DL0	DL1	DL2	DL3	DL4	DL5
DL1	0	4608	1216	64	0	0
DL2	0	1796	44594	10398	492	0
DL3	0	864	17136	29244	2372	0
DL4	0	76	2772	5504	1744	0
DL5	0	0	0	0	0	0
Tabela Comparativa das Profundidades - Porcentagens (FRAME 17)
	AV1
HEVC	DL0	DL1	DL2	DL3	DL4	DL5
DL1	0.00%	78.26%	20.65%	1.09%	0.00%	0.00%
DL2	0.00%	3.14%	77.85%	18.15%	0.86%	0.00%
DL3	0.00%	1.74%	34.54%	58.94%	4.78%	0.00%
DL4	0.00%	0.75%	27.46%	54.52%	17.27%	0.00%
DL5	-nan%	-nan%	-nan%	-nan%	-nan%	-nan%


Tabela Comparativa das Profundidades - Valores Absolutos (FRAME 18)
	AV1
HEVC	DL0	DL1	DL2	DL3	DL4	DL5
DL1	0	7744	3712	528	48	0
DL2	0	4476	51260	9408	904	0
DL3	0	1800	13674	18070	1896	0
DL4	0	532	2874	4642	1312	0
DL5	0	0	0	0	0	0
Tabela Comparativa das Profundidades - Porcentagens (FRAME 18)
	AV1
HEVC	DL0	DL1	DL2	DL3	DL4	DL5
DL1	0.00%	64.36%	30.85%	4.39%	0.40%	0.00%
DL2	0.00%	6.78%	77.61%	14.24%	1.37%	0.00%
DL3	0.00%	5.08%	38.58%	50.99%	5.35%	0.00%
DL4	0.00%	5.68%	30.71%	49.59%	14.02%	0.00%
DL5	-nan%	-nan%	-nan%	-nan%	-nan%	-nan%


Tabela Comparativa das Profundidades - Valores Absolutos (FRAME 19)
	AV1
HEVC	DL0	DL1	DL2	DL3	DL4	DL5
DL1	0	12800	6784	128	0	0
DL2	0	7296	64512	6960	144	0
DL3	0	592	10512	10064	368	0
DL4	0	48	944	1248	480	0
DL5	0	0	0	0	0	0
Tabela Comparativa das Profundidades - Porcentagens (FRAME 19)
	AV1
HEVC	DL0	DL1	DL2	DL3	DL4	DL5
DL1	0.00%	64.94%	34.42%	0.65%	0.00%	0.00%
DL2	0.00%	9.25%	81.75%	8.82%	0.18%	0.00%
DL3	0.00%	2.75%	48.81%	46.73%	1.71%	0.00%
DL4	0.00%	1.76%	34.71%	45.88%	17.65%	0.00%
DL5	-nan%	-nan%	-nan%	-nan%	-nan%	-nan%


Tabela Comparativa das Profundidades - Valores Absolutos (FRAME 20)
	AV1
HEVC	DL0	DL1	DL2	DL3	DL4	DL5
DL1	0	3444	3740	544	208	0
DL2	0	2528	30210	8266	1940	0
DL3	0	1548	10930	15390	4308	0
DL4	0	1450	9792	16162	12420	0
DL5	0	0	0	0	0	0
Tabela Comparativa das Profundidades - Porcentagens (FRAME 20)
	AV1
HEVC	DL0	DL1	DL2	DL3	DL4	DL5
DL1	0.00%	43.40%	47.13%	6.85%	2.62%	0.00%
DL2	0.00%	5.89%	70.35%	19.25%	4.52%	0.00%
DL3	0.00%	4.81%	33.97%	47.83%	13.39%	0.00%
DL4	0.00%	3.64%	24.59%	40.58%	31.19%	0.00%
DL5	-nan%	-nan%	-nan%	-nan%	-nan%	-nan%


Tabela Comparativa das Profundidades - Valores Absolutos (FRAME 21)
	AV1
HEVC	DL0	DL1	DL2	DL3	DL4	DL5
DL1	0	1536	192	64	0	0
DL2	0	968	26280	9032	1992	0
DL3	0	1224	16932	25096	4076	0
DL4	0	1160	9328	15496	9504	0
DL5	0	0	0	0	0	0
Tabela Comparativa das Profundidades - Porcentagens (FRAME 21)
	AV1
HEVC	DL0	DL1	DL2	DL3	DL4	DL5
DL1	0.00%	85.71%	10.71%	3.57%	0.00%	0.00%
DL2	0.00%	2.53%	68.67%	23.60%	5.20%	0.00%
DL3	0.00%	2.59%	35.78%	53.03%	8.61%	0.00%
DL4	0.00%	3.27%	26.28%	43.67%	26.78%	0.00%
DL5	-nan%	-nan%	-nan%	-nan%	-nan%	-nan%


Tabela Comparativa das Profundidades - Valores Absolutos (FRAME 22)
	AV1
HEVC	DL0	DL1	DL2	DL3	DL4	DL5
DL1	0	512	1024	256	0	0
DL2	0	320	28756	9644	512	0
DL3	0	320	18496	34896	4112	0
DL4	0	128	4888	12986	6030	0
DL5	0	0	0	0	0	0
Tabela Comparativa das Profundidades - Porcentagens (FRAME 22)
	AV1
HEVC	DL0	DL1	DL2	DL3	DL4	DL5
DL1	0.00%	28.57%	57.14%	14.29%	0.00%	0.00%
DL2	0.00%	0.82%	73.30%	24.58%	1.31%	0.00%
DL3	0.00%	0.55%	31.99%	60.35%	7.11%	0.00%
DL4	0.00%	0.53%	20.34%	54.04%	25.09%	0.00%
DL5	-nan%	-nan%	-nan%	-nan%	-nan%	-nan%


Tabela Comparativa das Profundidades - Valores Absolutos (FRAME 23)
	AV1
HEVC	DL0	DL1	DL2	DL3	DL4	DL5
DL1	0	3328	1344	192	0	0
DL2	0	1520	36948	8116	840	0
DL3	0	1296	16288	32326	4986	0
DL4	0	112	2840	9008	3736	0
DL5	0	0	0	0	0	0
Tabela Comparativa das Profundidades - Porcentagens (FRAME 23)
	AV1
HEVC	DL0	DL1	DL2	DL3	DL4	DL5
DL1	0.00%	68.42%	27.63%	3.95%	0.00%	0.00%
DL2	0.00%	3.21%	77.91%	17.11%	1.77%	0.00%
DL3	0.00%	2.36%	29.67%	58.89%	9.08%	0.00%
DL4	0.00%	0.71%	18.09%	57.39%	23.80%	0.00%
DL5	-nan%	-nan%	-nan%	-nan%	-nan%	-nan%


Tabela Comparativa das Profundidades - Valores Absolutos (FRAME 24)
	AV1
HEVC	DL0	DL1	DL2	DL3	DL4	DL5
DL1	0	3840	1856	432	16	0
DL2	0	4724	46220	8728	616	0
DL3	0	2576	17106	24678	1768	0
DL4	0	808	2994	5136	1382	0
DL5	0	0	0	0	0	0
Tabela Comparativa das Profundidades - Porcentagens (FRAME 24)
	AV1
HEVC	DL0	DL1	DL2	DL3	DL4	DL5
DL1	0.00%	62.50%	30.21%	7.03%	0.26%	0.00%
DL2	0.00%	7.84%	76.67%	14.48%	1.02%	0.00%
DL3	0.00%	5.58%	37.08%	53.50%	3.83%	0.00%
DL4	0.00%	7.83%	29.01%	49.77%	13.39%	0.00%
DL5	-nan%	-nan%	-nan%	-nan%	-nan%	-nan%


Tabela Comparativa das Profundidades - Valores Absolutos (FRAME 25)
	AV1
HEVC	DL0	DL1	DL2	DL3	DL4	DL5
DL1	0	7680	4928	704	0	0
DL2	0	5104	48144	9352	632	0
DL3	0	2392	14572	18672	1772	0
DL4	0	604	2540	4364	1420	0
DL5	0	0	0	0	0	0
Tabela Comparativa das Profundidades - Porcentagens (FRAME 25)
	AV1
HEVC	DL0	DL1	DL2	DL3	DL4	DL5
DL1	0.00%	57.69%	37.02%	5.29%	0.00%	0.00%
DL2	0.00%	8.07%	76.14%	14.79%	1.00%	0.00%
DL3	0.00%	6.39%	38.95%	49.91%	4.74%	0.00%
DL4	0.00%	6.77%	28.45%	48.88%	15.91%	0.00%
DL5	-nan%	-nan%	-nan%	-nan%	-nan%	-nan%


Tabela Comparativa das Profundidades - Valores Absolutos (FRAME 26)
	AV1
HEVC	DL0	DL1	DL2	DL3	DL4	DL5
DL1	0	11152	5040	640	64	0
DL2	0	7530	61762	6528	596	0
DL3	0	1108	13004	8536	744	0
DL4	0	414	2862	2260	640	0
DL5	0	0	0	0	0	0
Tabela Comparativa das Profundidades - Porcentagens (FRAME 26)
	AV1
HEVC	DL0	DL1	DL2	DL3	DL4	DL5
DL1	0.00%	66.00%	29.83%	3.79%	0.38%	0.00%
DL2	0.00%	9.85%	80.82%	8.54%	0.78%	0.00%
DL3	0.00%	4.74%	55.59%	36.49%	3.18%	0.00%
DL4	0.00%	6.70%	46.34%	36.59%	10.36%	0.00%
DL5	-nan%	-nan%	-nan%	-nan%	-nan%	-nan%


Tabela Comparativa das Profundidades - Valores Absolutos (FRAME 27)
	AV1
HEVC	DL0	DL1	DL2	DL3	DL4	DL5
DL1	0	3328	1536	0	0	0
DL2	0	1600	44812	12304	676	0
DL3	0	1204	16192	27188	2648	0
DL4	0	664	3060	5740	1928	0
DL5	0	0	0	0	0	0
Tabela Comparativa das Profundidades - Porcentagens (FRAME 27)
	AV1
HEVC	DL0	DL1	DL2	DL3	DL4	DL5
DL1	0.00%	68.42%	31.58%	0.00%	0.00%	0.00%
DL2	0.00%	2.69%	75.45%	20.72%	1.14%	0.00%
DL3	0.00%	2.55%	34.28%	57.56%	5.61%	0.00%
DL4	0.00%	5.83%	26.86%	50.39%	16.92%	0.00%
DL5	-nan%	-nan%	-nan%	-nan%	-nan%	-nan%


Tabela Comparativa das Profundidades - Valores Absolutos (FRAME 28)
	AV1
HEVC	DL0	DL1	DL2	DL3	DL4	DL5
DL1	0	16128	6912	512	0	0
DL2	0	6912	58048	7200	288	0
DL3	0	1440	10848	10704	720	0
DL4	0	96	672	1856	544	0
DL5	0	0	0	0	0	0
Tabela Comparativa das Profundidades - Porcentagens (FRAME 28)
	AV1
HEVC	DL0	DL1	DL2	DL3	DL4	DL5
DL1	0.00%	68.48%	29.35%	2.17%	0.00%	0.00%
DL2	0.00%	9.54%	80.12%	9.94%	0.40%	0.00%
DL3	0.00%	6.07%	45.75%	45.14%	3.04%	0.00%
DL4	0.00%	3.03%	21.21%	58.59%	17.17%	0.00%
DL5	-nan%	-nan%	-nan%	-nan%	-nan%	-nan%


Tabela Comparativa das Profundidades - Valores Absolutos (FRAME 29)
	AV1
HEVC	DL0	DL1	DL2	DL3	DL4	DL5
DL1	0	14080	7008	672	0	0
DL2	0	6032	54464	8672	272	0
DL3	0	1640	10520	11920	912	0
DL4	0	556	2034	3242	856	0
DL5	0	0	0	0	0	0
Tabela Comparativa das Profundidades - Porcentagens (FRAME 29)
	AV1
HEVC	DL0	DL1	DL2	DL3	DL4	DL5
DL1	0.00%	64.71%	32.21%	3.09%	0.00%	0.00%
DL2	0.00%	8.69%	78.43%	12.49%	0.39%	0.00%
DL3	0.00%	6.56%	42.09%	47.70%	3.65%	0.00%
DL4	0.00%	8.31%	30.41%	48.47%	12.80%	0.00%
DL5	-nan%	-nan%	-nan%	-nan%	-nan%	-nan%


Tabela Comparativa das Profundidades - Valores Absolutos (FRAME 30)
	AV1
HEVC	DL0	DL1	DL2	DL3	DL4	DL5
DL1	0	5868	1620	192	0	0
DL2	0	4828	35824	7584	404	0
DL3	0	3244	19068	27936	2280	0
DL4	0	516	4446	7102	1968	0
DL5	0	0	0	0	0	0
Tabela Comparativa das Profundidades - Porcentagens (FRAME 30)
	AV1
HEVC	DL0	DL1	DL2	DL3	DL4	DL5
DL1	0.00%	76.41%	21.09%	2.50%	0.00%	0.00%
DL2	0.00%	9.93%	73.65%	15.59%	0.83%	0.00%
DL3	0.00%	6.18%	36.30%	53.18%	4.34%	0.00%
DL4	0.00%	3.68%	31.68%	50.61%	14.03%	0.00%
DL5	-nan%	-nan%	-nan%	-nan%	-nan%	-nan%


Tabela Comparativa das Profundidades - Valores Absolutos (FRAME 31)
	AV1
HEVC	DL0	DL1	DL2	DL3	DL4	DL5
DL1	0	5632	2240	64	0	0
DL2	0	3432	37494	8450	288	0
DL3	0	2520	20242	27186	2372	0
DL4	0	876	3804	6360	1920	0
DL5	0	0	0	0	0	0
Tabela Comparativa das Profundidades - Porcentagens (FRAME 31)
	AV1
HEVC	DL0	DL1	DL2	DL3	DL4	DL5
DL1	0.00%	70.97%	28.23%	0.81%	0.00%	0.00%
DL2	0.00%	6.91%	75.50%	17.01%	0.58%	0.00%
DL3	0.00%	4.82%	38.69%	51.96%	4.53%	0.00%
DL4	0.00%	6.76%	29.35%	49.07%	14.81%	0.00%
DL5	-nan%	-nan%	-nan%	-nan%	-nan%	-nan%


Tabela Comparativa das Profundidades - Valores Absolutos (FRAME 32)
	AV1
HEVC	DL0	DL1	DL2	DL3	DL4	DL5
DL1	0	12032	5520	320	48	0
DL2	0	8168	41490	8450	388	0
DL3	0	1800	11884	20856	2244	0
DL4	0	444	2268	5240	1728	0
DL5	0	0	0	0	0	0
Tabela Comparativa das Profundidades - Porcentagens (FRAME 32)
	AV1
HEVC	DL0	DL1	DL2	DL3	DL4	DL5
DL1	0.00%	67.14%	30.80%	1.79%	0.27%	0.00%
DL2	0.00%	13.96%	70.93%	14.45%	0.66%	0.00%
DL3	0.00%	4.89%	32.31%	56.70%	6.10%	0.00%
DL4	0.00%	4.59%	23.43%	54.13%	17.85%	0.00%
DL5	-nan%	-nan%	-nan%	-nan%	-nan%	-nan%


Tabela Comparativa das Profundidades - Valores Absolutos (FRAME 33)
	AV1
HEVC	DL0	DL1	DL2	DL3	DL4	DL5
DL1	0	17600	6384	840	8	0
DL2	0	9528	53008	7014	530	0
DL3	0	2720	9780	8168	804	0
DL4	0	916	1910	2890	780	0
DL5	0	0	0	0	0	0
Tabela Comparativa das Profundidades - Porcentagens (FRAME 33)
	AV1
HEVC	DL0	DL1	DL2	DL3	DL4	DL5
DL1	0.00%	70.88%	25.71%	3.38%	0.03%	0.00%
DL2	0.00%	13.60%	75.64%	10.01%	0.76%	0.00%
DL3	0.00%	12.67%	45.55%	38.04%	3.74%	0.00%
DL4	0.00%	14.10%	29.40%	44.49%	12.01%	0.00%
DL5	-nan%	-nan%	-nan%	-nan%	-nan%	-nan%


Tabela Comparativa das Profundidades - Valores Absolutos (FRAME 34)
	AV1
HEVC	DL0	DL1	DL2	DL3	DL4	DL5
DL1	0	14588	3440	564	96	0
DL2	0	5984	57152	6804	1036	0
DL3	0	1516	13578	9898	1120	0
DL4	0	778	2962	2418	946	0
DL5	0	0	0	0	0	0
Tabela Comparativa das Profundidades - Porcentagens (FRAME 34)
	AV1
HEVC	DL0	DL1	DL2	DL3	DL4	DL5
DL1	0.00%	78.06%	18.41%	3.02%	0.51%	0.00%
DL2	0.00%	8.43%	80.52%	9.59%	1.46%	0.00%
DL3	0.00%	5.81%	52.00%	37.91%	4.29%	0.00%
DL4	0.00%	10.95%	41.69%	34.04%	13.32%	0.00%
DL5	-nan%	-nan%	-nan%	-nan%	-nan%	-nan%


Tabela Comparativa das Profundidades - Valores Absolutos (FRAME 35)
	AV1
HEVC	DL0	DL1	DL2	DL3	DL4	DL5
DL1	0	6144	2048	240	16	0
DL2	0	1548	41820	9672	400	0
DL3	0	708	20284	26622	1698	0
DL4	0	160	3856	6104	1560	0
DL5	0	0	0	0	0	0
Tabela Comparativa das Profundidades - Porcentagens (FRAME 35)
	AV1
HEVC	DL0	DL1	DL2	DL3	DL4	DL5
DL1	0.00%	72.73%	24.24%	2.84%	0.19%	0.00%
DL2	0.00%	2.90%	78.26%	18.10%	0.75%	0.00%
DL3	0.00%	1.44%	41.13%	53.99%	3.44%	0.00%
DL4	0.00%	1.37%	33.01%	52.26%	13.36%	0.00%
DL5	-nan%	-nan%	-nan%	-nan%	-nan%	-nan%


Tabela Comparativa das Profundidades - Valores Absolutos (FRAME 36)
	AV1
HEVC	DL0	DL1	DL2	DL3	DL4	DL5
DL1	0	16608	3872	768	0	0
DL2	0	8416	60496	5684	220	0
DL3	0	2612	9844	9012	212	0
DL4	0	636	2248	1896	356	0
DL5	0	0	0	0	0	0
Tabela Comparativa das Profundidades - Porcentagens (FRAME 36)
	AV1
HEVC	DL0	DL1	DL2	DL3	DL4	DL5
DL1	0.00%	78.16%	18.22%	3.61%	0.00%	0.00%
DL2	0.00%	11.25%	80.86%	7.60%	0.29%	0.00%
DL3	0.00%	12.05%	45.41%	41.57%	0.98%	0.00%
DL4	0.00%	12.38%	43.77%	36.92%	6.93%	0.00%
DL5	-nan%	-nan%	-nan%	-nan%	-nan%	-nan%


Tabela Comparativa das Profundidades - Valores Absolutos (FRAME 37)
	AV1
HEVC	DL0	DL1	DL2	DL3	DL4	DL5
DL1	0	14336	8128	64	0	0
DL2	0	8064	61696	7280	464	0
DL3	0	1216	9280	9104	272	0
DL4	0	192	896	1376	512	0
DL5	0	0	0	0	0	0
Tabela Comparativa das Profundidades - Porcentagens (FRAME 37)
	AV1
HEVC	DL0	DL1	DL2	DL3	DL4	DL5
DL1	0.00%	63.64%	36.08%	0.28%	0.00%	0.00%
DL2	0.00%	10.40%	79.60%	9.39%	0.60%	0.00%
DL3	0.00%	6.12%	46.70%	45.81%	1.37%	0.00%
DL4	0.00%	6.45%	30.11%	46.24%	17.20%	0.00%
DL5	-nan%	-nan%	-nan%	-nan%	-nan%	-nan%


Tabela Comparativa das Profundidades - Valores Absolutos (FRAME 38)
	AV1
HEVC	DL0	DL1	DL2	DL3	DL4	DL5
DL1	0	408	768	104	0	0
DL2	0	2968	23408	7896	800	0
DL3	0	1092	16756	28972	5020	0
DL4	0	550	7370	15312	11456	0
DL5	0	0	0	0	0	0
Tabela Comparativa das Profundidades - Porcentagens (FRAME 38)
	AV1
HEVC	DL0	DL1	DL2	DL3	DL4	DL5
DL1	0.00%	31.87%	60.00%	8.12%	0.00%	0.00%
DL2	0.00%	8.46%	66.74%	22.51%	2.28%	0.00%
DL3	0.00%	2.11%	32.32%	55.89%	9.68%	0.00%
DL4	0.00%	1.59%	21.25%	44.14%	33.03%	0.00%
DL5	-nan%	-nan%	-nan%	-nan%	-nan%	-nan%


Tabela Comparativa das Profundidades - Valores Absolutos (FRAME 39)
	AV1
HEVC	DL0	DL1	DL2	DL3	DL4	DL5
DL1	0	1536	704	64	0	0
DL2	0	1256	29216	8200	1072	0
DL3	0	1392	16688	25404	5428	0
DL4	0	840	7652	14356	9072	0
DL5	0	0	0	0	0	0
Tabela Comparativa das Profundidades - Porcentagens (FRAME 39)
	AV1
HEVC	DL0	DL1	DL2	DL3	DL4	DL5
DL1	0.00%	66.67%	30.56%	2.78%	0.00%	0.00%
DL2	0.00%	3.16%	73.51%	20.63%	2.70%	0.00%
DL3	0.00%	2.85%	34.12%	51.94%	11.10%	0.00%
DL4	0.00%	2.63%	23.97%	44.97%	28.42%	0.00%
DL5	-nan%	-nan%	-nan%	-nan%	-nan%	-nan%


Tabela Comparativa das Profundidades - Valores Absolutos (FRAME 40)
	AV1
HEVC	DL0	DL1	DL2	DL3	DL4	DL5
DL1	0	3328	896	384	0	0
DL2	0	2200	28092	9088	684	0
DL3	0	3112	17956	31550	2838	0
DL4	0	1460	5294	11488	4510	0
DL5	0	0	0	0	0	0
Tabela Comparativa das Profundidades - Porcentagens (FRAME 40)
	AV1
HEVC	DL0	DL1	DL2	DL3	DL4	DL5
DL1	0.00%	72.22%	19.44%	8.33%	0.00%	0.00%
DL2	0.00%	5.49%	70.12%	22.68%	1.71%	0.00%
DL3	0.00%	5.61%	32.38%	56.89%	5.12%	0.00%
DL4	0.00%	6.42%	23.27%	50.49%	19.82%	0.00%
DL5	-nan%	-nan%	-nan%	-nan%	-nan%	-nan%


Tabela Comparativa das Profundidades - Valores Absolutos (FRAME 41)
	AV1
HEVC	DL0	DL1	DL2	DL3	DL4	DL5
DL1	0	4864	1216	64	0	0
DL2	0	1600	32888	8836	708	0
DL3	0	176	18592	30576	3920	0
DL4	0	16	3968	11370	4086	0
DL5	0	0	0	0	0	0
Tabela Comparativa das Profundidades - Porcentagens (FRAME 41)
	AV1
HEVC	DL0	DL1	DL2	DL3	DL4	DL5
DL1	0.00%	79.17%	19.79%	1.04%	0.00%	0.00%
DL2	0.00%	3.63%	74.69%	20.07%	1.61%	0.00%
DL3	0.00%	0.33%	34.91%	57.40%	7.36%	0.00%
DL4	0.00%	0.08%	20.41%	58.49%	21.02%	0.00%
DL5	-nan%	-nan%	-nan%	-nan%	-nan%	-nan%


Tabela Comparativa das Profundidades - Valores Absolutos (FRAME 42)
	AV1
HEVC	DL0	DL1	DL2	DL3	DL4	DL5
DL1	0	8960	3136	192	0	0
DL2	0	4668	38712	9100	384	0
DL3	0	2944	15936	27072	1760	0
DL4	0	918	2526	4894	1678	0
DL5	0	0	0	0	0	0
Tabela Comparativa das Profundidades - Porcentagens (FRAME 42)
	AV1
HEVC	DL0	DL1	DL2	DL3	DL4	DL5
DL1	0.00%	72.92%	25.52%	1.56%	0.00%	0.00%
DL2	0.00%	8.83%	73.23%	17.21%	0.73%	0.00%
DL3	0.00%	6.17%	33.40%	56.74%	3.69%	0.00%
DL4	0.00%	9.17%	25.22%	48.86%	16.75%	0.00%
DL5	-nan%	-nan%	-nan%	-nan%	-nan%	-nan%


Tabela Comparativa das Profundidades - Valores Absolutos (FRAME 43)
	AV1
HEVC	DL0	DL1	DL2	DL3	DL4	DL5
DL1	0	13740	5504	468	0	0
DL2	0	8054	52204	8282	324	0
DL3	0	3014	13676	10210	1036	0
DL4	0	824	2532	2224	788	0
DL5	0	0	0	0	0	0
Tabela Comparativa das Profundidades - Porcentagens (FRAME 43)
	AV1
HEVC	DL0	DL1	DL2	DL3	DL4	DL5
DL1	0.00%	69.70%	27.92%	2.37%	0.00%	0.00%
DL2	0.00%	11.70%	75.81%	12.03%	0.47%	0.00%
DL3	0.00%	10.79%	48.95%	36.55%	3.71%	0.00%
DL4	0.00%	12.94%	39.76%	34.92%	12.37%	0.00%
DL5	-nan%	-nan%	-nan%	-nan%	-nan%	-nan%


Tabela Comparativa das Profundidades - Valores Absolutos (FRAME 44)
	AV1
HEVC	DL0	DL1	DL2	DL3	DL4	DL5
DL1	0	11016	5944	448	0	0
DL2	0	7644	63340	5308	316	0
DL3	0	2072	12548	7840	532	0
DL4	0	804	2612	2048	408	0
DL5	0	0	0	0	0	0
Tabela Comparativa das Profundidades - Porcentagens (FRAME 44)
	AV1
HEVC	DL0	DL1	DL2	DL3	DL4	DL5
DL1	0.00%	63.28%	34.15%	2.57%	0.00%	0.00%
DL2	0.00%	9.98%	82.68%	6.93%	0.41%	0.00%
DL3	0.00%	9.01%	54.58%	34.10%	2.31%	0.00%
DL4	0.00%	13.69%	44.48%	34.88%	6.95%	0.00%
DL5	-nan%	-nan%	-nan%	-nan%	-nan%	-nan%


Tabela Comparativa das Profundidades - Valores Absolutos (FRAME 45)
	AV1
HEVC	DL0	DL1	DL2	DL3	DL4	DL5
DL1	0	2304	1728	544	32	0
DL2	0	2336	40460	14280	716	0
DL3	0	2072	18568	27292	1924	0
DL4	0	952	2908	5328	1436	0
DL5	0	0	0	0	0	0
Tabela Comparativa das Profundidades - Porcentagens (FRAME 45)
	AV1
HEVC	DL0	DL1	DL2	DL3	DL4	DL5
DL1	0.00%	50.00%	37.50%	11.81%	0.69%	0.00%
DL2	0.00%	4.04%	70.01%	24.71%	1.24%	0.00%
DL3	0.00%	4.16%	37.24%	54.74%	3.86%	0.00%
DL4	0.00%	8.96%	27.37%	50.15%	13.52%	0.00%
DL5	-nan%	-nan%	-nan%	-nan%	-nan%	-nan%


Tabela Comparativa das Profundidades - Valores Absolutos (FRAME 46)
	AV1
HEVC	DL0	DL1	DL2	DL3	DL4	DL5
DL1	0	16128	6848	560	16	0
DL2	0	6592	60160	7024	336	0
DL3	0	1232	10992	9216	592	0
DL4	0	112	1360	1184	528	0
DL5	0	0	0	0	0	0
Tabela Comparativa das Profundidades - Porcentagens (FRAME 46)
	AV1
HEVC	DL0	DL1	DL2	DL3	DL4	DL5
DL1	0.00%	68.48%	29.08%	2.38%	0.07%	0.00%
DL2	0.00%	8.89%	81.17%	9.48%	0.45%	0.00%
DL3	0.00%	5.59%	49.89%	41.83%	2.69%	0.00%
DL4	0.00%	3.52%	42.71%	37.19%	16.58%	0.00%
DL5	-nan%	-nan%	-nan%	-nan%	-nan%	-nan%


Tabela Comparativa das Profundidades - Valores Absolutos (FRAME 47)
	AV1
HEVC	DL0	DL1	DL2	DL3	DL4	DL5
DL1	0	14656	7728	392	8	0
DL2	0	8924	59564	6760	336	0
DL3	0	2008	9956	7456	340	0
DL4	0	640	2116	1476	520	0
DL5	0	0	0	0	0	0
Tabela Comparativa das Profundidades - Porcentagens (FRAME 47)
	AV1
HEVC	DL0	DL1	DL2	DL3	DL4	DL5
DL1	0.00%	64.33%	33.92%	1.72%	0.04%	0.00%
DL2	0.00%	11.81%	78.81%	8.94%	0.44%	0.00%
DL3	0.00%	10.16%	50.38%	37.73%	1.72%	0.00%
DL4	0.00%	13.47%	44.53%	31.06%	10.94%	0.00%
DL5	-nan%	-nan%	-nan%	-nan%	-nan%	-nan%


Tabela Comparativa das Profundidades - Valores Absolutos (FRAME 48)
	AV1
HEVC	DL0	DL1	DL2	DL3	DL4	DL5
DL1	0	4576	1792	288	0	0
DL2	0	4904	42716	10168	836	0
DL3	0	1548	17692	22480	1672	0
DL4	0	868	5246	6582	1512	0
DL5	0	0	0	0	0	0
Tabela Comparativa das Profundidades - Porcentagens (FRAME 48)
	AV1
HEVC	DL0	DL1	DL2	DL3	DL4	DL5
DL1	0.00%	68.75%	26.92%	4.33%	0.00%	0.00%
DL2	0.00%	8.37%	72.86%	17.34%	1.43%	0.00%
DL3	0.00%	3.57%	40.77%	51.81%	3.85%	0.00%
DL4	0.00%	6.11%	36.92%	46.33%	10.64%	0.00%
DL5	-nan%	-nan%	-nan%	-nan%	-nan%	-nan%


Tabela Comparativa das Profundidades - Valores Absolutos (FRAME 49)
	AV1
HEVC	DL0	DL1	DL2	DL3	DL4	DL5
DL1	0	6144	1024	992	32	0
DL2	0	2916	39360	9476	600	0
DL3	0	1244	20368	26402	2018	0
DL4	0	396	3840	6196	1872	0
DL5	0	0	0	0	0	0
Tabela Comparativa das Profundidades - Porcentagens (FRAME 49)
	AV1
HEVC	DL0	DL1	DL2	DL3	DL4	DL5
DL1	0.00%	75.00%	12.50%	12.11%	0.39%	0.00%
DL2	0.00%	5.57%	75.18%	18.10%	1.15%	0.00%
DL3	0.00%	2.49%	40.71%	52.77%	4.03%	0.00%
DL4	0.00%	3.22%	31.21%	50.36%	15.21%	0.00%
DL5	-nan%	-nan%	-nan%	-nan%	-nan%	-nan%


Tabela Comparativa das Profundidades - Valores Absolutos (FRAME 50)
	AV1
HEVC	DL0	DL1	DL2	DL3	DL4	DL5
DL1	0	14336	4064	288	0	0
DL2	0	4984	47996	9440	428	0
DL3	0	1628	12324	18700	1252	0
DL4	0	396	2266	3878	900	0
DL5	0	0	0	0	0	0
Tabela Comparativa das Profundidades - Porcentagens (FRAME 50)
	AV1
HEVC	DL0	DL1	DL2	DL3	DL4	DL5
DL1	0.00%	76.71%	21.75%	1.54%	0.00%	0.00%
DL2	0.00%	7.93%	76.37%	15.02%	0.68%	0.00%
DL3	0.00%	4.80%	36.35%	55.16%	3.69%	0.00%
DL4	0.00%	5.32%	30.46%	52.12%	12.10%	0.00%
DL5	-nan%	-nan%	-nan%	-nan%	-nan%	-nan%


Tabela Comparativa das Profundidades - Valores Absolutos (FRAME 51)
	AV1
HEVC	DL0	DL1	DL2	DL3	DL4	DL5
DL1	0	16232	6280	528	0	0
DL2	0	7952	62170	5358	296	0
DL3	0	1960	9958	6330	536	0
DL4	0	1072	1784	1622	802	0
DL5	0	0	0	0	0	0
Tabela Comparativa das Profundidades - Porcentagens (FRAME 51)
	AV1
HEVC	DL0	DL1	DL2	DL3	DL4	DL5
DL1	0.00%	70.45%	27.26%	2.29%	0.00%	0.00%
DL2	0.00%	10.49%	82.04%	7.07%	0.39%	0.00%
DL3	0.00%	10.43%	53.01%	33.70%	2.85%	0.00%
DL4	0.00%	20.30%	33.79%	30.72%	15.19%	0.00%
DL5	-nan%	-nan%	-nan%	-nan%	-nan%	-nan%


Tabela Comparativa das Profundidades - Valores Absolutos (FRAME 52)
	AV1
HEVC	DL0	DL1	DL2	DL3	DL4	DL5
DL1	0	10600	3520	728	0	0
DL2	0	8024	54672	8020	132	0
DL3	0	2362	14006	13604	556	0
DL4	0	624	2352	3068	612	0
DL5	0	0	0	0	0	0
Tabela Comparativa das Profundidades - Porcentagens (FRAME 52)
	AV1
HEVC	DL0	DL1	DL2	DL3	DL4	DL5
DL1	0.00%	71.39%	23.71%	4.90%	0.00%	0.00%
DL2	0.00%	11.33%	77.17%	11.32%	0.19%	0.00%
DL3	0.00%	7.74%	45.88%	44.56%	1.82%	0.00%
DL4	0.00%	9.38%	35.34%	46.09%	9.19%	0.00%
DL5	-nan%	-nan%	-nan%	-nan%	-nan%	-nan%


Tabela Comparativa das Profundidades - Valores Absolutos (FRAME 53)
	AV1
HEVC	DL0	DL1	DL2	DL3	DL4	DL5
DL1	0	2816	2880	192	0	0
DL2	0	3424	47952	9536	336	0
DL3	0	2487	16768	27041	712	0
DL4	0	600	2518	4798	820	0
DL5	0	0	0	0	0	0
Tabela Comparativa das Profundidades - Porcentagens (FRAME 53)
	AV1
HEVC	DL0	DL1	DL2	DL3	DL4	DL5
DL1	0.00%	47.83%	48.91%	3.26%	0.00%	0.00%
DL2	0.00%	5.59%	78.29%	15.57%	0.55%	0.00%
DL3	0.00%	5.29%	35.67%	57.52%	1.51%	0.00%
DL4	0.00%	6.87%	28.82%	54.92%	9.39%	0.00%
DL5	-nan%	-nan%	-nan%	-nan%	-nan%	-nan%


Tabela Comparativa das Profundidades - Valores Absolutos (FRAME 54)
	AV1
HEVC	DL0	DL1	DL2	DL3	DL4	DL5
DL1	0	12336	7120	256	0	0
DL2	0	7524	65376	4180	296	0
DL3	0	2172	11504	6292	640	0
DL4	0	916	2364	1332	572	0
DL5	0	0	0	0	0	0
Tabela Comparativa das Profundidades - Porcentagens (FRAME 54)
	AV1
HEVC	DL0	DL1	DL2	DL3	DL4	DL5
DL1	0.00%	62.58%	36.12%	1.30%	0.00%	0.00%
DL2	0.00%	9.72%	84.49%	5.40%	0.38%	0.00%
DL3	0.00%	10.54%	55.82%	30.53%	3.11%	0.00%
DL4	0.00%	17.67%	45.60%	25.69%	11.03%	0.00%
DL5	-nan%	-nan%	-nan%	-nan%	-nan%	-nan%


Tabela Comparativa das Profundidades - Valores Absolutos (FRAME 55)
	AV1
HEVC	DL0	DL1	DL2	DL3	DL4	DL5
DL1	0	16128	6208	448	0	0
DL2	0	8704	68544	4784	16	0
DL3	0	1216	7840	6880	160	0
DL4	0	64	608	1040	240	0
DL5	0	0	0	0	0	0
Tabela Comparativa das Profundidades - Porcentagens (FRAME 55)
	AV1
HEVC	DL0	DL1	DL2	DL3	DL4	DL5
DL1	0.00%	70.79%	27.25%	1.97%	0.00%	0.00%
DL2	0.00%	10.61%	83.54%	5.83%	0.02%	0.00%
DL3	0.00%	7.55%	48.71%	42.74%	0.99%	0.00%
DL4	0.00%	3.28%	31.15%	53.28%	12.30%	0.00%
DL5	-nan%	-nan%	-nan%	-nan%	-nan%	-nan%


Tabela Comparativa das Profundidades - Valores Absolutos (FRAME 56)
	AV1
HEVC	DL0	DL1	DL2	DL3	DL4	DL5
DL1	0	1394	1760	866	76	0
DL2	0	2550	27262	9264	1436	0
DL3	0	1192	18028	24688	4780	0
DL4	0	848	6440	12768	9528	0
DL5	0	0	0	0	0	0
Tabela Comparativa das Profundidades - Porcentagens (FRAME 56)
	AV1
HEVC	DL0	DL1	DL2	DL3	DL4	DL5
DL1	0.00%	34.03%	42.97%	21.14%	1.86%	0.00%
DL2	0.00%	6.29%	67.29%	22.87%	3.54%	0.00%
DL3	0.00%	2.45%	37.03%	50.71%	9.82%	0.00%
DL4	0.00%	2.87%	21.77%	43.16%	32.21%	0.00%
DL5	-nan%	-nan%	-nan%	-nan%	-nan%	-nan%


Tabela Comparativa das Profundidades - Valores Absolutos (FRAME 57)
	AV1
HEVC	DL0	DL1	DL2	DL3	DL4	DL5
DL1	0	2560	1728	64	0	0
DL2	0	1768	37216	9776	904	0
DL3	0	784	18724	22480	3148	0
DL4	0	680	6368	10008	6672	0
DL5	0	0	0	0	0	0
Tabela Comparativa das Profundidades - Porcentagens (FRAME 57)
	AV1
HEVC	DL0	DL1	DL2	DL3	DL4	DL5
DL1	0.00%	58.82%	39.71%	1.47%	0.00%	0.00%
DL2	0.00%	3.56%	74.94%	19.68%	1.82%	0.00%
DL3	0.00%	1.74%	41.48%	49.81%	6.97%	0.00%
DL4	0.00%	2.87%	26.84%	42.18%	28.12%	0.00%
DL5	-nan%	-nan%	-nan%	-nan%	-nan%	-nan%


Tabela Comparativa das Profundidades - Valores Absolutos (FRAME 58)
	AV1
HEVC	DL0	DL1	DL2	DL3	DL4	DL5
DL1	0	4352	1152	128	0	0
DL2	0	2560	40060	11244	344	0
DL3	0	640	17172	31104	2028	0
DL4	0	128	2924	7024	2020	0
DL5	0	0	0	0	0	0
Tabela Comparativa das Profundidades - Porcentagens (FRAME 58)
	AV1
HEVC	DL0	DL1	DL2	DL3	DL4	DL5
DL1	0.00%	77.27%	20.45%	2.27%	0.00%	0.00%
DL2	0.00%	4.72%	73.90%	20.74%	0.63%	0.00%
DL3	0.00%	1.26%	33.71%	61.06%	3.98%	0.00%
DL4	0.00%	1.06%	24.17%	58.07%	16.70%	0.00%
DL5	-nan%	-nan%	-nan%	-nan%	-nan%	-nan%


Tabela Comparativa das Profundidades - Valores Absolutos (FRAME 59)
	AV1
HEVC	DL0	DL1	DL2	DL3	DL4	DL5
DL1	0	6656	2496	320	0	0
DL2	0	6712	45616	7860	228	0
DL3	0	2596	17060	23588	1028	0
DL4	0	724	2640	4236	1120	0
DL5	0	0	0	0	0	0
Tabela Comparativa das Profundidades - Porcentagens (FRAME 59)
	AV1
HEVC	DL0	DL1	DL2	DL3	DL4	DL5
DL1	0.00%	70.27%	26.35%	3.38%	0.00%	0.00%
DL2	0.00%	11.11%	75.50%	13.01%	0.38%	0.00%
DL3	0.00%	5.86%	38.53%	53.28%	2.32%	0.00%
DL4	0.00%	8.30%	30.28%	48.58%	12.84%	0.00%
DL5	-nan%	-nan%	-nan%	-nan%	-nan%	-nan%


Tabela Comparativa das Profundidades - Valores Absolutos (FRAME 60)
	AV1
HEVC	DL0	DL1	DL2	DL3	DL4	DL5
DL1	0	11136	4976	776	8	0
DL2	0	4908	46270	10182	272	0
DL3	0	1768	15880	19032	760	0
DL4	0	634	2268	3258	752	0
DL5	0	0	0	0	0	0
Tabela Comparativa das Profundidades - Porcentagens (FRAME 60)
	AV1
HEVC	DL0	DL1	DL2	DL3	DL4	DL5
DL1	0.00%	65.91%	29.45%	4.59%	0.05%	0.00%
DL2	0.00%	7.96%	75.07%	16.52%	0.44%	0.00%
DL3	0.00%	4.72%	42.41%	50.83%	2.03%	0.00%
DL4	0.00%	9.17%	32.81%	47.14%	10.88%	0.00%
DL5	-nan%	-nan%	-nan%	-nan%	-nan%	-nan%


