Tabela Comparativa das Profundidades - Valores Absolutos (FRAME  1)
	AV1
HEVC	DL0	DL1	DL2	DL3	DL4	DL5
DL1	0	512	640	480	160	0
DL2	0	256	20160	7408	6032	0
DL3	0	160	8288	17776	8640	0
DL4	0	96	9632	13280	29360	0
DL5	0	0	0	0	0	0
Tabela Comparativa das Profundidades - Porcentagens (FRAME  1)
	AV1
HEVC	DL0	DL1	DL2	DL3	DL4	DL5
DL1	0.00%	28.57%	35.71%	26.79%	8.93%	0.00%
DL2	0.00%	0.76%	59.55%	21.88%	17.82%	0.00%
DL3	0.00%	0.46%	23.77%	50.99%	24.78%	0.00%
DL4	0.00%	0.18%	18.39%	25.36%	56.06%	0.00%
DL5	-nan%	-nan%	-nan%	-nan%	-nan%	-nan%


Tabela Comparativa das Profundidades - Valores Absolutos (FRAME  2)
	AV1
HEVC	DL0	DL1	DL2	DL3	DL4	DL5
DL1	0	5120	2176	1280	128	0
DL2	0	2624	30444	9424	1540	0
DL3	0	1664	19400	23078	2658	0
DL4	0	1896	7776	9336	4336	0
DL5	0	0	0	0	0	0
Tabela Comparativa das Profundidades - Porcentagens (FRAME  2)
	AV1
HEVC	DL0	DL1	DL2	DL3	DL4	DL5
DL1	0.00%	58.82%	25.00%	14.71%	1.47%	0.00%
DL2	0.00%	5.96%	69.14%	21.40%	3.50%	0.00%
DL3	0.00%	3.56%	41.45%	49.31%	5.68%	0.00%
DL4	0.00%	8.12%	33.31%	39.99%	18.57%	0.00%
DL5	-nan%	-nan%	-nan%	-nan%	-nan%	-nan%


Tabela Comparativa das Profundidades - Valores Absolutos (FRAME  3)
	AV1
HEVC	DL0	DL1	DL2	DL3	DL4	DL5
DL1	0	4772	1412	1456	40	0
DL2	0	2696	29644	11236	264	0
DL3	0	1728	23210	27038	1256	0
DL4	0	932	7108	9096	992	0
DL5	0	0	0	0	0	0
Tabela Comparativa das Profundidades - Porcentagens (FRAME  3)
	AV1
HEVC	DL0	DL1	DL2	DL3	DL4	DL5
DL1	0.00%	62.14%	18.39%	18.96%	0.52%	0.00%
DL2	0.00%	6.15%	67.62%	25.63%	0.60%	0.00%
DL3	0.00%	3.25%	43.60%	50.79%	2.36%	0.00%
DL4	0.00%	5.14%	39.21%	50.18%	5.47%	0.00%
DL5	-nan%	-nan%	-nan%	-nan%	-nan%	-nan%


Tabela Comparativa das Profundidades - Valores Absolutos (FRAME  4)
	AV1
HEVC	DL0	DL1	DL2	DL3	DL4	DL5
DL1	0	6912	384	128	0	0
DL2	0	4352	38972	9564	232	0
DL3	0	2464	24140	20636	856	0
DL4	0	672	6704	5760	1104	0
DL5	0	0	0	0	0	0
Tabela Comparativa das Profundidades - Porcentagens (FRAME  4)
	AV1
HEVC	DL0	DL1	DL2	DL3	DL4	DL5
DL1	0.00%	93.10%	5.17%	1.72%	0.00%	0.00%
DL2	0.00%	8.19%	73.37%	18.00%	0.44%	0.00%
DL3	0.00%	5.12%	50.19%	42.91%	1.78%	0.00%
DL4	0.00%	4.72%	47.08%	40.45%	7.75%	0.00%
DL5	-nan%	-nan%	-nan%	-nan%	-nan%	-nan%


Tabela Comparativa das Profundidades - Valores Absolutos (FRAME  5)
	AV1
HEVC	DL0	DL1	DL2	DL3	DL4	DL5
DL1	0	5256	4728	768	0	0
DL2	0	2648	52212	8548	272	0
DL3	0	752	20920	17464	592	0
DL4	0	208	4180	3660	672	0
DL5	0	0	0	0	0	0
Tabela Comparativa das Profundidades - Porcentagens (FRAME  5)
	AV1
HEVC	DL0	DL1	DL2	DL3	DL4	DL5
DL1	0.00%	48.88%	43.97%	7.14%	0.00%	0.00%
DL2	0.00%	4.16%	81.99%	13.42%	0.43%	0.00%
DL3	0.00%	1.89%	52.66%	43.96%	1.49%	0.00%
DL4	0.00%	2.39%	47.94%	41.97%	7.71%	0.00%
DL5	-nan%	-nan%	-nan%	-nan%	-nan%	-nan%


Tabela Comparativa das Profundidades - Valores Absolutos (FRAME  6)
	AV1
HEVC	DL0	DL1	DL2	DL3	DL4	DL5
DL1	0	16120	5056	328	0	0
DL2	0	7124	51548	7128	184	0
DL3	0	1548	16996	11512	200	0
DL4	0	192	2896	1864	184	0
DL5	0	0	0	0	0	0
Tabela Comparativa das Profundidades - Porcentagens (FRAME  6)
	AV1
HEVC	DL0	DL1	DL2	DL3	DL4	DL5
DL1	0.00%	74.96%	23.51%	1.53%	0.00%	0.00%
DL2	0.00%	10.80%	78.12%	10.80%	0.28%	0.00%
DL3	0.00%	5.12%	56.17%	38.05%	0.66%	0.00%
DL4	0.00%	3.74%	56.39%	36.29%	3.58%	0.00%
DL5	-nan%	-nan%	-nan%	-nan%	-nan%	-nan%


Tabela Comparativa das Profundidades - Valores Absolutos (FRAME  7)
	AV1
HEVC	DL0	DL1	DL2	DL3	DL4	DL5
DL1	2060	40020	6528	288	0	0
DL2	1964	12524	37136	2936	32	0
DL3	664	3024	7160	4144	208	0
DL4	288	788	2100	896	120	0
DL5	0	0	0	0	0	0
Tabela Comparativa das Profundidades - Porcentagens (FRAME  7)
	AV1
HEVC	DL0	DL1	DL2	DL3	DL4	DL5
DL1	4.21%	81.85%	13.35%	0.59%	0.00%	0.00%
DL2	3.60%	22.94%	68.02%	5.38%	0.06%	0.00%
DL3	4.37%	19.89%	47.11%	27.26%	1.37%	0.00%
DL4	6.87%	18.80%	50.10%	21.37%	2.86%	0.00%
DL5	-nan%	-nan%	-nan%	-nan%	-nan%	-nan%


Tabela Comparativa das Profundidades - Valores Absolutos (FRAME  8)
	AV1
HEVC	DL0	DL1	DL2	DL3	DL4	DL5
DL1	2008	64000	7016	448	0	0
DL2	472	7820	23244	2528	48	0
DL3	192	2048	5600	3344	96	0
DL4	164	1156	1904	720	72	0
DL5	0	0	0	0	0	0
Tabela Comparativa das Profundidades - Porcentagens (FRAME  8)
	AV1
HEVC	DL0	DL1	DL2	DL3	DL4	DL5
DL1	2.73%	87.11%	9.55%	0.61%	0.00%	0.00%
DL2	1.38%	22.92%	68.14%	7.41%	0.14%	0.00%
DL3	1.70%	18.16%	49.65%	29.65%	0.85%	0.00%
DL4	4.08%	28.78%	47.41%	17.93%	1.79%	0.00%
DL5	-nan%	-nan%	-nan%	-nan%	-nan%	-nan%


Tabela Comparativa das Profundidades - Valores Absolutos (FRAME  9)
	AV1
HEVC	DL0	DL1	DL2	DL3	DL4	DL5
DL1	0	39336	6836	932	0	0
DL2	0	11288	33720	3952	64	0
DL3	0	3636	9772	6480	256	0
DL4	0	1540	2596	2000	472	0
DL5	0	0	0	0	0	0
Tabela Comparativa das Profundidades - Porcentagens (FRAME  9)
	AV1
HEVC	DL0	DL1	DL2	DL3	DL4	DL5
DL1	0.00%	83.51%	14.51%	1.98%	0.00%	0.00%
DL2	0.00%	23.03%	68.78%	8.06%	0.13%	0.00%
DL3	0.00%	18.05%	48.51%	32.17%	1.27%	0.00%
DL4	0.00%	23.31%	39.29%	30.27%	7.14%	0.00%
DL5	-nan%	-nan%	-nan%	-nan%	-nan%	-nan%


Tabela Comparativa das Profundidades - Valores Absolutos (FRAME 10)
	AV1
HEVC	DL0	DL1	DL2	DL3	DL4	DL5
DL1	0	64256	9344	640	0	0
DL2	0	10304	24256	2112	128	0
DL3	0	1392	5072	2976	112	0
DL4	0	336	1136	720	96	0
DL5	0	0	0	0	0	0
Tabela Comparativa das Profundidades - Porcentagens (FRAME 10)
	AV1
HEVC	DL0	DL1	DL2	DL3	DL4	DL5
DL1	0.00%	86.55%	12.59%	0.86%	0.00%	0.00%
DL2	0.00%	28.00%	65.91%	5.74%	0.35%	0.00%
DL3	0.00%	14.57%	53.10%	31.16%	1.17%	0.00%
DL4	0.00%	14.69%	49.65%	31.47%	4.20%	0.00%
DL5	-nan%	-nan%	-nan%	-nan%	-nan%	-nan%


Tabela Comparativa das Profundidades - Valores Absolutos (FRAME 11)
	AV1
HEVC	DL0	DL1	DL2	DL3	DL4	DL5
DL1	0	60160	8320	800	96	0
DL2	0	10248	24448	2384	104	0
DL3	0	3000	5000	3968	96	0
DL4	0	1656	1552	912	136	0
DL5	0	0	0	0	0	0
Tabela Comparativa das Profundidades - Porcentagens (FRAME 11)
	AV1
HEVC	DL0	DL1	DL2	DL3	DL4	DL5
DL1	0.00%	86.72%	11.99%	1.15%	0.14%	0.00%
DL2	0.00%	27.56%	65.75%	6.41%	0.28%	0.00%
DL3	0.00%	24.87%	41.45%	32.89%	0.80%	0.00%
DL4	0.00%	38.91%	36.47%	21.43%	3.20%	0.00%
DL5	-nan%	-nan%	-nan%	-nan%	-nan%	-nan%


Tabela Comparativa das Profundidades - Valores Absolutos (FRAME 12)
	AV1
HEVC	DL0	DL1	DL2	DL3	DL4	DL5
DL1	0	27312	3472	432	16	0
DL2	0	6840	41124	6464	292	0
DL3	0	2408	14952	10240	784	0
DL4	0	1536	3808	2640	560	0
DL5	0	0	0	0	0	0
Tabela Comparativa das Profundidades - Porcentagens (FRAME 12)
	AV1
HEVC	DL0	DL1	DL2	DL3	DL4	DL5
DL1	0.00%	87.45%	11.12%	1.38%	0.05%	0.00%
DL2	0.00%	12.50%	75.15%	11.81%	0.53%	0.00%
DL3	0.00%	8.48%	52.68%	36.08%	2.76%	0.00%
DL4	0.00%	17.98%	44.57%	30.90%	6.55%	0.00%
DL5	-nan%	-nan%	-nan%	-nan%	-nan%	-nan%


Tabela Comparativa das Profundidades - Valores Absolutos (FRAME 13)
	AV1
HEVC	DL0	DL1	DL2	DL3	DL4	DL5
DL1	0	22784	4480	624	16	0
DL2	0	8156	50884	4464	240	0
DL3	0	1848	13896	8656	304	0
DL4	0	576	3392	2032	528	0
DL5	0	0	0	0	0	0
Tabela Comparativa das Profundidades - Porcentagens (FRAME 13)
	AV1
HEVC	DL0	DL1	DL2	DL3	DL4	DL5
DL1	0.00%	81.65%	16.06%	2.24%	0.06%	0.00%
DL2	0.00%	12.79%	79.83%	7.00%	0.38%	0.00%
DL3	0.00%	7.48%	56.25%	35.04%	1.23%	0.00%
DL4	0.00%	8.82%	51.96%	31.13%	8.09%	0.00%
DL5	-nan%	-nan%	-nan%	-nan%	-nan%	-nan%


Tabela Comparativa das Profundidades - Valores Absolutos (FRAME 14)
	AV1
HEVC	DL0	DL1	DL2	DL3	DL4	DL5
DL1	0	43920	9072	768	0	0
DL2	0	13812	32708	2992	88	0
DL3	0	3282	6582	4360	256	0
DL4	0	1032	2488	1272	248	0
DL5	0	0	0	0	0	0
Tabela Comparativa das Profundidades - Porcentagens (FRAME 14)
	AV1
HEVC	DL0	DL1	DL2	DL3	DL4	DL5
DL1	0.00%	81.70%	16.88%	1.43%	0.00%	0.00%
DL2	0.00%	27.85%	65.94%	6.03%	0.18%	0.00%
DL3	0.00%	22.67%	45.46%	30.11%	1.77%	0.00%
DL4	0.00%	20.48%	49.37%	25.24%	4.92%	0.00%
DL5	-nan%	-nan%	-nan%	-nan%	-nan%	-nan%


Tabela Comparativa das Profundidades - Valores Absolutos (FRAME 15)
	AV1
HEVC	DL0	DL1	DL2	DL3	DL4	DL5
DL1	0	59242	9238	1136	16	0
DL2	0	9438	27690	1824	216	0
DL3	0	2244	5660	2224	112	0
DL4	0	1448	1720	512	160	0
DL5	0	0	0	0	0	0
Tabela Comparativa das Profundidades - Porcentagens (FRAME 15)
	AV1
HEVC	DL0	DL1	DL2	DL3	DL4	DL5
DL1	0.00%	85.08%	13.27%	1.63%	0.02%	0.00%
DL2	0.00%	24.10%	70.70%	4.66%	0.55%	0.00%
DL3	0.00%	21.91%	55.27%	21.72%	1.09%	0.00%
DL4	0.00%	37.71%	44.79%	13.33%	4.17%	0.00%
DL5	-nan%	-nan%	-nan%	-nan%	-nan%	-nan%


Tabela Comparativa das Profundidades - Valores Absolutos (FRAME 16)
	AV1
HEVC	DL0	DL1	DL2	DL3	DL4	DL5
DL1	0	59192	6728	320	64	0
DL2	0	11230	26546	2848	272	0
DL3	0	2376	4520	4000	192	0
DL4	0	1440	1976	832	344	0
DL5	0	0	0	0	0	0
Tabela Comparativa das Profundidades - Porcentagens (FRAME 16)
	AV1
HEVC	DL0	DL1	DL2	DL3	DL4	DL5
DL1	0.00%	89.27%	10.15%	0.48%	0.10%	0.00%
DL2	0.00%	27.46%	64.91%	6.96%	0.67%	0.00%
DL3	0.00%	21.43%	40.76%	36.08%	1.73%	0.00%
DL4	0.00%	31.36%	43.03%	18.12%	7.49%	0.00%
DL5	-nan%	-nan%	-nan%	-nan%	-nan%	-nan%


Tabela Comparativa das Profundidades - Valores Absolutos (FRAME 17)
	AV1
HEVC	DL0	DL1	DL2	DL3	DL4	DL5
DL1	0	39998	8240	402	0	0
DL2	0	11430	36604	3654	152	0
DL3	0	2300	8856	5756	144	0
DL4	0	952	2504	1464	424	0
DL5	0	0	0	0	0	0
Tabela Comparativa das Profundidades - Porcentagens (FRAME 17)
	AV1
HEVC	DL0	DL1	DL2	DL3	DL4	DL5
DL1	0.00%	82.23%	16.94%	0.83%	0.00%	0.00%
DL2	0.00%	22.05%	70.61%	7.05%	0.29%	0.00%
DL3	0.00%	13.48%	51.92%	33.75%	0.84%	0.00%
DL4	0.00%	17.81%	46.86%	27.40%	7.93%	0.00%
DL5	-nan%	-nan%	-nan%	-nan%	-nan%	-nan%


Tabela Comparativa das Profundidades - Valores Absolutos (FRAME 18)
	AV1
HEVC	DL0	DL1	DL2	DL3	DL4	DL5
DL1	0	71738	6726	384	0	0
DL2	0	7662	21722	1856	56	0
DL3	0	2760	3640	2368	176	0
DL4	0	1544	1608	544	96	0
DL5	0	0	0	0	0	0
Tabela Comparativa das Profundidades - Porcentagens (FRAME 18)
	AV1
HEVC	DL0	DL1	DL2	DL3	DL4	DL5
DL1	0.00%	90.98%	8.53%	0.49%	0.00%	0.00%
DL2	0.00%	24.48%	69.41%	5.93%	0.18%	0.00%
DL3	0.00%	30.86%	40.70%	26.48%	1.97%	0.00%
DL4	0.00%	40.72%	42.41%	14.35%	2.53%	0.00%
DL5	-nan%	-nan%	-nan%	-nan%	-nan%	-nan%


Tabela Comparativa das Profundidades - Valores Absolutos (FRAME 19)
	AV1
HEVC	DL0	DL1	DL2	DL3	DL4	DL5
DL1	0	65792	8960	496	16	0
DL2	0	9600	24000	1536	64	0
DL3	0	2032	4080	3456	128	0
DL4	0	656	848	1008	208	0
DL5	0	0	0	0	0	0
Tabela Comparativa das Profundidades - Porcentagens (FRAME 19)
	AV1
HEVC	DL0	DL1	DL2	DL3	DL4	DL5
DL1	0.00%	87.41%	11.90%	0.66%	0.02%	0.00%
DL2	0.00%	27.27%	68.18%	4.36%	0.18%	0.00%
DL3	0.00%	20.96%	42.08%	35.64%	1.32%	0.00%
DL4	0.00%	24.12%	31.18%	37.06%	7.65%	0.00%
DL5	-nan%	-nan%	-nan%	-nan%	-nan%	-nan%


Tabela Comparativa das Profundidades - Valores Absolutos (FRAME 20)
	AV1
HEVC	DL0	DL1	DL2	DL3	DL4	DL5
DL1	0	5558	5130	1312	544	0
DL2	0	3070	26834	6400	2544	0
DL3	0	2088	14784	11280	2664	0
DL4	0	2672	19048	12400	6552	0
DL5	0	0	0	0	0	0
Tabela Comparativa das Profundidades - Porcentagens (FRAME 20)
	AV1
HEVC	DL0	DL1	DL2	DL3	DL4	DL5
DL1	0.00%	44.31%	40.90%	10.46%	4.34%	0.00%
DL2	0.00%	7.90%	69.07%	16.47%	6.55%	0.00%
DL3	0.00%	6.78%	47.98%	36.60%	8.64%	0.00%
DL4	0.00%	6.57%	46.83%	30.49%	16.11%	0.00%
DL5	-nan%	-nan%	-nan%	-nan%	-nan%	-nan%


Tabela Comparativa das Profundidades - Valores Absolutos (FRAME 21)
	AV1
HEVC	DL0	DL1	DL2	DL3	DL4	DL5
DL1	0	2560	1408	128	0	0
DL2	0	1856	43960	8376	784	0
DL3	0	688	24816	15424	816	0
DL4	0	272	12604	7260	1928	0
DL5	0	0	0	0	0	0
Tabela Comparativa das Profundidades - Porcentagens (FRAME 21)
	AV1
HEVC	DL0	DL1	DL2	DL3	DL4	DL5
DL1	0.00%	62.50%	34.38%	3.12%	0.00%	0.00%
DL2	0.00%	3.38%	79.96%	15.24%	1.43%	0.00%
DL3	0.00%	1.65%	59.45%	36.95%	1.95%	0.00%
DL4	0.00%	1.23%	57.12%	32.90%	8.74%	0.00%
DL5	-nan%	-nan%	-nan%	-nan%	-nan%	-nan%


Tabela Comparativa das Profundidades - Valores Absolutos (FRAME 22)
	AV1
HEVC	DL0	DL1	DL2	DL3	DL4	DL5
DL1	0	7836	4740	672	64	0
DL2	0	3888	47184	9256	344	0
DL3	0	1138	18950	16176	728	0
DL4	0	504	5520	4704	1176	0
DL5	0	0	0	0	0	0
Tabela Comparativa das Profundidades - Porcentagens (FRAME 22)
	AV1
HEVC	DL0	DL1	DL2	DL3	DL4	DL5
DL1	0.00%	58.86%	35.61%	5.05%	0.48%	0.00%
DL2	0.00%	6.41%	77.77%	15.26%	0.57%	0.00%
DL3	0.00%	3.08%	51.23%	43.73%	1.97%	0.00%
DL4	0.00%	4.23%	46.37%	39.52%	9.88%	0.00%
DL5	-nan%	-nan%	-nan%	-nan%	-nan%	-nan%


Tabela Comparativa das Profundidades - Valores Absolutos (FRAME 23)
	AV1
HEVC	DL0	DL1	DL2	DL3	DL4	DL5
DL1	0	23808	4544	320	0	0
DL2	0	8710	46818	4576	120	0
DL3	0	2124	14336	9924	256	0
DL4	0	932	3316	2704	392	0
DL5	0	0	0	0	0	0
Tabela Comparativa das Profundidades - Porcentagens (FRAME 23)
	AV1
HEVC	DL0	DL1	DL2	DL3	DL4	DL5
DL1	0.00%	83.04%	15.85%	1.12%	0.00%	0.00%
DL2	0.00%	14.46%	77.74%	7.60%	0.20%	0.00%
DL3	0.00%	7.97%	53.81%	37.25%	0.96%	0.00%
DL4	0.00%	12.69%	45.15%	36.82%	5.34%	0.00%
DL5	-nan%	-nan%	-nan%	-nan%	-nan%	-nan%


Tabela Comparativa das Profundidades - Valores Absolutos (FRAME 24)
	AV1
HEVC	DL0	DL1	DL2	DL3	DL4	DL5
DL1	2476	36272	7588	656	112	0
DL2	1488	13166	32498	3080	264	0
DL3	800	3978	8368	5774	440	0
DL4	336	1376	2336	1576	296	0
DL5	0	0	0	0	0	0
Tabela Comparativa das Profundidades - Porcentagens (FRAME 24)
	AV1
HEVC	DL0	DL1	DL2	DL3	DL4	DL5
DL1	5.26%	77.00%	16.11%	1.39%	0.24%	0.00%
DL2	2.95%	26.07%	64.36%	6.10%	0.52%	0.00%
DL3	4.13%	20.55%	43.22%	29.82%	2.27%	0.00%
DL4	5.68%	23.24%	39.46%	26.62%	5.00%	0.00%
DL5	-nan%	-nan%	-nan%	-nan%	-nan%	-nan%


Tabela Comparativa das Profundidades - Valores Absolutos (FRAME 25)
	AV1
HEVC	DL0	DL1	DL2	DL3	DL4	DL5
DL1	0	44612	7740	880	16	0
DL2	0	11968	39072	1824	128	0
DL3	0	2712	6424	3680	48	0
DL4	0	1272	1696	688	120	0
DL5	0	0	0	0	0	0
Tabela Comparativa das Profundidades - Porcentagens (FRAME 25)
	AV1
HEVC	DL0	DL1	DL2	DL3	DL4	DL5
DL1	0.00%	83.78%	14.54%	1.65%	0.03%	0.00%
DL2	0.00%	22.58%	73.73%	3.44%	0.24%	0.00%
DL3	0.00%	21.08%	49.94%	28.61%	0.37%	0.00%
DL4	0.00%	33.69%	44.92%	18.22%	3.18%	0.00%
DL5	-nan%	-nan%	-nan%	-nan%	-nan%	-nan%


Tabela Comparativa das Profundidades - Valores Absolutos (FRAME 26)
	AV1
HEVC	DL0	DL1	DL2	DL3	DL4	DL5
DL1	2272	59374	5234	192	0	0
DL2	384	11672	23840	2528	168	0
DL3	128	2888	5224	3952	192	0
DL4	128	1456	2136	800	312	0
DL5	0	0	0	0	0	0
Tabela Comparativa das Profundidades - Porcentagens (FRAME 26)
	AV1
HEVC	DL0	DL1	DL2	DL3	DL4	DL5
DL1	3.39%	88.52%	7.80%	0.29%	0.00%	0.00%
DL2	1.00%	30.24%	61.77%	6.55%	0.44%	0.00%
DL3	1.03%	23.32%	42.18%	31.91%	1.55%	0.00%
DL4	2.65%	30.13%	44.21%	16.56%	6.46%	0.00%
DL5	-nan%	-nan%	-nan%	-nan%	-nan%	-nan%


Tabela Comparativa das Profundidades - Valores Absolutos (FRAME 27)
	AV1
HEVC	DL0	DL1	DL2	DL3	DL4	DL5
DL1	0	36344	7240	192	0	0
DL2	0	10192	37488	2816	128	0
DL3	0	2784	9952	8568	344	0
DL4	0	1236	3152	2020	424	0
DL5	0	0	0	0	0	0
Tabela Comparativa das Profundidades - Porcentagens (FRAME 27)
	AV1
HEVC	DL0	DL1	DL2	DL3	DL4	DL5
DL1	0.00%	83.02%	16.54%	0.44%	0.00%	0.00%
DL2	0.00%	20.13%	74.05%	5.56%	0.25%	0.00%
DL3	0.00%	12.86%	45.97%	39.58%	1.59%	0.00%
DL4	0.00%	18.09%	46.14%	29.57%	6.21%	0.00%
DL5	-nan%	-nan%	-nan%	-nan%	-nan%	-nan%


Tabela Comparativa das Profundidades - Valores Absolutos (FRAME 28)
	AV1
HEVC	DL0	DL1	DL2	DL3	DL4	DL5
DL1	0	67328	6912	512	0	0
DL2	0	9664	23744	1744	48	0
DL3	0	1888	4912	3120	112	0
DL4	0	480	1488	704	224	0
DL5	0	0	0	0	0	0
Tabela Comparativa das Profundidades - Porcentagens (FRAME 28)
	AV1
HEVC	DL0	DL1	DL2	DL3	DL4	DL5
DL1	0.00%	90.07%	9.25%	0.68%	0.00%	0.00%
DL2	0.00%	27.45%	67.45%	4.95%	0.14%	0.00%
DL3	0.00%	18.82%	48.96%	31.10%	1.12%	0.00%
DL4	0.00%	16.57%	51.38%	24.31%	7.73%	0.00%
DL5	-nan%	-nan%	-nan%	-nan%	-nan%	-nan%


Tabela Comparativa das Profundidades - Valores Absolutos (FRAME 29)
	AV1
HEVC	DL0	DL1	DL2	DL3	DL4	DL5
DL1	0	58592	6088	816	40	0
DL2	0	11284	24816	2624	188	0
DL3	0	2888	5048	4384	336	0
DL4	0	1680	2072	1456	568	0
DL5	0	0	0	0	0	0
Tabela Comparativa das Profundidades - Porcentagens (FRAME 29)
	AV1
HEVC	DL0	DL1	DL2	DL3	DL4	DL5
DL1	0.00%	89.40%	9.29%	1.25%	0.06%	0.00%
DL2	0.00%	29.00%	63.77%	6.74%	0.48%	0.00%
DL3	0.00%	22.82%	39.89%	34.64%	2.65%	0.00%
DL4	0.00%	29.09%	35.87%	25.21%	9.83%	0.00%
DL5	-nan%	-nan%	-nan%	-nan%	-nan%	-nan%


Tabela Comparativa das Profundidades - Valores Absolutos (FRAME 30)
	AV1
HEVC	DL0	DL1	DL2	DL3	DL4	DL5
DL1	0	21908	4972	0	0	0
DL2	0	7960	43064	5456	288	0
DL3	0	2568	16368	10568	752	0
DL4	0	1128	4264	2672	912	0
DL5	0	0	0	0	0	0
Tabela Comparativa das Profundidades - Porcentagens (FRAME 30)
	AV1
HEVC	DL0	DL1	DL2	DL3	DL4	DL5
DL1	0.00%	81.50%	18.50%	0.00%	0.00%	0.00%
DL2	0.00%	14.02%	75.86%	9.61%	0.51%	0.00%
DL3	0.00%	8.49%	54.10%	34.93%	2.49%	0.00%
DL4	0.00%	12.57%	47.50%	29.77%	10.16%	0.00%
DL5	-nan%	-nan%	-nan%	-nan%	-nan%	-nan%


Tabela Comparativa das Profundidades - Valores Absolutos (FRAME 31)
	AV1
HEVC	DL0	DL1	DL2	DL3	DL4	DL5
DL1	0	25664	5120	640	64	0
DL2	0	11312	47276	4144	244	0
DL3	0	3076	11756	6584	584	0
DL4	0	492	3584	1764	576	0
DL5	0	0	0	0	0	0
Tabela Comparativa das Profundidades - Porcentagens (FRAME 31)
	AV1
HEVC	DL0	DL1	DL2	DL3	DL4	DL5
DL1	0.00%	81.50%	16.26%	2.03%	0.20%	0.00%
DL2	0.00%	17.96%	75.07%	6.58%	0.39%	0.00%
DL3	0.00%	13.98%	53.44%	29.93%	2.65%	0.00%
DL4	0.00%	7.67%	55.86%	27.49%	8.98%	0.00%
DL5	-nan%	-nan%	-nan%	-nan%	-nan%	-nan%


Tabela Comparativa das Profundidades - Valores Absolutos (FRAME 32)
	AV1
HEVC	DL0	DL1	DL2	DL3	DL4	DL5
DL1	3120	50420	5388	208	0	0
DL2	1112	13344	25928	3472	112	0
DL3	624	3162	5398	5104	112	0
DL4	272	1468	1752	1552	332	0
DL5	0	0	0	0	0	0
Tabela Comparativa das Profundidades - Porcentagens (FRAME 32)
	AV1
HEVC	DL0	DL1	DL2	DL3	DL4	DL5
DL1	5.28%	85.26%	9.11%	0.35%	0.00%	0.00%
DL2	2.53%	30.35%	58.97%	7.90%	0.25%	0.00%
DL3	4.33%	21.96%	37.49%	35.44%	0.78%	0.00%
DL4	5.06%	27.31%	32.59%	28.87%	6.18%	0.00%
DL5	-nan%	-nan%	-nan%	-nan%	-nan%	-nan%


Tabela Comparativa das Profundidades - Valores Absolutos (FRAME 33)
	AV1
HEVC	DL0	DL1	DL2	DL3	DL4	DL5
DL1	0	56696	6568	208	16	0
DL2	0	10884	32316	1520	144	0
DL3	0	2608	5664	2272	160	0
DL4	0	1428	1572	720	104	0
DL5	0	0	0	0	0	0
Tabela Comparativa das Profundidades - Porcentagens (FRAME 33)
	AV1
HEVC	DL0	DL1	DL2	DL3	DL4	DL5
DL1	0.00%	89.30%	10.35%	0.33%	0.03%	0.00%
DL2	0.00%	24.26%	72.03%	3.39%	0.32%	0.00%
DL3	0.00%	24.36%	52.91%	21.23%	1.49%	0.00%
DL4	0.00%	37.34%	41.11%	18.83%	2.72%	0.00%
DL5	-nan%	-nan%	-nan%	-nan%	-nan%	-nan%


Tabela Comparativa das Profundidades - Valores Absolutos (FRAME 34)
	AV1
HEVC	DL0	DL1	DL2	DL3	DL4	DL5
DL1	256	60138	6294	384	0	0
DL2	256	10698	23390	3328	152	0
DL3	128	2224	7480	3952	104	0
DL4	128	1072	1972	736	188	0
DL5	0	0	0	0	0	0
Tabela Comparativa das Profundidades - Porcentagens (FRAME 34)
	AV1
HEVC	DL0	DL1	DL2	DL3	DL4	DL5
DL1	0.38%	89.66%	9.38%	0.57%	0.00%	0.00%
DL2	0.68%	28.28%	61.84%	8.80%	0.40%	0.00%
DL3	0.92%	16.01%	53.86%	28.46%	0.75%	0.00%
DL4	3.12%	26.17%	48.14%	17.97%	4.59%	0.00%
DL5	-nan%	-nan%	-nan%	-nan%	-nan%	-nan%


Tabela Comparativa das Profundidades - Valores Absolutos (FRAME 35)
	AV1
HEVC	DL0	DL1	DL2	DL3	DL4	DL5
DL1	0	25848	10184	832	0	0
DL2	0	9052	47564	4048	72	0
DL3	0	1828	10000	8724	168	0
DL4	0	668	2176	1564	152	0
DL5	0	0	0	0	0	0
Tabela Comparativa das Profundidades - Porcentagens (FRAME 35)
	AV1
HEVC	DL0	DL1	DL2	DL3	DL4	DL5
DL1	0.00%	70.12%	27.63%	2.26%	0.00%	0.00%
DL2	0.00%	14.90%	78.31%	6.66%	0.12%	0.00%
DL3	0.00%	8.82%	48.26%	42.10%	0.81%	0.00%
DL4	0.00%	14.65%	47.72%	34.30%	3.33%	0.00%
DL5	-nan%	-nan%	-nan%	-nan%	-nan%	-nan%


Tabela Comparativa das Profundidades - Valores Absolutos (FRAME 36)
	AV1
HEVC	DL0	DL1	DL2	DL3	DL4	DL5
DL1	0	70472	6488	608	0	0
DL2	0	8894	18546	2200	120	0
DL3	0	2808	4536	4608	80	0
DL4	0	1384	1384	672	80	0
DL5	0	0	0	0	0	0
Tabela Comparativa das Profundidades - Porcentagens (FRAME 36)
	AV1
HEVC	DL0	DL1	DL2	DL3	DL4	DL5
DL1	0.00%	90.85%	8.36%	0.78%	0.00%	0.00%
DL2	0.00%	29.89%	62.32%	7.39%	0.40%	0.00%
DL3	0.00%	23.34%	37.70%	38.30%	0.66%	0.00%
DL4	0.00%	39.32%	39.32%	19.09%	2.27%	0.00%
DL5	-nan%	-nan%	-nan%	-nan%	-nan%	-nan%


Tabela Comparativa das Profundidades - Valores Absolutos (FRAME 37)
	AV1
HEVC	DL0	DL1	DL2	DL3	DL4	DL5
DL1	0	50944	7680	992	32	0
DL2	0	9152	37504	1952	160	0
DL3	0	1248	6368	4256	96	0
DL4	0	352	1184	720	240	0
DL5	0	0	0	0	0	0
Tabela Comparativa das Profundidades - Porcentagens (FRAME 37)
	AV1
HEVC	DL0	DL1	DL2	DL3	DL4	DL5
DL1	0.00%	85.41%	12.88%	1.66%	0.05%	0.00%
DL2	0.00%	18.77%	76.90%	4.00%	0.33%	0.00%
DL3	0.00%	10.43%	53.21%	35.56%	0.80%	0.00%
DL4	0.00%	14.10%	47.44%	28.85%	9.62%	0.00%
DL5	-nan%	-nan%	-nan%	-nan%	-nan%	-nan%


Tabela Comparativa das Profundidades - Valores Absolutos (FRAME 38)
	AV1
HEVC	DL0	DL1	DL2	DL3	DL4	DL5
DL1	0	8858	3558	368	16	0
DL2	0	6742	43346	7296	472	0
DL3	0	2052	19900	15152	912	0
DL4	0	1528	5972	5700	1008	0
DL5	0	0	0	0	0	0
Tabela Comparativa das Profundidades - Porcentagens (FRAME 38)
	AV1
HEVC	DL0	DL1	DL2	DL3	DL4	DL5
DL1	0.00%	69.20%	27.80%	2.88%	0.12%	0.00%
DL2	0.00%	11.65%	74.92%	12.61%	0.82%	0.00%
DL3	0.00%	5.40%	52.35%	39.86%	2.40%	0.00%
DL4	0.00%	10.75%	42.03%	40.12%	7.09%	0.00%
DL5	-nan%	-nan%	-nan%	-nan%	-nan%	-nan%


Tabela Comparativa das Profundidades - Valores Absolutos (FRAME 39)
	AV1
HEVC	DL0	DL1	DL2	DL3	DL4	DL5
DL1	0	6848	4464	720	0	0
DL2	0	6936	44794	7574	536	0
DL3	0	2816	20714	13966	456	0
DL4	0	832	6564	5036	624	0
DL5	0	0	0	0	0	0
Tabela Comparativa das Profundidades - Porcentagens (FRAME 39)
	AV1
HEVC	DL0	DL1	DL2	DL3	DL4	DL5
DL1	0.00%	56.91%	37.10%	5.98%	0.00%	0.00%
DL2	0.00%	11.59%	74.86%	12.66%	0.90%	0.00%
DL3	0.00%	7.42%	54.58%	36.80%	1.20%	0.00%
DL4	0.00%	6.37%	50.28%	38.57%	4.78%	0.00%
DL5	-nan%	-nan%	-nan%	-nan%	-nan%	-nan%


Tabela Comparativa das Profundidades - Valores Absolutos (FRAME 40)
	AV1
HEVC	DL0	DL1	DL2	DL3	DL4	DL5
DL1	0	6704	2512	240	16	0
DL2	0	8032	48696	7760	216	0
DL3	0	2944	21368	14468	196	0
DL4	0	832	5308	3108	480	0
DL5	0	0	0	0	0	0
Tabela Comparativa das Profundidades - Porcentagens (FRAME 40)
	AV1
HEVC	DL0	DL1	DL2	DL3	DL4	DL5
DL1	0.00%	70.78%	26.52%	2.53%	0.17%	0.00%
DL2	0.00%	12.41%	75.26%	11.99%	0.33%	0.00%
DL3	0.00%	7.55%	54.82%	37.12%	0.50%	0.00%
DL4	0.00%	8.55%	54.56%	31.95%	4.93%	0.00%
DL5	-nan%	-nan%	-nan%	-nan%	-nan%	-nan%


Tabela Comparativa das Profundidades - Valores Absolutos (FRAME 41)
	AV1
HEVC	DL0	DL1	DL2	DL3	DL4	DL5
DL1	0	10180	5820	128	0	0
DL2	0	4556	51756	5880	80	0
DL3	0	2200	23088	12144	232	0
DL4	0	404	3960	2188	264	0
DL5	0	0	0	0	0	0
Tabela Comparativa das Profundidades - Porcentagens (FRAME 41)
	AV1
HEVC	DL0	DL1	DL2	DL3	DL4	DL5
DL1	0.00%	63.12%	36.09%	0.79%	0.00%	0.00%
DL2	0.00%	7.32%	83.11%	9.44%	0.13%	0.00%
DL3	0.00%	5.84%	61.30%	32.24%	0.62%	0.00%
DL4	0.00%	5.93%	58.10%	32.10%	3.87%	0.00%
DL5	-nan%	-nan%	-nan%	-nan%	-nan%	-nan%


Tabela Comparativa das Profundidades - Valores Absolutos (FRAME 42)
	AV1
HEVC	DL0	DL1	DL2	DL3	DL4	DL5
DL1	0	25642	5686	1664	32	0
DL2	0	8760	44028	6044	112	0
DL3	0	2638	14706	8056	88	0
DL4	0	728	3210	1390	96	0
DL5	0	0	0	0	0	0
Tabela Comparativa das Profundidades - Porcentagens (FRAME 42)
	AV1
HEVC	DL0	DL1	DL2	DL3	DL4	DL5
DL1	0.00%	77.65%	17.22%	5.04%	0.10%	0.00%
DL2	0.00%	14.86%	74.69%	10.25%	0.19%	0.00%
DL3	0.00%	10.35%	57.70%	31.61%	0.35%	0.00%
DL4	0.00%	13.42%	59.18%	25.63%	1.77%	0.00%
DL5	-nan%	-nan%	-nan%	-nan%	-nan%	-nan%


Tabela Comparativa das Profundidades - Valores Absolutos (FRAME 43)
	AV1
HEVC	DL0	DL1	DL2	DL3	DL4	DL5
DL1	0	45682	7368	702	8	0
DL2	0	13158	37490	2496	104	0
DL3	0	2328	7320	2816	64	0
DL4	0	780	2156	336	72	0
DL5	0	0	0	0	0	0
Tabela Comparativa das Profundidades - Porcentagens (FRAME 43)
	AV1
HEVC	DL0	DL1	DL2	DL3	DL4	DL5
DL1	0.00%	84.97%	13.71%	1.31%	0.01%	0.00%
DL2	0.00%	24.71%	70.41%	4.69%	0.20%	0.00%
DL3	0.00%	18.58%	58.43%	22.48%	0.51%	0.00%
DL4	0.00%	23.33%	64.47%	10.05%	2.15%	0.00%
DL5	-nan%	-nan%	-nan%	-nan%	-nan%	-nan%


Tabela Comparativa das Profundidades - Valores Absolutos (FRAME 44)
	AV1
HEVC	DL0	DL1	DL2	DL3	DL4	DL5
DL1	2032	69108	4252	896	0	0
DL2	568	7744	21600	2728	384	0
DL3	192	2144	4480	2944	192	0
DL4	128	1328	1168	704	288	0
DL5	0	0	0	0	0	0
Tabela Comparativa das Profundidades - Porcentagens (FRAME 44)
	AV1
HEVC	DL0	DL1	DL2	DL3	DL4	DL5
DL1	2.66%	90.59%	5.57%	1.17%	0.00%	0.00%
DL2	1.72%	23.45%	65.41%	8.26%	1.16%	0.00%
DL3	1.93%	21.54%	45.02%	29.58%	1.93%	0.00%
DL4	3.54%	36.73%	32.30%	19.47%	7.96%	0.00%
DL5	-nan%	-nan%	-nan%	-nan%	-nan%	-nan%


Tabela Comparativa das Profundidades - Valores Absolutos (FRAME 45)
	AV1
HEVC	DL0	DL1	DL2	DL3	DL4	DL5
DL1	0	38404	6716	192	0	0
DL2	0	11060	40668	4416	112	0
DL3	0	2048	8912	5820	132	0
DL4	0	1184	1968	992	256	0
DL5	0	0	0	0	0	0
Tabela Comparativa das Profundidades - Porcentagens (FRAME 45)
	AV1
HEVC	DL0	DL1	DL2	DL3	DL4	DL5
DL1	0.00%	84.75%	14.82%	0.42%	0.00%	0.00%
DL2	0.00%	19.66%	72.29%	7.85%	0.20%	0.00%
DL3	0.00%	12.11%	52.70%	34.41%	0.78%	0.00%
DL4	0.00%	26.91%	44.73%	22.55%	5.82%	0.00%
DL5	-nan%	-nan%	-nan%	-nan%	-nan%	-nan%


Tabela Comparativa das Profundidades - Valores Absolutos (FRAME 46)
	AV1
HEVC	DL0	DL1	DL2	DL3	DL4	DL5
DL1	0	69888	4928	192	0	0
DL2	0	9856	23488	2144	96	0
DL3	0	1904	4480	3360	80	0
DL4	0	272	1280	800	112	0
DL5	0	0	0	0	0	0
Tabela Comparativa das Profundidades - Porcentagens (FRAME 46)
	AV1
HEVC	DL0	DL1	DL2	DL3	DL4	DL5
DL1	0.00%	93.17%	6.57%	0.26%	0.00%	0.00%
DL2	0.00%	27.70%	66.01%	6.03%	0.27%	0.00%
DL3	0.00%	19.38%	45.60%	34.20%	0.81%	0.00%
DL4	0.00%	11.04%	51.95%	32.47%	4.55%	0.00%
DL5	-nan%	-nan%	-nan%	-nan%	-nan%	-nan%


Tabela Comparativa das Profundidades - Valores Absolutos (FRAME 47)
	AV1
HEVC	DL0	DL1	DL2	DL3	DL4	DL5
DL1	0	68858	4872	470	40	0
DL2	0	9492	21420	2656	96	0
DL3	0	2592	5472	2992	112	0
DL4	0	1316	1700	656	136	0
DL5	0	0	0	0	0	0
Tabela Comparativa das Profundidades - Porcentagens (FRAME 47)
	AV1
HEVC	DL0	DL1	DL2	DL3	DL4	DL5
DL1	0.00%	92.75%	6.56%	0.63%	0.05%	0.00%
DL2	0.00%	28.20%	63.63%	7.89%	0.29%	0.00%
DL3	0.00%	23.21%	49.00%	26.79%	1.00%	0.00%
DL4	0.00%	34.56%	44.64%	17.23%	3.57%	0.00%
DL5	-nan%	-nan%	-nan%	-nan%	-nan%	-nan%


Tabela Comparativa das Profundidades - Valores Absolutos (FRAME 48)
	AV1
HEVC	DL0	DL1	DL2	DL3	DL4	DL5
DL1	0	35900	4676	112	16	0
DL2	0	6440	41616	4480	264	0
DL3	0	2050	12144	8622	304	0
DL4	0	1312	3120	1416	408	0
DL5	0	0	0	0	0	0
Tabela Comparativa das Profundidades - Porcentagens (FRAME 48)
	AV1
HEVC	DL0	DL1	DL2	DL3	DL4	DL5
DL1	0.00%	88.20%	11.49%	0.28%	0.04%	0.00%
DL2	0.00%	12.20%	78.82%	8.48%	0.50%	0.00%
DL3	0.00%	8.87%	52.53%	37.29%	1.31%	0.00%
DL4	0.00%	20.97%	49.87%	22.63%	6.52%	0.00%
DL5	-nan%	-nan%	-nan%	-nan%	-nan%	-nan%


Tabela Comparativa das Profundidades - Valores Absolutos (FRAME 49)
	AV1
HEVC	DL0	DL1	DL2	DL3	DL4	DL5
DL1	0	29668	5404	512	0	0
DL2	0	10948	43484	5720	136	0
DL3	0	2192	11824	6468	220	0
DL4	0	900	3716	1400	288	0
DL5	0	0	0	0	0	0
Tabela Comparativa das Profundidades - Porcentagens (FRAME 49)
	AV1
HEVC	DL0	DL1	DL2	DL3	DL4	DL5
DL1	0.00%	83.37%	15.19%	1.44%	0.00%	0.00%
DL2	0.00%	18.16%	72.13%	9.49%	0.23%	0.00%
DL3	0.00%	10.59%	57.11%	31.24%	1.06%	0.00%
DL4	0.00%	14.28%	58.95%	22.21%	4.57%	0.00%
DL5	-nan%	-nan%	-nan%	-nan%	-nan%	-nan%


Tabela Comparativa das Profundidades - Valores Absolutos (FRAME 50)
	AV1
HEVC	DL0	DL1	DL2	DL3	DL4	DL5
DL1	0	51920	6832	640	0	0
DL2	0	13930	29230	2368	40	0
DL3	0	2624	6920	4096	88	0
DL4	0	1248	2000	896	48	0
DL5	0	0	0	0	0	0
Tabela Comparativa das Profundidades - Porcentagens (FRAME 50)
	AV1
HEVC	DL0	DL1	DL2	DL3	DL4	DL5
DL1	0.00%	87.42%	11.50%	1.08%	0.00%	0.00%
DL2	0.00%	30.57%	64.15%	5.20%	0.09%	0.00%
DL3	0.00%	19.11%	50.41%	29.84%	0.64%	0.00%
DL4	0.00%	29.77%	47.71%	21.37%	1.15%	0.00%
DL5	-nan%	-nan%	-nan%	-nan%	-nan%	-nan%


Tabela Comparativa das Profundidades - Valores Absolutos (FRAME 51)
	AV1
HEVC	DL0	DL1	DL2	DL3	DL4	DL5
DL1	640	62574	7456	916	94	0
DL2	512	9816	24024	2144	112	0
DL3	128	2512	5384	2840	80	0
DL4	128	1260	1636	504	120	0
DL5	0	0	0	0	0	0
Tabela Comparativa das Profundidades - Porcentagens (FRAME 51)
	AV1
HEVC	DL0	DL1	DL2	DL3	DL4	DL5
DL1	0.89%	87.30%	10.40%	1.28%	0.13%	0.00%
DL2	1.40%	26.81%	65.62%	5.86%	0.31%	0.00%
DL3	1.17%	22.95%	49.20%	25.95%	0.73%	0.00%
DL4	3.51%	34.54%	44.85%	13.82%	3.29%	0.00%
DL5	-nan%	-nan%	-nan%	-nan%	-nan%	-nan%


Tabela Comparativa das Profundidades - Valores Absolutos (FRAME 52)
	AV1
HEVC	DL0	DL1	DL2	DL3	DL4	DL5
DL1	0	68552	5448	448	48	0
DL2	0	8728	23900	1568	44	0
DL3	0	2344	5272	2752	112	0
DL4	0	1108	1780	608	168	0
DL5	0	0	0	0	0	0
Tabela Comparativa das Profundidades - Porcentagens (FRAME 52)
	AV1
HEVC	DL0	DL1	DL2	DL3	DL4	DL5
DL1	0.00%	92.02%	7.31%	0.60%	0.06%	0.00%
DL2	0.00%	25.49%	69.80%	4.58%	0.13%	0.00%
DL3	0.00%	22.37%	50.31%	26.26%	1.07%	0.00%
DL4	0.00%	30.24%	48.58%	16.59%	4.59%	0.00%
DL5	-nan%	-nan%	-nan%	-nan%	-nan%	-nan%


Tabela Comparativa das Profundidades - Valores Absolutos (FRAME 53)
	AV1
HEVC	DL0	DL1	DL2	DL3	DL4	DL5
DL1	0	52402	5334	112	8	0
DL2	0	9572	33412	2704	136	0
DL3	0	2892	7756	4336	120	0
DL4	0	1242	1734	784	336	0
DL5	0	0	0	0	0	0
Tabela Comparativa das Profundidades - Porcentagens (FRAME 53)
	AV1
HEVC	DL0	DL1	DL2	DL3	DL4	DL5
DL1	0.00%	90.57%	9.22%	0.19%	0.01%	0.00%
DL2	0.00%	20.89%	72.91%	5.90%	0.30%	0.00%
DL3	0.00%	19.15%	51.35%	28.71%	0.79%	0.00%
DL4	0.00%	30.32%	42.33%	19.14%	8.20%	0.00%
DL5	-nan%	-nan%	-nan%	-nan%	-nan%	-nan%


Tabela Comparativa das Profundidades - Valores Absolutos (FRAME 54)
	AV1
HEVC	DL0	DL1	DL2	DL3	DL4	DL5
DL1	0	81880	3968	400	24	0
DL2	0	6128	17036	1580	88	0
DL3	0	2272	3232	2832	64	0
DL4	0	1428	1140	704	104	0
DL5	0	0	0	0	0	0
Tabela Comparativa das Profundidades - Porcentagens (FRAME 54)
	AV1
HEVC	DL0	DL1	DL2	DL3	DL4	DL5
DL1	0.00%	94.91%	4.60%	0.46%	0.03%	0.00%
DL2	0.00%	24.68%	68.61%	6.36%	0.35%	0.00%
DL3	0.00%	27.05%	38.48%	33.71%	0.76%	0.00%
DL4	0.00%	42.30%	33.77%	20.85%	3.08%	0.00%
DL5	-nan%	-nan%	-nan%	-nan%	-nan%	-nan%


Tabela Comparativa das Profundidades - Valores Absolutos (FRAME 55)
	AV1
HEVC	DL0	DL1	DL2	DL3	DL4	DL5
DL1	0	55040	8704	768	0	0
DL2	0	9728	36672	1344	64	0
DL3	0	1504	3968	3344	80	0
DL4	0	288	640	640	96	0
DL5	0	0	0	0	0	0
Tabela Comparativa das Profundidades - Porcentagens (FRAME 55)
	AV1
HEVC	DL0	DL1	DL2	DL3	DL4	DL5
DL1	0.00%	85.32%	13.49%	1.19%	0.00%	0.00%
DL2	0.00%	20.35%	76.71%	2.81%	0.13%	0.00%
DL3	0.00%	16.91%	44.60%	37.59%	0.90%	0.00%
DL4	0.00%	17.31%	38.46%	38.46%	5.77%	0.00%
DL5	-nan%	-nan%	-nan%	-nan%	-nan%	-nan%


Tabela Comparativa das Profundidades - Valores Absolutos (FRAME 56)
	AV1
HEVC	DL0	DL1	DL2	DL3	DL4	DL5
DL1	0	8174	3026	576	0	0
DL2	0	5679	38249	8064	296	0
DL3	0	1544	22344	20032	784	0
DL4	0	616	6848	5760	888	0
DL5	0	0	0	0	0	0
Tabela Comparativa das Profundidades - Porcentagens (FRAME 56)
	AV1
HEVC	DL0	DL1	DL2	DL3	DL4	DL5
DL1	0.00%	69.41%	25.70%	4.89%	0.00%	0.00%
DL2	0.00%	10.86%	73.15%	15.42%	0.57%	0.00%
DL3	0.00%	3.45%	49.98%	44.81%	1.75%	0.00%
DL4	0.00%	4.37%	48.53%	40.82%	6.29%	0.00%
DL5	-nan%	-nan%	-nan%	-nan%	-nan%	-nan%


Tabela Comparativa das Profundidades - Valores Absolutos (FRAME 57)
	AV1
HEVC	DL0	DL1	DL2	DL3	DL4	DL5
DL1	0	14848	3328	256	0	0
DL2	0	8848	44966	4978	344	0
DL3	0	1936	18514	14010	644	0
DL4	0	368	4948	4252	640	0
DL5	0	0	0	0	0	0
Tabela Comparativa das Profundidades - Porcentagens (FRAME 57)
	AV1
HEVC	DL0	DL1	DL2	DL3	DL4	DL5
DL1	0.00%	80.56%	18.06%	1.39%	0.00%	0.00%
DL2	0.00%	14.96%	76.04%	8.42%	0.58%	0.00%
DL3	0.00%	5.52%	52.74%	39.91%	1.83%	0.00%
DL4	0.00%	3.61%	48.47%	41.65%	6.27%	0.00%
DL5	-nan%	-nan%	-nan%	-nan%	-nan%	-nan%


Tabela Comparativa das Profundidades - Valores Absolutos (FRAME 58)
	AV1
HEVC	DL0	DL1	DL2	DL3	DL4	DL5
DL1	0	29876	6148	584	0	0
DL2	0	12836	43412	4280	80	0
DL3	0	2744	10664	6224	224	0
DL4	0	944	2640	1888	336	0
DL5	0	0	0	0	0	0
Tabela Comparativa das Profundidades - Porcentagens (FRAME 58)
	AV1
HEVC	DL0	DL1	DL2	DL3	DL4	DL5
DL1	0.00%	81.61%	16.79%	1.60%	0.00%	0.00%
DL2	0.00%	21.18%	71.63%	7.06%	0.13%	0.00%
DL3	0.00%	13.82%	53.71%	31.35%	1.13%	0.00%
DL4	0.00%	16.25%	45.45%	32.51%	5.79%	0.00%
DL5	-nan%	-nan%	-nan%	-nan%	-nan%	-nan%


Tabela Comparativa das Profundidades - Valores Absolutos (FRAME 59)
	AV1
HEVC	DL0	DL1	DL2	DL3	DL4	DL5
DL1	0	45032	11400	400	0	0
DL2	0	10678	34122	3680	224	0
DL3	0	2886	6326	3792	68	0
DL4	0	1392	1948	772	160	0
DL5	0	0	0	0	0	0
Tabela Comparativa das Profundidades - Porcentagens (FRAME 59)
	AV1
HEVC	DL0	DL1	DL2	DL3	DL4	DL5
DL1	0.00%	79.24%	20.06%	0.70%	0.00%	0.00%
DL2	0.00%	21.92%	70.06%	7.56%	0.46%	0.00%
DL3	0.00%	22.08%	48.39%	29.01%	0.52%	0.00%
DL4	0.00%	32.58%	45.60%	18.07%	3.75%	0.00%
DL5	-nan%	-nan%	-nan%	-nan%	-nan%	-nan%


Tabela Comparativa das Profundidades - Valores Absolutos (FRAME 60)
	AV1
HEVC	DL0	DL1	DL2	DL3	DL4	DL5
DL1	0	52376	5816	352	80	0
DL2	0	15210	32270	1936	248	0
DL3	0	2316	5108	2736	256	0
DL4	0	1008	1808	944	416	0
DL5	0	0	0	0	0	0
Tabela Comparativa das Profundidades - Porcentagens (FRAME 60)
	AV1
HEVC	DL0	DL1	DL2	DL3	DL4	DL5
DL1	0.00%	89.34%	9.92%	0.60%	0.14%	0.00%
DL2	0.00%	30.63%	64.98%	3.90%	0.50%	0.00%
DL3	0.00%	22.24%	49.04%	26.27%	2.46%	0.00%
DL4	0.00%	24.14%	43.30%	22.61%	9.96%	0.00%
DL5	-nan%	-nan%	-nan%	-nan%	-nan%	-nan%


