Tabela Comparativa das Profundidades - Valores Absolutos (FRAME  1)
	AV1
HEVC	DL0	DL1	DL2	DL3	DL4	DL5
DL1	0	1024	512	448	64	0
DL2	0	320	9088	3616	2336	0
DL3	0	192	6544	15584	10160	0
DL4	0	256	7024	18944	46768	0
DL5	0	0	0	0	0	0
Tabela Comparativa das Profundidades - Porcentagens (FRAME  1)
	AV1
HEVC	DL0	DL1	DL2	DL3	DL4	DL5
DL1	0.00%	50.00%	25.00%	21.88%	3.12%	0.00%
DL2	0.00%	2.08%	59.17%	23.54%	15.21%	0.00%
DL3	0.00%	0.59%	20.15%	47.98%	31.28%	0.00%
DL4	0.00%	0.35%	9.62%	25.95%	64.07%	0.00%
DL5	-nan%	-nan%	-nan%	-nan%	-nan%	-nan%


Tabela Comparativa das Profundidades - Valores Absolutos (FRAME  2)
	AV1
HEVC	DL0	DL1	DL2	DL3	DL4	DL5
DL1	0	25280	1984	0	128	0
DL2	0	2036	15648	1352	996	0
DL3	0	1812	15176	12144	3828	0
DL4	0	2756	13024	13940	12776	0
DL5	0	0	0	0	0	0
Tabela Comparativa das Profundidades - Porcentagens (FRAME  2)
	AV1
HEVC	DL0	DL1	DL2	DL3	DL4	DL5
DL1	0.00%	92.29%	7.24%	0.00%	0.47%	0.00%
DL2	0.00%	10.16%	78.12%	6.75%	4.97%	0.00%
DL3	0.00%	5.50%	46.04%	36.84%	11.61%	0.00%
DL4	0.00%	6.49%	30.65%	32.80%	30.06%	0.00%
DL5	-nan%	-nan%	-nan%	-nan%	-nan%	-nan%


Tabela Comparativa das Profundidades - Valores Absolutos (FRAME  3)
	AV1
HEVC	DL0	DL1	DL2	DL3	DL4	DL5
DL1	0	32768	1984	304	16	0
DL2	0	4248	12136	1728	640	0
DL3	0	2768	16100	16096	2876	0
DL4	0	2580	11164	11400	6072	0
DL5	0	0	0	0	0	0
Tabela Comparativa das Profundidades - Porcentagens (FRAME  3)
	AV1
HEVC	DL0	DL1	DL2	DL3	DL4	DL5
DL1	0.00%	93.43%	5.66%	0.87%	0.05%	0.00%
DL2	0.00%	22.65%	64.72%	9.22%	3.41%	0.00%
DL3	0.00%	7.32%	42.55%	42.54%	7.60%	0.00%
DL4	0.00%	8.26%	35.76%	36.52%	19.45%	0.00%
DL5	-nan%	-nan%	-nan%	-nan%	-nan%	-nan%


Tabela Comparativa das Profundidades - Valores Absolutos (FRAME  4)
	AV1
HEVC	DL0	DL1	DL2	DL3	DL4	DL5
DL1	8192	22144	1664	0	0	0
DL2	0	3392	20448	1552	144	0
DL3	0	2400	19364	16288	1244	0
DL4	0	1760	10912	9892	3484	0
DL5	0	0	0	0	0	0
Tabela Comparativa das Profundidades - Porcentagens (FRAME  4)
	AV1
HEVC	DL0	DL1	DL2	DL3	DL4	DL5
DL1	25.60%	69.20%	5.20%	0.00%	0.00%	0.00%
DL2	0.00%	13.28%	80.08%	6.08%	0.56%	0.00%
DL3	0.00%	6.11%	49.28%	41.45%	3.17%	0.00%
DL4	0.00%	6.76%	41.89%	37.98%	13.38%	0.00%
DL5	-nan%	-nan%	-nan%	-nan%	-nan%	-nan%


Tabela Comparativa das Profundidades - Valores Absolutos (FRAME  5)
	AV1
HEVC	DL0	DL1	DL2	DL3	DL4	DL5
DL1	9728	24320	3008	64	0	0
DL2	384	5632	21596	1044	80	0
DL3	112	3696	18328	13032	832	0
DL4	16	2000	8888	7992	2128	0
DL5	0	0	0	0	0	0
Tabela Comparativa das Profundidades - Porcentagens (FRAME  5)
	AV1
HEVC	DL0	DL1	DL2	DL3	DL4	DL5
DL1	26.21%	65.52%	8.10%	0.17%	0.00%	0.00%
DL2	1.34%	19.60%	75.15%	3.63%	0.28%	0.00%
DL3	0.31%	10.27%	50.91%	36.20%	2.31%	0.00%
DL4	0.08%	9.51%	42.28%	38.01%	10.12%	0.00%
DL5	-nan%	-nan%	-nan%	-nan%	-nan%	-nan%


Tabela Comparativa das Profundidades - Valores Absolutos (FRAME  6)
	AV1
HEVC	DL0	DL1	DL2	DL3	DL4	DL5
DL1	11776	25344	1088	192	0	0
DL2	384	10336	21472	1632	32	0
DL3	96	4880	16828	9940	416	0
DL4	32	2736	7692	6300	1704	0
DL5	0	0	0	0	0	0
Tabela Comparativa das Profundidades - Porcentagens (FRAME  6)
	AV1
HEVC	DL0	DL1	DL2	DL3	DL4	DL5
DL1	30.67%	66.00%	2.83%	0.50%	0.00%	0.00%
DL2	1.13%	30.53%	63.42%	4.82%	0.09%	0.00%
DL3	0.30%	15.17%	52.33%	30.91%	1.29%	0.00%
DL4	0.17%	14.82%	41.66%	34.12%	9.23%	0.00%
DL5	-nan%	-nan%	-nan%	-nan%	-nan%	-nan%


Tabela Comparativa das Profundidades - Valores Absolutos (FRAME  7)
	AV1
HEVC	DL0	DL1	DL2	DL3	DL4	DL5
DL1	12940	30208	2164	256	0	0
DL2	2008	7488	22152	1024	32	0
DL3	1592	4752	15492	9220	416	0
DL4	456	2096	6000	3712	872	0
DL5	0	0	0	0	0	0
Tabela Comparativa das Profundidades - Porcentagens (FRAME  7)
	AV1
HEVC	DL0	DL1	DL2	DL3	DL4	DL5
DL1	28.40%	66.29%	4.75%	0.56%	0.00%	0.00%
DL2	6.14%	22.90%	67.73%	3.13%	0.10%	0.00%
DL3	5.06%	15.10%	49.22%	29.30%	1.32%	0.00%
DL4	3.47%	15.96%	45.68%	28.26%	6.64%	0.00%
DL5	-nan%	-nan%	-nan%	-nan%	-nan%	-nan%


Tabela Comparativa das Profundidades - Valores Absolutos (FRAME  8)
	AV1
HEVC	DL0	DL1	DL2	DL3	DL4	DL5
DL1	13312	27784	1016	128	0	0
DL2	2116	8056	25364	1536	48	0
DL3	1128	3600	15092	10244	304	0
DL4	624	1728	5304	4528	968	0
DL5	0	0	0	0	0	0
Tabela Comparativa das Profundidades - Porcentagens (FRAME  8)
	AV1
HEVC	DL0	DL1	DL2	DL3	DL4	DL5
DL1	31.52%	65.78%	2.41%	0.30%	0.00%	0.00%
DL2	5.70%	21.70%	68.33%	4.14%	0.13%	0.00%
DL3	3.71%	11.85%	49.70%	33.73%	1.00%	0.00%
DL4	4.74%	13.14%	40.33%	34.43%	7.36%	0.00%
DL5	-nan%	-nan%	-nan%	-nan%	-nan%	-nan%


Tabela Comparativa das Profundidades - Valores Absolutos (FRAME  9)
	AV1
HEVC	DL0	DL1	DL2	DL3	DL4	DL5
DL1	9856	27264	512	0	0	0
DL2	1440	6584	22216	1104	16	0
DL3	1724	4016	17280	11548	360	0
DL4	668	2000	7812	6632	1848	0
DL5	0	0	0	0	0	0
Tabela Comparativa das Profundidades - Porcentagens (FRAME  9)
	AV1
HEVC	DL0	DL1	DL2	DL3	DL4	DL5
DL1	26.19%	72.45%	1.36%	0.00%	0.00%	0.00%
DL2	4.59%	20.99%	70.84%	3.52%	0.05%	0.00%
DL3	4.94%	11.50%	49.47%	33.06%	1.03%	0.00%
DL4	3.52%	10.55%	41.20%	34.98%	9.75%	0.00%
DL5	-nan%	-nan%	-nan%	-nan%	-nan%	-nan%


Tabela Comparativa das Profundidades - Valores Absolutos (FRAME 10)
	AV1
HEVC	DL0	DL1	DL2	DL3	DL4	DL5
DL1	13312	32000	1984	64	0	0
DL2	0	8512	27456	1120	32	0
DL3	0	3024	13888	8912	400	0
DL4	0	1008	5440	4432	1296	0
DL5	0	0	0	0	0	0
Tabela Comparativa das Profundidades - Porcentagens (FRAME 10)
	AV1
HEVC	DL0	DL1	DL2	DL3	DL4	DL5
DL1	28.11%	67.57%	4.19%	0.14%	0.00%	0.00%
DL2	0.00%	22.93%	73.97%	3.02%	0.09%	0.00%
DL3	0.00%	11.53%	52.96%	33.98%	1.53%	0.00%
DL4	0.00%	8.28%	44.68%	36.40%	10.64%	0.00%
DL5	-nan%	-nan%	-nan%	-nan%	-nan%	-nan%


Tabela Comparativa das Profundidades - Valores Absolutos (FRAME 11)
	AV1
HEVC	DL0	DL1	DL2	DL3	DL4	DL5
DL1	18928	27520	1680	0	0	0
DL2	3808	6016	21856	816	16	0
DL3	1296	3648	13648	9712	320	0
DL4	496	2240	5536	4304	1040	0
DL5	0	0	0	0	0	0
Tabela Comparativa das Profundidades - Porcentagens (FRAME 11)
	AV1
HEVC	DL0	DL1	DL2	DL3	DL4	DL5
DL1	39.33%	57.18%	3.49%	0.00%	0.00%	0.00%
DL2	11.71%	18.50%	67.22%	2.51%	0.05%	0.00%
DL3	4.53%	12.74%	47.68%	33.93%	1.12%	0.00%
DL4	3.64%	16.45%	40.66%	31.61%	7.64%	0.00%
DL5	-nan%	-nan%	-nan%	-nan%	-nan%	-nan%


Tabela Comparativa das Profundidades - Valores Absolutos (FRAME 12)
	AV1
HEVC	DL0	DL1	DL2	DL3	DL4	DL5
DL1	17468	21348	1120	0	0	0
DL2	2076	6788	19160	504	16	0
DL3	1008	3828	18028	10232	536	0
DL4	428	2244	8664	7440	1992	0
DL5	0	0	0	0	0	0
Tabela Comparativa das Profundidades - Porcentagens (FRAME 12)
	AV1
HEVC	DL0	DL1	DL2	DL3	DL4	DL5
DL1	43.74%	53.46%	2.80%	0.00%	0.00%	0.00%
DL2	7.27%	23.78%	67.12%	1.77%	0.06%	0.00%
DL3	3.00%	11.38%	53.60%	30.42%	1.59%	0.00%
DL4	2.06%	10.81%	41.72%	35.82%	9.59%	0.00%
DL5	-nan%	-nan%	-nan%	-nan%	-nan%	-nan%


Tabela Comparativa das Profundidades - Valores Absolutos (FRAME 13)
	AV1
HEVC	DL0	DL1	DL2	DL3	DL4	DL5
DL1	15104	17656	256	8	0	0
DL2	256	7496	23256	800	0	0
DL3	0	5400	19692	12388	504	0
DL4	0	2884	8948	6312	1920	0
DL5	0	0	0	0	0	0
Tabela Comparativa das Profundidades - Porcentagens (FRAME 13)
	AV1
HEVC	DL0	DL1	DL2	DL3	DL4	DL5
DL1	45.74%	53.46%	0.78%	0.02%	0.00%	0.00%
DL2	0.80%	23.57%	73.11%	2.52%	0.00%	0.00%
DL3	0.00%	14.22%	51.84%	32.61%	1.33%	0.00%
DL4	0.00%	14.37%	44.60%	31.46%	9.57%	0.00%
DL5	-nan%	-nan%	-nan%	-nan%	-nan%	-nan%


Tabela Comparativa das Profundidades - Valores Absolutos (FRAME 14)
	AV1
HEVC	DL0	DL1	DL2	DL3	DL4	DL5
DL1	14336	28008	2264	192	0	0
DL2	0	9988	18812	1416	120	0
DL3	0	5116	15112	10060	768	0
DL4	0	2968	6320	5648	1752	0
DL5	0	0	0	0	0	0
Tabela Comparativa das Profundidades - Porcentagens (FRAME 14)
	AV1
HEVC	DL0	DL1	DL2	DL3	DL4	DL5
DL1	32.00%	62.52%	5.05%	0.43%	0.00%	0.00%
DL2	0.00%	32.92%	62.01%	4.67%	0.40%	0.00%
DL3	0.00%	16.47%	48.66%	32.39%	2.47%	0.00%
DL4	0.00%	17.79%	37.87%	33.84%	10.50%	0.00%
DL5	-nan%	-nan%	-nan%	-nan%	-nan%	-nan%


Tabela Comparativa das Profundidades - Valores Absolutos (FRAME 15)
	AV1
HEVC	DL0	DL1	DL2	DL3	DL4	DL5
DL1	14336	30528	2752	512	0	0
DL2	0	8384	23636	1676	96	0
DL3	0	5184	13196	8292	400	0
DL4	0	2668	5976	4368	876	0
DL5	0	0	0	0	0	0
Tabela Comparativa das Profundidades - Porcentagens (FRAME 15)
	AV1
HEVC	DL0	DL1	DL2	DL3	DL4	DL5
DL1	29.79%	63.43%	5.72%	1.06%	0.00%	0.00%
DL2	0.00%	24.81%	69.95%	4.96%	0.28%	0.00%
DL3	0.00%	19.15%	48.74%	30.63%	1.48%	0.00%
DL4	0.00%	19.21%	43.03%	31.45%	6.31%	0.00%
DL5	-nan%	-nan%	-nan%	-nan%	-nan%	-nan%


Tabela Comparativa das Profundidades - Valores Absolutos (FRAME 16)
	AV1
HEVC	DL0	DL1	DL2	DL3	DL4	DL5
DL1	11008	36208	2384	64	0	0
DL2	192	10288	21712	1472	0	0
DL3	32	5716	13292	8024	536	0
DL4	32	2840	5000	3028	1052	0
DL5	0	0	0	0	0	0
Tabela Comparativa das Profundidades - Porcentagens (FRAME 16)
	AV1
HEVC	DL0	DL1	DL2	DL3	DL4	DL5
DL1	22.16%	72.91%	4.80%	0.13%	0.00%	0.00%
DL2	0.57%	30.56%	64.50%	4.37%	0.00%	0.00%
DL3	0.12%	20.71%	48.16%	29.07%	1.94%	0.00%
DL4	0.27%	23.76%	41.83%	25.33%	8.80%	0.00%
DL5	-nan%	-nan%	-nan%	-nan%	-nan%	-nan%


Tabela Comparativa das Profundidades - Valores Absolutos (FRAME 17)
	AV1
HEVC	DL0	DL1	DL2	DL3	DL4	DL5
DL1	8192	25332	1868	704	0	0
DL2	0	8716	21160	1820	48	0
DL3	0	4896	18842	12078	392	0
DL4	0	2316	8272	6876	1368	0
DL5	0	0	0	0	0	0
Tabela Comparativa das Profundidades - Porcentagens (FRAME 17)
	AV1
HEVC	DL0	DL1	DL2	DL3	DL4	DL5
DL1	22.70%	70.18%	5.18%	1.95%	0.00%	0.00%
DL2	0.00%	27.46%	66.66%	5.73%	0.15%	0.00%
DL3	0.00%	13.52%	52.04%	33.36%	1.08%	0.00%
DL4	0.00%	12.30%	43.93%	36.51%	7.26%	0.00%
DL5	-nan%	-nan%	-nan%	-nan%	-nan%	-nan%


Tabela Comparativa das Profundidades - Valores Absolutos (FRAME 18)
	AV1
HEVC	DL0	DL1	DL2	DL3	DL4	DL5
DL1	13088	28800	2272	128	0	0
DL2	1872	7696	26720	1264	16	0
DL3	908	4476	14000	8608	248	0
DL4	444	2116	5456	3904	864	0
DL5	0	0	0	0	0	0
Tabela Comparativa das Profundidades - Porcentagens (FRAME 18)
	AV1
HEVC	DL0	DL1	DL2	DL3	DL4	DL5
DL1	29.55%	65.03%	5.13%	0.29%	0.00%	0.00%
DL2	4.98%	20.49%	71.12%	3.36%	0.04%	0.00%
DL3	3.22%	15.85%	49.58%	30.48%	0.88%	0.00%
DL4	3.47%	16.55%	42.68%	30.54%	6.76%	0.00%
DL5	-nan%	-nan%	-nan%	-nan%	-nan%	-nan%


Tabela Comparativa das Profundidades - Valores Absolutos (FRAME 19)
	AV1
HEVC	DL0	DL1	DL2	DL3	DL4	DL5
DL1	17920	28160	1664	128	0	0
DL2	384	6144	27520	1280	64	0
DL3	112	3248	14384	8320	400	0
DL4	16	1360	5712	4736	1328	0
DL5	0	0	0	0	0	0
Tabela Comparativa das Profundidades - Porcentagens (FRAME 19)
	AV1
HEVC	DL0	DL1	DL2	DL3	DL4	DL5
DL1	37.43%	58.82%	3.48%	0.27%	0.00%	0.00%
DL2	1.08%	17.36%	77.76%	3.62%	0.18%	0.00%
DL3	0.42%	12.27%	54.35%	31.44%	1.51%	0.00%
DL4	0.12%	10.34%	43.43%	36.01%	10.10%	0.00%
DL5	-nan%	-nan%	-nan%	-nan%	-nan%	-nan%


Tabela Comparativa das Profundidades - Valores Absolutos (FRAME 20)
	AV1
HEVC	DL0	DL1	DL2	DL3	DL4	DL5
DL1	512	2408	760	592	80	0
DL2	2816	7344	7984	800	192	0
DL3	5232	7876	13148	5316	972	0
DL4	8848	12620	26100	13848	5432	0
DL5	0	0	0	0	0	0
Tabela Comparativa das Profundidades - Porcentagens (FRAME 20)
	AV1
HEVC	DL0	DL1	DL2	DL3	DL4	DL5
DL1	11.76%	55.33%	17.46%	13.60%	1.84%	0.00%
DL2	14.72%	38.38%	41.72%	4.18%	1.00%	0.00%
DL3	16.08%	24.20%	40.40%	16.33%	2.99%	0.00%
DL4	13.24%	18.88%	39.04%	20.72%	8.13%	0.00%
DL5	-nan%	-nan%	-nan%	-nan%	-nan%	-nan%


Tabela Comparativa das Profundidades - Valores Absolutos (FRAME 21)
	AV1
HEVC	DL0	DL1	DL2	DL3	DL4	DL5
DL1	13568	11776	896	80	48	0
DL2	1960	5632	13336	704	128	0
DL3	2468	4016	21812	10072	960	0
DL4	3340	2128	16728	10416	2812	0
DL5	0	0	0	0	0	0
Tabela Comparativa das Profundidades - Porcentagens (FRAME 21)
	AV1
HEVC	DL0	DL1	DL2	DL3	DL4	DL5
DL1	51.46%	44.66%	3.40%	0.30%	0.18%	0.00%
DL2	9.01%	25.88%	61.29%	3.24%	0.59%	0.00%
DL3	6.28%	10.21%	55.46%	25.61%	2.44%	0.00%
DL4	9.43%	6.01%	47.22%	29.40%	7.94%	0.00%
DL5	-nan%	-nan%	-nan%	-nan%	-nan%	-nan%


Tabela Comparativa das Profundidades - Valores Absolutos (FRAME 22)
	AV1
HEVC	DL0	DL1	DL2	DL3	DL4	DL5
DL1	12800	13824	1408	544	352	0
DL2	448	4800	19960	1352	192	0
DL3	32	2512	24176	13584	1200	0
DL4	32	1392	12928	8628	2716	0
DL5	0	0	0	0	0	0
Tabela Comparativa das Profundidades - Porcentagens (FRAME 22)
	AV1
HEVC	DL0	DL1	DL2	DL3	DL4	DL5
DL1	44.25%	47.79%	4.87%	1.88%	1.22%	0.00%
DL2	1.67%	17.94%	74.61%	5.05%	0.72%	0.00%
DL3	0.08%	6.05%	58.25%	32.73%	2.89%	0.00%
DL4	0.12%	5.42%	50.31%	33.58%	10.57%	0.00%
DL5	-nan%	-nan%	-nan%	-nan%	-nan%	-nan%


Tabela Comparativa das Profundidades - Valores Absolutos (FRAME 23)
	AV1
HEVC	DL0	DL1	DL2	DL3	DL4	DL5
DL1	12032	17920	2112	960	0	0
DL2	192	8256	21604	3036	64	0
DL3	64	3168	19020	12052	688	0
DL4	0	1632	9228	8724	2128	0
DL5	0	0	0	0	0	0
Tabela Comparativa das Profundidades - Porcentagens (FRAME 23)
	AV1
HEVC	DL0	DL1	DL2	DL3	DL4	DL5
DL1	36.43%	54.26%	6.40%	2.91%	0.00%	0.00%
DL2	0.58%	24.90%	65.17%	9.16%	0.19%	0.00%
DL3	0.18%	9.05%	54.36%	34.44%	1.97%	0.00%
DL4	0.00%	7.52%	42.50%	40.18%	9.80%	0.00%
DL5	-nan%	-nan%	-nan%	-nan%	-nan%	-nan%


Tabela Comparativa das Profundidades - Valores Absolutos (FRAME 24)
	AV1
HEVC	DL0	DL1	DL2	DL3	DL4	DL5
DL1	12032	21224	1944	384	0	0
DL2	192	5456	29108	1492	40	0
DL3	64	2600	21652	9796	368	0
DL4	0	1360	8988	5124	1056	0
DL5	0	0	0	0	0	0
Tabela Comparativa das Profundidades - Porcentagens (FRAME 24)
	AV1
HEVC	DL0	DL1	DL2	DL3	DL4	DL5
DL1	33.81%	59.64%	5.46%	1.08%	0.00%	0.00%
DL2	0.53%	15.04%	80.21%	4.11%	0.11%	0.00%
DL3	0.19%	7.54%	62.80%	28.41%	1.07%	0.00%
DL4	0.00%	8.23%	54.38%	31.00%	6.39%	0.00%
DL5	-nan%	-nan%	-nan%	-nan%	-nan%	-nan%


Tabela Comparativa das Profundidades - Valores Absolutos (FRAME 25)
	AV1
HEVC	DL0	DL1	DL2	DL3	DL4	DL5
DL1	10240	27336	4596	836	0	0
DL2	0	10040	27376	1736	16	0
DL3	0	3632	16504	7688	368	0
DL4	0	1872	6336	3360	944	0
DL5	0	0	0	0	0	0
Tabela Comparativa das Profundidades - Porcentagens (FRAME 25)
	AV1
HEVC	DL0	DL1	DL2	DL3	DL4	DL5
DL1	23.81%	63.56%	10.69%	1.94%	0.00%	0.00%
DL2	0.00%	25.63%	69.89%	4.43%	0.04%	0.00%
DL3	0.00%	12.88%	58.54%	27.27%	1.31%	0.00%
DL4	0.00%	14.96%	50.64%	26.85%	7.54%	0.00%
DL5	-nan%	-nan%	-nan%	-nan%	-nan%	-nan%


Tabela Comparativa das Profundidades - Valores Absolutos (FRAME 26)
	AV1
HEVC	DL0	DL1	DL2	DL3	DL4	DL5
DL1	8192	27112	4184	192	0	0
DL2	0	9080	28920	1968	32	0
DL3	0	3400	17048	8552	184	0
DL4	0	1376	7448	4112	1080	0
DL5	0	0	0	0	0	0
Tabela Comparativa das Profundidades - Porcentagens (FRAME 26)
	AV1
HEVC	DL0	DL1	DL2	DL3	DL4	DL5
DL1	20.65%	68.33%	10.54%	0.48%	0.00%	0.00%
DL2	0.00%	22.70%	72.30%	4.92%	0.08%	0.00%
DL3	0.00%	11.65%	58.42%	29.30%	0.63%	0.00%
DL4	0.00%	9.82%	53.14%	29.34%	7.71%	0.00%
DL5	-nan%	-nan%	-nan%	-nan%	-nan%	-nan%


Tabela Comparativa das Profundidades - Valores Absolutos (FRAME 27)
	AV1
HEVC	DL0	DL1	DL2	DL3	DL4	DL5
DL1	9728	18624	2048	784	48	0
DL2	384	5792	27696	2512	160	0
DL3	96	3088	21388	10848	420	0
DL4	32	1680	8924	6812	1816	0
DL5	0	0	0	0	0	0
Tabela Comparativa das Profundidades - Porcentagens (FRAME 27)
	AV1
HEVC	DL0	DL1	DL2	DL3	DL4	DL5
DL1	31.15%	59.63%	6.56%	2.51%	0.15%	0.00%
DL2	1.05%	15.85%	75.79%	6.87%	0.44%	0.00%
DL3	0.27%	8.62%	59.68%	30.27%	1.17%	0.00%
DL4	0.17%	8.72%	46.32%	35.36%	9.43%	0.00%
DL5	-nan%	-nan%	-nan%	-nan%	-nan%	-nan%


Tabela Comparativa das Profundidades - Valores Absolutos (FRAME 28)
	AV1
HEVC	DL0	DL1	DL2	DL3	DL4	DL5
DL1	13056	31232	1856	192	0	0
DL2	192	6912	29056	1584	80	0
DL3	48	3744	15168	7472	480	0
DL4	16	1120	5824	3648	1200	0
DL5	0	0	0	0	0	0
Tabela Comparativa das Profundidades - Porcentagens (FRAME 28)
	AV1
HEVC	DL0	DL1	DL2	DL3	DL4	DL5
DL1	28.18%	67.40%	4.01%	0.41%	0.00%	0.00%
DL2	0.51%	18.27%	76.82%	4.19%	0.21%	0.00%
DL3	0.18%	13.91%	56.36%	27.76%	1.78%	0.00%
DL4	0.14%	9.49%	49.32%	30.89%	10.16%	0.00%
DL5	-nan%	-nan%	-nan%	-nan%	-nan%	-nan%


Tabela Comparativa das Profundidades - Valores Absolutos (FRAME 29)
	AV1
HEVC	DL0	DL1	DL2	DL3	DL4	DL5
DL1	11008	34240	2304	320	0	0
DL2	192	7040	25376	1168	16	0
DL3	48	3584	16288	7024	400	0
DL4	16	1344	7712	3504	1296	0
DL5	0	0	0	0	0	0
Tabela Comparativa das Profundidades - Porcentagens (FRAME 29)
	AV1
HEVC	DL0	DL1	DL2	DL3	DL4	DL5
DL1	22.99%	71.52%	4.81%	0.67%	0.00%	0.00%
DL2	0.57%	20.83%	75.09%	3.46%	0.05%	0.00%
DL3	0.18%	13.11%	59.57%	25.69%	1.46%	0.00%
DL4	0.12%	9.69%	55.59%	25.26%	9.34%	0.00%
DL5	-nan%	-nan%	-nan%	-nan%	-nan%	-nan%


Tabela Comparativa das Profundidades - Valores Absolutos (FRAME 30)
	AV1
HEVC	DL0	DL1	DL2	DL3	DL4	DL5
DL1	13568	19876	1376	452	312	0
DL2	576	6488	25992	1248	512	0
DL3	144	4040	18592	8952	736	0
DL4	48	2268	9088	6524	2088	0
DL5	0	0	0	0	0	0
Tabela Comparativa das Profundidades - Porcentagens (FRAME 30)
	AV1
HEVC	DL0	DL1	DL2	DL3	DL4	DL5
DL1	38.13%	55.86%	3.87%	1.27%	0.88%	0.00%
DL2	1.65%	18.64%	74.66%	3.58%	1.47%	0.00%
DL3	0.44%	12.44%	57.27%	27.58%	2.27%	0.00%
DL4	0.24%	11.33%	45.40%	32.59%	10.43%	0.00%
DL5	-nan%	-nan%	-nan%	-nan%	-nan%	-nan%


Tabela Comparativa das Profundidades - Valores Absolutos (FRAME 31)
	AV1
HEVC	DL0	DL1	DL2	DL3	DL4	DL5
DL1	13056	17408	2048	256	0	0
DL2	128	4288	25952	1536	32	0
DL3	112	3256	21052	10700	480	0
DL4	16	2184	10996	7300	2080	0
DL5	0	0	0	0	0	0
Tabela Comparativa das Profundidades - Porcentagens (FRAME 31)
	AV1
HEVC	DL0	DL1	DL2	DL3	DL4	DL5
DL1	39.84%	53.12%	6.25%	0.78%	0.00%	0.00%
DL2	0.40%	13.43%	81.26%	4.81%	0.10%	0.00%
DL3	0.31%	9.15%	59.13%	30.06%	1.35%	0.00%
DL4	0.07%	9.67%	48.71%	32.34%	9.21%	0.00%
DL5	-nan%	-nan%	-nan%	-nan%	-nan%	-nan%


Tabela Comparativa das Profundidades - Valores Absolutos (FRAME 32)
	AV1
HEVC	DL0	DL1	DL2	DL3	DL4	DL5
DL1	16128	19456	2560	0	0	0
DL2	192	7232	29304	1232	56	0
DL3	32	4808	17596	7684	392	0
DL4	32	1952	8500	4496	1228	0
DL5	0	0	0	0	0	0
Tabela Comparativa das Profundidades - Porcentagens (FRAME 32)
	AV1
HEVC	DL0	DL1	DL2	DL3	DL4	DL5
DL1	42.28%	51.01%	6.71%	0.00%	0.00%	0.00%
DL2	0.51%	19.02%	77.08%	3.24%	0.15%	0.00%
DL3	0.10%	15.76%	57.67%	25.18%	1.28%	0.00%
DL4	0.20%	12.04%	52.44%	27.74%	7.58%	0.00%
DL5	-nan%	-nan%	-nan%	-nan%	-nan%	-nan%


Tabela Comparativa das Profundidades - Valores Absolutos (FRAME 33)
	AV1
HEVC	DL0	DL1	DL2	DL3	DL4	DL5
DL1	13824	30176	2208	352	32	0
DL2	192	6336	28096	1752	232	0
DL3	288	3088	16024	7064	672	0
DL4	32	1200	6820	3124	1368	0
DL5	0	0	0	0	0	0
Tabela Comparativa das Profundidades - Porcentagens (FRAME 33)
	AV1
HEVC	DL0	DL1	DL2	DL3	DL4	DL5
DL1	29.67%	64.77%	4.74%	0.76%	0.07%	0.00%
DL2	0.52%	17.31%	76.75%	4.79%	0.63%	0.00%
DL3	1.06%	11.38%	59.05%	26.03%	2.48%	0.00%
DL4	0.26%	9.57%	54.37%	24.90%	10.91%	0.00%
DL5	-nan%	-nan%	-nan%	-nan%	-nan%	-nan%


Tabela Comparativa das Profundidades - Valores Absolutos (FRAME 34)
	AV1
HEVC	DL0	DL1	DL2	DL3	DL4	DL5
DL1	9472	32488	4240	128	8	0
DL2	640	6232	28176	1920	24	0
DL3	112	3504	14240	8016	288	0
DL4	16	1776	6344	3984	1272	0
DL5	0	0	0	0	0	0
Tabela Comparativa das Profundidades - Porcentagens (FRAME 34)
	AV1
HEVC	DL0	DL1	DL2	DL3	DL4	DL5
DL1	20.44%	70.11%	9.15%	0.28%	0.02%	0.00%
DL2	1.73%	16.85%	76.17%	5.19%	0.06%	0.00%
DL3	0.43%	13.39%	54.43%	30.64%	1.10%	0.00%
DL4	0.12%	13.26%	47.37%	29.75%	9.50%	0.00%
DL5	-nan%	-nan%	-nan%	-nan%	-nan%	-nan%


Tabela Comparativa das Profundidades - Valores Absolutos (FRAME 35)
	AV1
HEVC	DL0	DL1	DL2	DL3	DL4	DL5
DL1	7936	17408	2816	0	0	0
DL2	2056	5632	28800	2376	48	0
DL3	1884	2080	21860	10280	392	0
DL4	732	992	9648	6256	1684	0
DL5	0	0	0	0	0	0
Tabela Comparativa das Profundidades - Porcentagens (FRAME 35)
	AV1
HEVC	DL0	DL1	DL2	DL3	DL4	DL5
DL1	28.18%	61.82%	10.00%	0.00%	0.00%	0.00%
DL2	5.28%	14.47%	74.01%	6.11%	0.12%	0.00%
DL3	5.16%	5.70%	59.90%	28.17%	1.07%	0.00%
DL4	3.79%	5.14%	49.96%	32.39%	8.72%	0.00%
DL5	-nan%	-nan%	-nan%	-nan%	-nan%	-nan%


Tabela Comparativa das Profundidades - Valores Absolutos (FRAME 36)
	AV1
HEVC	DL0	DL1	DL2	DL3	DL4	DL5
DL1	8960	28800	2624	64	0	0
DL2	192	8976	31024	1728	0	0
DL3	48	3760	13946	9018	300	0
DL4	16	1936	6486	4002	1000	0
DL5	0	0	0	0	0	0
Tabela Comparativa das Profundidades - Porcentagens (FRAME 36)
	AV1
HEVC	DL0	DL1	DL2	DL3	DL4	DL5
DL1	22.15%	71.20%	6.49%	0.16%	0.00%	0.00%
DL2	0.46%	21.41%	74.01%	4.12%	0.00%	0.00%
DL3	0.18%	13.89%	51.51%	33.31%	1.11%	0.00%
DL4	0.12%	14.40%	48.26%	29.78%	7.44%	0.00%
DL5	-nan%	-nan%	-nan%	-nan%	-nan%	-nan%


Tabela Comparativa das Profundidades - Valores Absolutos (FRAME 37)
	AV1
HEVC	DL0	DL1	DL2	DL3	DL4	DL5
DL1	11264	33536	2304	0	0	0
DL2	128	7168	27520	1296	48	0
DL3	544	4160	14304	7984	240	0
DL4	352	1216	5472	4352	992	0
DL5	0	0	0	0	0	0
Tabela Comparativa das Profundidades - Porcentagens (FRAME 37)
	AV1
HEVC	DL0	DL1	DL2	DL3	DL4	DL5
DL1	23.91%	71.20%	4.89%	0.00%	0.00%	0.00%
DL2	0.35%	19.82%	76.11%	3.58%	0.13%	0.00%
DL3	2.00%	15.28%	52.53%	29.32%	0.88%	0.00%
DL4	2.84%	9.82%	44.19%	35.14%	8.01%	0.00%
DL5	-nan%	-nan%	-nan%	-nan%	-nan%	-nan%


Tabela Comparativa das Profundidades - Valores Absolutos (FRAME 38)
	AV1
HEVC	DL0	DL1	DL2	DL3	DL4	DL5
DL1	10396	15616	1060	32	32	0
DL2	3024	6784	17788	820	64	0
DL3	1960	4000	17136	6312	880	0
DL4	888	5088	16916	10428	3656	0
DL5	0	0	0	0	0	0
Tabela Comparativa das Profundidades - Porcentagens (FRAME 38)
	AV1
HEVC	DL0	DL1	DL2	DL3	DL4	DL5
DL1	38.31%	57.55%	3.91%	0.12%	0.12%	0.00%
DL2	10.62%	23.82%	62.46%	2.88%	0.22%	0.00%
DL3	6.47%	13.21%	56.58%	20.84%	2.91%	0.00%
DL4	2.40%	13.76%	45.75%	28.20%	9.89%	0.00%
DL5	-nan%	-nan%	-nan%	-nan%	-nan%	-nan%


Tabela Comparativa das Profundidades - Valores Absolutos (FRAME 39)
	AV1
HEVC	DL0	DL1	DL2	DL3	DL4	DL5
DL1	9728	20992	640	128	0	0
DL2	320	5760	14816	1808	144	0
DL3	64	4992	21448	11312	760	0
DL4	128	2560	14548	10404	2328	0
DL5	0	0	0	0	0	0
Tabela Comparativa das Profundidades - Porcentagens (FRAME 39)
	AV1
HEVC	DL0	DL1	DL2	DL3	DL4	DL5
DL1	30.89%	66.67%	2.03%	0.41%	0.00%	0.00%
DL2	1.40%	25.21%	64.85%	7.91%	0.63%	0.00%
DL3	0.17%	12.94%	55.60%	29.32%	1.97%	0.00%
DL4	0.43%	8.54%	48.55%	34.72%	7.77%	0.00%
DL5	-nan%	-nan%	-nan%	-nan%	-nan%	-nan%


Tabela Comparativa das Profundidades - Valores Absolutos (FRAME 40)
	AV1
HEVC	DL0	DL1	DL2	DL3	DL4	DL5
DL1	10240	19424	1716	108	0	0
DL2	0	6864	18640	1472	160	0
DL3	0	4708	21656	12532	816	0
DL4	0	2932	10028	8840	2744	0
DL5	0	0	0	0	0	0
Tabela Comparativa das Profundidades - Porcentagens (FRAME 40)
	AV1
HEVC	DL0	DL1	DL2	DL3	DL4	DL5
DL1	32.52%	61.69%	5.45%	0.34%	0.00%	0.00%
DL2	0.00%	25.29%	68.69%	5.42%	0.59%	0.00%
DL3	0.00%	11.86%	54.53%	31.56%	2.05%	0.00%
DL4	0.00%	11.95%	40.86%	36.02%	11.18%	0.00%
DL5	-nan%	-nan%	-nan%	-nan%	-nan%	-nan%


Tabela Comparativa das Profundidades - Valores Absolutos (FRAME 41)
	AV1
HEVC	DL0	DL1	DL2	DL3	DL4	DL5
DL1	11264	21760	2248	248	64	0
DL2	832	4928	23108	1756	160	0
DL3	176	4024	20308	10412	600	0
DL4	16	1616	9314	7982	2064	0
DL5	0	0	0	0	0	0
Tabela Comparativa das Profundidades - Porcentagens (FRAME 41)
	AV1
HEVC	DL0	DL1	DL2	DL3	DL4	DL5
DL1	31.65%	61.15%	6.32%	0.70%	0.18%	0.00%
DL2	2.70%	16.01%	75.06%	5.70%	0.52%	0.00%
DL3	0.50%	11.33%	57.17%	29.31%	1.69%	0.00%
DL4	0.08%	7.70%	44.37%	38.02%	9.83%	0.00%
DL5	-nan%	-nan%	-nan%	-nan%	-nan%	-nan%


Tabela Comparativa das Profundidades - Valores Absolutos (FRAME 42)
	AV1
HEVC	DL0	DL1	DL2	DL3	DL4	DL5
DL1	12032	22784	1600	160	32	0
DL2	2136	5376	26856	1344	128	0
DL3	1924	3760	18596	8992	456	0
DL4	864	1872	7680	5136	1152	0
DL5	0	0	0	0	0	0
Tabela Comparativa das Profundidades - Porcentagens (FRAME 42)
	AV1
HEVC	DL0	DL1	DL2	DL3	DL4	DL5
DL1	32.87%	62.24%	4.37%	0.44%	0.09%	0.00%
DL2	5.96%	15.00%	74.93%	3.75%	0.36%	0.00%
DL3	5.70%	11.15%	55.14%	26.66%	1.35%	0.00%
DL4	5.17%	11.21%	45.98%	30.75%	6.90%	0.00%
DL5	-nan%	-nan%	-nan%	-nan%	-nan%	-nan%


Tabela Comparativa das Profundidades - Valores Absolutos (FRAME 43)
	AV1
HEVC	DL0	DL1	DL2	DL3	DL4	DL5
DL1	11188	28672	2844	528	32	0
DL2	1912	9140	24712	1564	48	0
DL3	1440	4868	15280	7012	264	0
DL4	896	1648	6596	3644	592	0
DL5	0	0	0	0	0	0
Tabela Comparativa das Profundidades - Porcentagens (FRAME 43)
	AV1
HEVC	DL0	DL1	DL2	DL3	DL4	DL5
DL1	25.86%	66.27%	6.57%	1.22%	0.07%	0.00%
DL2	5.12%	24.45%	66.12%	4.18%	0.13%	0.00%
DL3	4.99%	16.87%	52.94%	24.29%	0.91%	0.00%
DL4	6.70%	12.32%	49.31%	27.24%	4.43%	0.00%
DL5	-nan%	-nan%	-nan%	-nan%	-nan%	-nan%


Tabela Comparativa das Profundidades - Valores Absolutos (FRAME 44)
	AV1
HEVC	DL0	DL1	DL2	DL3	DL4	DL5
DL1	8404	28672	1964	128	0	0
DL2	1876	9664	26012	1552	64	0
DL3	1196	4924	14388	9204	432	0
DL4	528	1944	5796	5140	992	0
DL5	0	0	0	0	0	0
Tabela Comparativa das Profundidades - Porcentagens (FRAME 44)
	AV1
HEVC	DL0	DL1	DL2	DL3	DL4	DL5
DL1	21.46%	73.20%	5.01%	0.33%	0.00%	0.00%
DL2	4.79%	24.67%	66.41%	3.96%	0.16%	0.00%
DL3	3.97%	16.33%	47.73%	30.53%	1.43%	0.00%
DL4	3.67%	13.50%	40.25%	35.69%	6.89%	0.00%
DL5	-nan%	-nan%	-nan%	-nan%	-nan%	-nan%


Tabela Comparativa das Profundidades - Valores Absolutos (FRAME 45)
	AV1
HEVC	DL0	DL1	DL2	DL3	DL4	DL5
DL1	11264	21504	2816	0	0	0
DL2	512	7072	22220	1692	56	0
DL3	368	5112	20868	10612	480	0
DL4	144	2336	8280	6104	1440	0
DL5	0	0	0	0	0	0
Tabela Comparativa das Profundidades - Porcentagens (FRAME 45)
	AV1
HEVC	DL0	DL1	DL2	DL3	DL4	DL5
DL1	31.65%	60.43%	7.91%	0.00%	0.00%	0.00%
DL2	1.62%	22.41%	70.42%	5.36%	0.18%	0.00%
DL3	0.98%	13.65%	55.74%	28.34%	1.28%	0.00%
DL4	0.79%	12.76%	45.24%	33.35%	7.87%	0.00%
DL5	-nan%	-nan%	-nan%	-nan%	-nan%	-nan%


Tabela Comparativa das Profundidades - Valores Absolutos (FRAME 46)
	AV1
HEVC	DL0	DL1	DL2	DL3	DL4	DL5
DL1	14336	32256	2240	320	0	0
DL2	0	5824	26112	2352	80	0
DL3	0	3232	14336	10080	304	0
DL4	0	1184	4608	4512	1104	0
DL5	0	0	0	0	0	0
Tabela Comparativa das Profundidades - Porcentagens (FRAME 46)
	AV1
HEVC	DL0	DL1	DL2	DL3	DL4	DL5
DL1	29.17%	65.62%	4.56%	0.65%	0.00%	0.00%
DL2	0.00%	16.95%	75.98%	6.84%	0.23%	0.00%
DL3	0.00%	11.56%	51.29%	36.06%	1.09%	0.00%
DL4	0.00%	10.38%	40.39%	39.55%	9.68%	0.00%
DL5	-nan%	-nan%	-nan%	-nan%	-nan%	-nan%


Tabela Comparativa das Profundidades - Valores Absolutos (FRAME 47)
	AV1
HEVC	DL0	DL1	DL2	DL3	DL4	DL5
DL1	12796	30208	2240	68	0	0
DL2	2072	7416	24576	2096	64	0
DL3	1096	3408	14096	8748	396	0
DL4	368	1840	5840	4376	1176	0
DL5	0	0	0	0	0	0
Tabela Comparativa das Profundidades - Porcentagens (FRAME 47)
	AV1
HEVC	DL0	DL1	DL2	DL3	DL4	DL5
DL1	28.24%	66.67%	4.94%	0.15%	0.00%	0.00%
DL2	5.72%	20.47%	67.84%	5.79%	0.18%	0.00%
DL3	3.95%	12.28%	50.81%	31.53%	1.43%	0.00%
DL4	2.71%	13.53%	42.94%	32.18%	8.65%	0.00%
DL5	-nan%	-nan%	-nan%	-nan%	-nan%	-nan%


Tabela Comparativa das Profundidades - Valores Absolutos (FRAME 48)
	AV1
HEVC	DL0	DL1	DL2	DL3	DL4	DL5
DL1	13056	23040	2688	384	0	0
DL2	768	6912	22264	2224	88	0
DL3	336	3752	18304	8896	552	0
DL4	176	2096	9024	5976	2344	0
DL5	0	0	0	0	0	0
Tabela Comparativa das Profundidades - Porcentagens (FRAME 48)
	AV1
HEVC	DL0	DL1	DL2	DL3	DL4	DL5
DL1	33.33%	58.82%	6.86%	0.98%	0.00%	0.00%
DL2	2.38%	21.43%	69.02%	6.89%	0.27%	0.00%
DL3	1.06%	11.78%	57.49%	27.94%	1.73%	0.00%
DL4	0.90%	10.69%	46.00%	30.46%	11.95%	0.00%
DL5	-nan%	-nan%	-nan%	-nan%	-nan%	-nan%


Tabela Comparativa das Profundidades - Valores Absolutos (FRAME 49)
	AV1
HEVC	DL0	DL1	DL2	DL3	DL4	DL5
DL1	10240	19712	3456	128	0	0
DL2	0	5240	28296	1544	120	0
DL3	0	3392	20304	10632	456	0
DL4	0	1440	9040	7120	1760	0
DL5	0	0	0	0	0	0
Tabela Comparativa das Profundidades - Porcentagens (FRAME 49)
	AV1
HEVC	DL0	DL1	DL2	DL3	DL4	DL5
DL1	30.53%	58.78%	10.31%	0.38%	0.00%	0.00%
DL2	0.00%	14.89%	80.39%	4.39%	0.34%	0.00%
DL3	0.00%	9.75%	58.37%	30.57%	1.31%	0.00%
DL4	0.00%	7.44%	46.69%	36.78%	9.09%	0.00%
DL5	-nan%	-nan%	-nan%	-nan%	-nan%	-nan%


Tabela Comparativa das Profundidades - Valores Absolutos (FRAME 50)
	AV1
HEVC	DL0	DL1	DL2	DL3	DL4	DL5
DL1	9216	27136	2816	0	0	0
DL2	1664	9344	27440	1496	56	0
DL3	304	4520	14832	9136	424	0
DL4	80	2128	6408	4904	976	0
DL5	0	0	0	0	0	0
Tabela Comparativa das Profundidades - Porcentagens (FRAME 50)
	AV1
HEVC	DL0	DL1	DL2	DL3	DL4	DL5
DL1	23.53%	69.28%	7.19%	0.00%	0.00%	0.00%
DL2	4.16%	23.36%	68.60%	3.74%	0.14%	0.00%
DL3	1.04%	15.47%	50.77%	31.27%	1.45%	0.00%
DL4	0.55%	14.68%	44.21%	33.83%	6.73%	0.00%
DL5	-nan%	-nan%	-nan%	-nan%	-nan%	-nan%


Tabela Comparativa das Profundidades - Valores Absolutos (FRAME 51)
	AV1
HEVC	DL0	DL1	DL2	DL3	DL4	DL5
DL1	10496	29440	2740	76	0	0
DL2	768	5568	29752	1616	184	0
DL3	0	4048	15556	8740	408	0
DL4	0	1584	6980	4060	864	0
DL5	0	0	0	0	0	0
Tabela Comparativa das Profundidades - Porcentagens (FRAME 51)
	AV1
HEVC	DL0	DL1	DL2	DL3	DL4	DL5
DL1	24.55%	68.86%	6.41%	0.18%	0.00%	0.00%
DL2	2.03%	14.70%	78.53%	4.27%	0.49%	0.00%
DL3	0.00%	14.08%	54.10%	30.40%	1.42%	0.00%
DL4	0.00%	11.74%	51.75%	30.10%	6.41%	0.00%
DL5	-nan%	-nan%	-nan%	-nan%	-nan%	-nan%


Tabela Comparativa das Profundidades - Valores Absolutos (FRAME 52)
	AV1
HEVC	DL0	DL1	DL2	DL3	DL4	DL5
DL1	12032	28928	2752	64	0	0
DL2	192	6664	29168	1128	96	0
DL3	48	3040	16864	8272	352	0
DL4	16	1888	6456	3768	1152	0
DL5	0	0	0	0	0	0
Tabela Comparativa das Profundidades - Porcentagens (FRAME 52)
	AV1
HEVC	DL0	DL1	DL2	DL3	DL4	DL5
DL1	27.49%	66.08%	6.29%	0.15%	0.00%	0.00%
DL2	0.52%	17.89%	78.31%	3.03%	0.26%	0.00%
DL3	0.17%	10.64%	59.01%	28.95%	1.23%	0.00%
DL4	0.12%	14.22%	48.61%	28.37%	8.67%	0.00%
DL5	-nan%	-nan%	-nan%	-nan%	-nan%	-nan%


Tabela Comparativa das Profundidades - Valores Absolutos (FRAME 53)
	AV1
HEVC	DL0	DL1	DL2	DL3	DL4	DL5
DL1	11008	20128	2912	0	0	0
DL2	192	6912	25984	2112	64	0
DL3	48	3312	19456	11680	560	0
DL4	16	1456	8512	6948	1580	0
DL5	0	0	0	0	0	0
Tabela Comparativa das Profundidades - Porcentagens (FRAME 53)
	AV1
HEVC	DL0	DL1	DL2	DL3	DL4	DL5
DL1	32.33%	59.12%	8.55%	0.00%	0.00%	0.00%
DL2	0.54%	19.60%	73.68%	5.99%	0.18%	0.00%
DL3	0.14%	9.45%	55.50%	33.32%	1.60%	0.00%
DL4	0.09%	7.87%	45.98%	37.53%	8.54%	0.00%
DL5	-nan%	-nan%	-nan%	-nan%	-nan%	-nan%


Tabela Comparativa das Profundidades - Valores Absolutos (FRAME 54)
	AV1
HEVC	DL0	DL1	DL2	DL3	DL4	DL5
DL1	11264	28512	5152	384	0	0
DL2	0	7104	26376	1240	32	0
DL3	0	4864	17360	8032	208	0
DL4	0	1696	5968	3856	832	0
DL5	0	0	0	0	0	0
Tabela Comparativa das Profundidades - Porcentagens (FRAME 54)
	AV1
HEVC	DL0	DL1	DL2	DL3	DL4	DL5
DL1	24.86%	62.92%	11.37%	0.85%	0.00%	0.00%
DL2	0.00%	20.44%	75.90%	3.57%	0.09%	0.00%
DL3	0.00%	15.97%	56.99%	26.37%	0.68%	0.00%
DL4	0.00%	13.73%	48.32%	31.22%	6.74%	0.00%
DL5	-nan%	-nan%	-nan%	-nan%	-nan%	-nan%


Tabela Comparativa das Profundidades - Valores Absolutos (FRAME 55)
	AV1
HEVC	DL0	DL1	DL2	DL3	DL4	DL5
DL1	17664	26880	1536	0	0	0
DL2	512	5760	28160	1536	64	0
DL3	192	3104	14272	9792	352	0
DL4	64	1120	5632	5104	1136	0
DL5	0	0	0	0	0	0
Tabela Comparativa das Profundidades - Porcentagens (FRAME 55)
	AV1
HEVC	DL0	DL1	DL2	DL3	DL4	DL5
DL1	38.33%	58.33%	3.33%	0.00%	0.00%	0.00%
DL2	1.42%	15.99%	78.15%	4.26%	0.18%	0.00%
DL3	0.69%	11.20%	51.50%	35.33%	1.27%	0.00%
DL4	0.49%	8.58%	43.14%	39.09%	8.70%	0.00%
DL5	-nan%	-nan%	-nan%	-nan%	-nan%	-nan%


Tabela Comparativa das Profundidades - Valores Absolutos (FRAME 56)
	AV1
HEVC	DL0	DL1	DL2	DL3	DL4	DL5
DL1	12288	14832	1808	0	0	0
DL2	3824	6812	18340	1024	16	0
DL3	2112	4168	17912	8408	760	0
DL4	1200	2960	13144	10144	3128	0
DL5	0	0	0	0	0	0
Tabela Comparativa das Profundidades - Porcentagens (FRAME 56)
	AV1
HEVC	DL0	DL1	DL2	DL3	DL4	DL5
DL1	42.48%	51.27%	6.25%	0.00%	0.00%	0.00%
DL2	12.74%	22.69%	61.10%	3.41%	0.05%	0.00%
DL3	6.33%	12.49%	53.69%	25.20%	2.28%	0.00%
DL4	3.92%	9.68%	42.99%	33.18%	10.23%	0.00%
DL5	-nan%	-nan%	-nan%	-nan%	-nan%	-nan%


Tabela Comparativa das Profundidades - Valores Absolutos (FRAME 57)
	AV1
HEVC	DL0	DL1	DL2	DL3	DL4	DL5
DL1	11008	18944	1072	448	16	0
DL2	896	5184	18808	1544	128	0
DL3	288	3808	22952	11496	736	0
DL4	96	1760	11940	9052	2704	0
DL5	0	0	0	0	0	0
Tabela Comparativa das Profundidades - Porcentagens (FRAME 57)
	AV1
HEVC	DL0	DL1	DL2	DL3	DL4	DL5
DL1	34.96%	60.16%	3.40%	1.42%	0.05%	0.00%
DL2	3.37%	19.52%	70.81%	5.81%	0.48%	0.00%
DL3	0.73%	9.69%	58.43%	29.27%	1.87%	0.00%
DL4	0.38%	6.89%	46.73%	35.43%	10.58%	0.00%
DL5	-nan%	-nan%	-nan%	-nan%	-nan%	-nan%


Tabela Comparativa das Profundidades - Valores Absolutos (FRAME 58)
	AV1
HEVC	DL0	DL1	DL2	DL3	DL4	DL5
DL1	10496	22376	1624	48	16	0
DL2	640	5320	25656	1384	88	0
DL3	80	3264	19760	11264	592	0
DL4	48	1816	9224	7248	1936	0
DL5	0	0	0	0	0	0
Tabela Comparativa das Profundidades - Porcentagens (FRAME 58)
	AV1
HEVC	DL0	DL1	DL2	DL3	DL4	DL5
DL1	30.37%	64.75%	4.70%	0.14%	0.05%	0.00%
DL2	1.93%	16.08%	77.54%	4.18%	0.27%	0.00%
DL3	0.23%	9.34%	56.52%	32.22%	1.69%	0.00%
DL4	0.24%	8.96%	45.50%	35.75%	9.55%	0.00%
DL5	-nan%	-nan%	-nan%	-nan%	-nan%	-nan%


Tabela Comparativa das Profundidades - Valores Absolutos (FRAME 59)
	AV1
HEVC	DL0	DL1	DL2	DL3	DL4	DL5
DL1	5632	31752	3256	304	16	0
DL2	512	7972	26500	1648	104	0
DL3	0	4704	15120	9392	464	0
DL4	0	2224	6696	5100	1484	0
DL5	0	0	0	0	0	0
Tabela Comparativa das Profundidades - Porcentagens (FRAME 59)
	AV1
HEVC	DL0	DL1	DL2	DL3	DL4	DL5
DL1	13.75%	77.52%	7.95%	0.74%	0.04%	0.00%
DL2	1.39%	21.70%	72.14%	4.49%	0.28%	0.00%
DL3	0.00%	15.85%	50.94%	31.64%	1.56%	0.00%
DL4	0.00%	14.34%	43.19%	32.89%	9.57%	0.00%
DL5	-nan%	-nan%	-nan%	-nan%	-nan%	-nan%


Tabela Comparativa das Profundidades - Valores Absolutos (FRAME 60)
	AV1
HEVC	DL0	DL1	DL2	DL3	DL4	DL5
DL1	7168	36608	2432	128	0	0
DL2	0	8920	24312	1376	16	0
DL3	0	4608	15264	8368	320	0
DL4	0	2284	6408	3852	816	0
DL5	0	0	0	0	0	0
Tabela Comparativa das Profundidades - Porcentagens (FRAME 60)
	AV1
HEVC	DL0	DL1	DL2	DL3	DL4	DL5
DL1	15.47%	79.01%	5.25%	0.28%	0.00%	0.00%
DL2	0.00%	25.76%	70.22%	3.97%	0.05%	0.00%
DL3	0.00%	16.13%	53.45%	29.30%	1.12%	0.00%
DL4	0.00%	17.10%	47.96%	28.83%	6.11%	0.00%
DL5	-nan%	-nan%	-nan%	-nan%	-nan%	-nan%


