Tabela Comparativa das Profundidades - Valores Absolutos (FRAME  1)
	AV1
HEVC	DL0	DL1	DL2	DL3	DL4	DL5
DL1	0	2816	1152	384	0	0
DL2	0	1472	21632	5792	3424	0
DL3	0	528	7008	14656	7664	0
DL4	0	816	7008	15680	32848	0
DL5	0	0	0	0	0	0
Tabela Comparativa das Profundidades - Porcentagens (FRAME  1)
	AV1
HEVC	DL0	DL1	DL2	DL3	DL4	DL5
DL1	0.00%	64.71%	26.47%	8.82%	0.00%	0.00%
DL2	0.00%	4.55%	66.93%	17.92%	10.59%	0.00%
DL3	0.00%	1.77%	23.47%	49.09%	25.67%	0.00%
DL4	0.00%	1.45%	12.44%	27.83%	58.29%	0.00%
DL5	-nan%	-nan%	-nan%	-nan%	-nan%	-nan%


Tabela Comparativa das Profundidades - Valores Absolutos (FRAME  2)
	AV1
HEVC	DL0	DL1	DL2	DL3	DL4	DL5
DL1	256	2088	256	320	152	0
DL2	128	2186	23954	4612	1056	0
DL3	288	1750	12380	19706	5508	0
DL4	352	3160	9696	23052	11980	0
DL5	0	0	0	0	0	0
Tabela Comparativa das Profundidades - Porcentagens (FRAME  2)
	AV1
HEVC	DL0	DL1	DL2	DL3	DL4	DL5
DL1	8.33%	67.97%	8.33%	10.42%	4.95%	0.00%
DL2	0.40%	6.84%	75.01%	14.44%	3.31%	0.00%
DL3	0.73%	4.42%	31.24%	49.72%	13.90%	0.00%
DL4	0.73%	6.55%	20.10%	47.79%	24.83%	0.00%
DL5	-nan%	-nan%	-nan%	-nan%	-nan%	-nan%


Tabela Comparativa das Profundidades - Valores Absolutos (FRAME  3)
	AV1
HEVC	DL0	DL1	DL2	DL3	DL4	DL5
DL1	0	17152	1024	0	0	0
DL2	0	5152	12976	4048	288	0
DL3	0	1476	16012	23760	4128	0
DL4	0	548	10096	19140	7080	0
DL5	0	0	0	0	0	0
Tabela Comparativa das Profundidades - Porcentagens (FRAME  3)
	AV1
HEVC	DL0	DL1	DL2	DL3	DL4	DL5
DL1	0.00%	94.37%	5.63%	0.00%	0.00%	0.00%
DL2	0.00%	22.93%	57.76%	18.02%	1.28%	0.00%
DL3	0.00%	3.25%	35.29%	52.36%	9.10%	0.00%
DL4	0.00%	1.49%	27.39%	51.92%	19.21%	0.00%
DL5	-nan%	-nan%	-nan%	-nan%	-nan%	-nan%


Tabela Comparativa das Profundidades - Valores Absolutos (FRAME  4)
	AV1
HEVC	DL0	DL1	DL2	DL3	DL4	DL5
DL1	0	19236	1948	288	32	0
DL2	0	6232	17426	5094	432	0
DL3	0	1572	14622	22362	3284	0
DL4	0	952	8180	13524	7696	0
DL5	0	0	0	0	0	0
Tabela Comparativa das Profundidades - Porcentagens (FRAME  4)
	AV1
HEVC	DL0	DL1	DL2	DL3	DL4	DL5
DL1	0.00%	89.45%	9.06%	1.34%	0.15%	0.00%
DL2	0.00%	21.35%	59.71%	17.45%	1.48%	0.00%
DL3	0.00%	3.76%	34.95%	53.45%	7.85%	0.00%
DL4	0.00%	3.14%	26.95%	44.56%	25.36%	0.00%
DL5	-nan%	-nan%	-nan%	-nan%	-nan%	-nan%


Tabela Comparativa das Profundidades - Valores Absolutos (FRAME  5)
	AV1
HEVC	DL0	DL1	DL2	DL3	DL4	DL5
DL1	0	25684	2640	92	0	0
DL2	0	7380	24852	4428	396	0
DL3	0	2188	15036	19676	1740	0
DL4	0	1152	5524	8948	3144	0
DL5	0	0	0	0	0	0
Tabela Comparativa das Profundidades - Porcentagens (FRAME  5)
	AV1
HEVC	DL0	DL1	DL2	DL3	DL4	DL5
DL1	0.00%	90.39%	9.29%	0.32%	0.00%	0.00%
DL2	0.00%	19.92%	67.07%	11.95%	1.07%	0.00%
DL3	0.00%	5.66%	38.91%	50.92%	4.50%	0.00%
DL4	0.00%	6.14%	29.43%	47.68%	16.75%	0.00%
DL5	-nan%	-nan%	-nan%	-nan%	-nan%	-nan%


Tabela Comparativa das Profundidades - Valores Absolutos (FRAME  6)
	AV1
HEVC	DL0	DL1	DL2	DL3	DL4	DL5
DL1	2048	39696	2472	584	0	0
DL2	0	5576	26332	4244	72	0
DL3	0	1644	12524	13280	1144	0
DL4	0	692	4424	5992	2156	0
DL5	0	0	0	0	0	0
Tabela Comparativa das Profundidades - Porcentagens (FRAME  6)
	AV1
HEVC	DL0	DL1	DL2	DL3	DL4	DL5
DL1	4.57%	88.61%	5.52%	1.30%	0.00%	0.00%
DL2	0.00%	15.39%	72.69%	11.72%	0.20%	0.00%
DL3	0.00%	5.75%	43.80%	46.45%	4.00%	0.00%
DL4	0.00%	5.22%	33.35%	45.17%	16.25%	0.00%
DL5	-nan%	-nan%	-nan%	-nan%	-nan%	-nan%


Tabela Comparativa das Profundidades - Valores Absolutos (FRAME  7)
	AV1
HEVC	DL0	DL1	DL2	DL3	DL4	DL5
DL1	0	42106	5254	240	16	0
DL2	0	5846	31866	3856	288	0
DL3	0	1672	13176	9528	648	0
DL4	0	688	4356	2772	568	0
DL5	0	0	0	0	0	0
Tabela Comparativa das Profundidades - Porcentagens (FRAME  7)
	AV1
HEVC	DL0	DL1	DL2	DL3	DL4	DL5
DL1	0.00%	88.43%	11.03%	0.50%	0.03%	0.00%
DL2	0.00%	13.97%	76.13%	9.21%	0.69%	0.00%
DL3	0.00%	6.68%	52.65%	38.08%	2.59%	0.00%
DL4	0.00%	8.21%	51.96%	33.06%	6.77%	0.00%
DL5	-nan%	-nan%	-nan%	-nan%	-nan%	-nan%


Tabela Comparativa das Profundidades - Valores Absolutos (FRAME  8)
	AV1
HEVC	DL0	DL1	DL2	DL3	DL4	DL5
DL1	0	30988	3252	544	32	0
DL2	0	7480	36780	5300	424	0
DL3	0	3124	13484	11760	736	0
DL4	0	848	3600	3788	740	0
DL5	0	0	0	0	0	0
Tabela Comparativa das Profundidades - Porcentagens (FRAME  8)
	AV1
HEVC	DL0	DL1	DL2	DL3	DL4	DL5
DL1	0.00%	89.01%	9.34%	1.56%	0.09%	0.00%
DL2	0.00%	14.96%	73.58%	10.60%	0.85%	0.00%
DL3	0.00%	10.73%	46.33%	40.41%	2.53%	0.00%
DL4	0.00%	9.45%	40.11%	42.20%	8.24%	0.00%
DL5	-nan%	-nan%	-nan%	-nan%	-nan%	-nan%


Tabela Comparativa das Profundidades - Valores Absolutos (FRAME  9)
	AV1
HEVC	DL0	DL1	DL2	DL3	DL4	DL5
DL1	0	16400	2980	72	4	0
DL2	0	6412	32044	5584	504	0
DL3	0	2372	14856	23460	1808	0
DL4	0	760	4376	8468	2780	0
DL5	0	0	0	0	0	0
Tabela Comparativa das Profundidades - Porcentagens (FRAME  9)
	AV1
HEVC	DL0	DL1	DL2	DL3	DL4	DL5
DL1	0.00%	84.29%	15.32%	0.37%	0.02%	0.00%
DL2	0.00%	14.39%	71.94%	12.54%	1.13%	0.00%
DL3	0.00%	5.58%	34.96%	55.21%	4.25%	0.00%
DL4	0.00%	4.64%	26.71%	51.68%	16.97%	0.00%
DL5	-nan%	-nan%	-nan%	-nan%	-nan%	-nan%


Tabela Comparativa das Profundidades - Valores Absolutos (FRAME 10)
	AV1
HEVC	DL0	DL1	DL2	DL3	DL4	DL5
DL1	1536	41984	5376	720	48	0
DL2	512	4544	35008	5664	288	0
DL3	0	1184	8624	11504	544	0
DL4	0	160	1552	2944	688	0
DL5	0	0	0	0	0	0
Tabela Comparativa das Profundidades - Porcentagens (FRAME 10)
	AV1
HEVC	DL0	DL1	DL2	DL3	DL4	DL5
DL1	3.09%	84.54%	10.82%	1.45%	0.10%	0.00%
DL2	1.11%	9.87%	76.08%	12.31%	0.63%	0.00%
DL3	0.00%	5.42%	39.46%	52.64%	2.49%	0.00%
DL4	0.00%	2.99%	29.04%	55.09%	12.87%	0.00%
DL5	-nan%	-nan%	-nan%	-nan%	-nan%	-nan%


Tabela Comparativa das Profundidades - Valores Absolutos (FRAME 11)
	AV1
HEVC	DL0	DL1	DL2	DL3	DL4	DL5
DL1	0	51654	3602	712	96	0
DL2	0	7248	24848	5568	224	0
DL3	0	2730	8290	10228	480	0
DL4	0	978	3022	2552	648	0
DL5	0	0	0	0	0	0
Tabela Comparativa das Profundidades - Porcentagens (FRAME 11)
	AV1
HEVC	DL0	DL1	DL2	DL3	DL4	DL5
DL1	0.00%	92.13%	6.42%	1.27%	0.17%	0.00%
DL2	0.00%	19.13%	65.58%	14.70%	0.59%	0.00%
DL3	0.00%	12.56%	38.15%	47.07%	2.21%	0.00%
DL4	0.00%	13.58%	41.97%	35.44%	9.00%	0.00%
DL5	-nan%	-nan%	-nan%	-nan%	-nan%	-nan%


Tabela Comparativa das Profundidades - Valores Absolutos (FRAME 12)
	AV1
HEVC	DL0	DL1	DL2	DL3	DL4	DL5
DL1	0	27044	1780	104	0	0
DL2	0	7370	24350	3852	332	0
DL3	0	1674	13806	21108	1892	0
DL4	0	912	6024	9336	3296	0
DL5	0	0	0	0	0	0
Tabela Comparativa das Profundidades - Porcentagens (FRAME 12)
	AV1
HEVC	DL0	DL1	DL2	DL3	DL4	DL5
DL1	0.00%	93.49%	6.15%	0.36%	0.00%	0.00%
DL2	0.00%	20.53%	67.82%	10.73%	0.92%	0.00%
DL3	0.00%	4.35%	35.88%	54.85%	4.92%	0.00%
DL4	0.00%	4.66%	30.78%	47.71%	16.84%	0.00%
DL5	-nan%	-nan%	-nan%	-nan%	-nan%	-nan%


Tabela Comparativa das Profundidades - Valores Absolutos (FRAME 13)
	AV1
HEVC	DL0	DL1	DL2	DL3	DL4	DL5
DL1	0	28608	2984	376	32	0
DL2	0	3088	26028	5504	260	0
DL3	0	1288	15420	19276	1888	0
DL4	0	528	6352	8444	2804	0
DL5	0	0	0	0	0	0
Tabela Comparativa das Profundidades - Porcentagens (FRAME 13)
	AV1
HEVC	DL0	DL1	DL2	DL3	DL4	DL5
DL1	0.00%	89.40%	9.32%	1.17%	0.10%	0.00%
DL2	0.00%	8.85%	74.62%	15.78%	0.75%	0.00%
DL3	0.00%	3.40%	40.72%	50.90%	4.99%	0.00%
DL4	0.00%	2.91%	35.04%	46.58%	15.47%	0.00%
DL5	-nan%	-nan%	-nan%	-nan%	-nan%	-nan%


Tabela Comparativa das Profundidades - Valores Absolutos (FRAME 14)
	AV1
HEVC	DL0	DL1	DL2	DL3	DL4	DL5
DL1	0	38506	4294	1488	0	0
DL2	0	6730	30050	4124	248	0
DL3	0	3410	10252	12650	760	0
DL4	0	1222	3662	4172	1312	0
DL5	0	0	0	0	0	0
Tabela Comparativa das Profundidades - Porcentagens (FRAME 14)
	AV1
HEVC	DL0	DL1	DL2	DL3	DL4	DL5
DL1	0.00%	86.94%	9.70%	3.36%	0.00%	0.00%
DL2	0.00%	16.35%	73.02%	10.02%	0.60%	0.00%
DL3	0.00%	12.60%	37.87%	46.73%	2.81%	0.00%
DL4	0.00%	11.79%	35.32%	40.24%	12.65%	0.00%
DL5	-nan%	-nan%	-nan%	-nan%	-nan%	-nan%


Tabela Comparativa das Profundidades - Valores Absolutos (FRAME 15)
	AV1
HEVC	DL0	DL1	DL2	DL3	DL4	DL5
DL1	0	46512	4440	760	0	0
DL2	0	9144	27408	4568	224	0
DL3	0	2790	9264	9394	568	0
DL4	0	1044	3196	3060	508	0
DL5	0	0	0	0	0	0
Tabela Comparativa das Profundidades - Porcentagens (FRAME 15)
	AV1
HEVC	DL0	DL1	DL2	DL3	DL4	DL5
DL1	0.00%	89.94%	8.59%	1.47%	0.00%	0.00%
DL2	0.00%	22.12%	66.29%	11.05%	0.54%	0.00%
DL3	0.00%	12.67%	42.08%	42.67%	2.58%	0.00%
DL4	0.00%	13.37%	40.93%	39.19%	6.51%	0.00%
DL5	-nan%	-nan%	-nan%	-nan%	-nan%	-nan%


Tabela Comparativa das Profundidades - Valores Absolutos (FRAME 16)
	AV1
HEVC	DL0	DL1	DL2	DL3	DL4	DL5
DL1	0	40620	4552	140	0	0
DL2	0	8542	31894	4572	112	0
DL3	0	2840	11292	9620	504	0
DL4	0	1216	3600	2612	764	0
DL5	0	0	0	0	0	0
Tabela Comparativa das Profundidades - Porcentagens (FRAME 16)
	AV1
HEVC	DL0	DL1	DL2	DL3	DL4	DL5
DL1	0.00%	89.65%	10.05%	0.31%	0.00%	0.00%
DL2	0.00%	18.93%	70.69%	10.13%	0.25%	0.00%
DL3	0.00%	11.71%	46.55%	39.66%	2.08%	0.00%
DL4	0.00%	14.84%	43.95%	31.88%	9.33%	0.00%
DL5	-nan%	-nan%	-nan%	-nan%	-nan%	-nan%


Tabela Comparativa das Profundidades - Valores Absolutos (FRAME 17)
	AV1
HEVC	DL0	DL1	DL2	DL3	DL4	DL5
DL1	0	23582	2580	462	0	0
DL2	0	4468	28674	5902	252	0
DL3	0	2428	13502	22542	1240	0
DL4	0	1124	5272	8388	2464	0
DL5	0	0	0	0	0	0
Tabela Comparativa das Profundidades - Porcentagens (FRAME 17)
	AV1
HEVC	DL0	DL1	DL2	DL3	DL4	DL5
DL1	0.00%	88.57%	9.69%	1.74%	0.00%	0.00%
DL2	0.00%	11.37%	72.97%	15.02%	0.64%	0.00%
DL3	0.00%	6.11%	34.00%	56.76%	3.12%	0.00%
DL4	0.00%	6.52%	30.57%	48.63%	14.29%	0.00%
DL5	-nan%	-nan%	-nan%	-nan%	-nan%	-nan%


Tabela Comparativa das Profundidades - Valores Absolutos (FRAME 18)
	AV1
HEVC	DL0	DL1	DL2	DL3	DL4	DL5
DL1	0	33930	4182	800	0	0
DL2	0	10690	36022	4512	104	0
DL3	0	2684	11800	8804	456	0
DL4	0	864	4540	2836	656	0
DL5	0	0	0	0	0	0
Tabela Comparativa das Profundidades - Porcentagens (FRAME 18)
	AV1
HEVC	DL0	DL1	DL2	DL3	DL4	DL5
DL1	0.00%	87.20%	10.75%	2.06%	0.00%	0.00%
DL2	0.00%	20.83%	70.18%	8.79%	0.20%	0.00%
DL3	0.00%	11.30%	49.70%	37.08%	1.92%	0.00%
DL4	0.00%	9.71%	51.03%	31.88%	7.37%	0.00%
DL5	-nan%	-nan%	-nan%	-nan%	-nan%	-nan%


Tabela Comparativa das Profundidades - Valores Absolutos (FRAME 19)
	AV1
HEVC	DL0	DL1	DL2	DL3	DL4	DL5
DL1	0	50176	5632	512	0	0
DL2	0	7168	30144	4288	64	0
DL3	0	2480	8512	9152	224	0
DL4	0	336	1664	1984	544	0
DL5	0	0	0	0	0	0
Tabela Comparativa das Profundidades - Porcentagens (FRAME 19)
	AV1
HEVC	DL0	DL1	DL2	DL3	DL4	DL5
DL1	0.00%	89.09%	10.00%	0.91%	0.00%	0.00%
DL2	0.00%	17.20%	72.35%	10.29%	0.15%	0.00%
DL3	0.00%	12.18%	41.79%	44.93%	1.10%	0.00%
DL4	0.00%	7.42%	36.75%	43.82%	12.01%	0.00%
DL5	-nan%	-nan%	-nan%	-nan%	-nan%	-nan%


Tabela Comparativa das Profundidades - Valores Absolutos (FRAME 20)
	AV1
HEVC	DL0	DL1	DL2	DL3	DL4	DL5
DL1	966	3034	1324	1220	368	0
DL2	984	2882	24866	4140	1624	0
DL3	520	1888	13716	9452	3848	0
DL4	280	1648	19358	17698	13064	0
DL5	0	0	0	0	0	0
Tabela Comparativa das Profundidades - Porcentagens (FRAME 20)
	AV1
HEVC	DL0	DL1	DL2	DL3	DL4	DL5
DL1	13.98%	43.89%	19.16%	17.65%	5.32%	0.00%
DL2	2.85%	8.35%	72.08%	12.00%	4.71%	0.00%
DL3	1.77%	6.42%	46.62%	32.12%	13.08%	0.00%
DL4	0.54%	3.17%	37.19%	34.00%	25.10%	0.00%
DL5	-nan%	-nan%	-nan%	-nan%	-nan%	-nan%


Tabela Comparativa das Profundidades - Valores Absolutos (FRAME 21)
	AV1
HEVC	DL0	DL1	DL2	DL3	DL4	DL5
DL1	0	11520	1472	320	0	0
DL2	0	6400	16636	3556	544	0
DL3	0	1776	15712	19960	3928	0
DL4	0	528	13752	19768	7008	0
DL5	0	0	0	0	0	0
Tabela Comparativa das Profundidades - Porcentagens (FRAME 21)
	AV1
HEVC	DL0	DL1	DL2	DL3	DL4	DL5
DL1	0.00%	86.54%	11.06%	2.40%	0.00%	0.00%
DL2	0.00%	23.58%	61.31%	13.10%	2.00%	0.00%
DL3	0.00%	4.29%	37.97%	48.24%	9.49%	0.00%
DL4	0.00%	1.29%	33.50%	48.15%	17.07%	0.00%
DL5	-nan%	-nan%	-nan%	-nan%	-nan%	-nan%


Tabela Comparativa das Profundidades - Valores Absolutos (FRAME 22)
	AV1
HEVC	DL0	DL1	DL2	DL3	DL4	DL5
DL1	0	17880	2788	324	0	0
DL2	0	6736	20364	5164	248	0
DL3	0	2200	13316	25844	1824	0
DL4	0	556	6580	15120	3936	0
DL5	0	0	0	0	0	0
Tabela Comparativa das Profundidades - Porcentagens (FRAME 22)
	AV1
HEVC	DL0	DL1	DL2	DL3	DL4	DL5
DL1	0.00%	85.18%	13.28%	1.54%	0.00%	0.00%
DL2	0.00%	20.72%	62.64%	15.88%	0.76%	0.00%
DL3	0.00%	5.09%	30.84%	59.85%	4.22%	0.00%
DL4	0.00%	2.12%	25.12%	57.73%	15.03%	0.00%
DL5	-nan%	-nan%	-nan%	-nan%	-nan%	-nan%


Tabela Comparativa das Profundidades - Valores Absolutos (FRAME 23)
	AV1
HEVC	DL0	DL1	DL2	DL3	DL4	DL5
DL1	0	23116	1604	368	0	0
DL2	0	8504	28080	4160	152	0
DL3	0	1936	17580	20052	1136	0
DL4	0	588	5988	7572	2044	0
DL5	0	0	0	0	0	0
Tabela Comparativa das Profundidades - Porcentagens (FRAME 23)
	AV1
HEVC	DL0	DL1	DL2	DL3	DL4	DL5
DL1	0.00%	92.14%	6.39%	1.47%	0.00%	0.00%
DL2	0.00%	20.79%	68.66%	10.17%	0.37%	0.00%
DL3	0.00%	4.76%	43.19%	49.26%	2.79%	0.00%
DL4	0.00%	3.63%	36.98%	46.76%	12.62%	0.00%
DL5	-nan%	-nan%	-nan%	-nan%	-nan%	-nan%


Tabela Comparativa das Profundidades - Valores Absolutos (FRAME 24)
	AV1
HEVC	DL0	DL1	DL2	DL3	DL4	DL5
DL1	0	39310	2030	604	40	0
DL2	0	7870	27298	3760	112	0
DL3	0	3052	12196	13824	944	0
DL4	0	1316	4104	4668	1752	0
DL5	0	0	0	0	0	0
Tabela Comparativa das Profundidades - Porcentagens (FRAME 24)
	AV1
HEVC	DL0	DL1	DL2	DL3	DL4	DL5
DL1	0.00%	93.63%	4.84%	1.44%	0.10%	0.00%
DL2	0.00%	20.16%	69.92%	9.63%	0.29%	0.00%
DL3	0.00%	10.17%	40.63%	46.06%	3.14%	0.00%
DL4	0.00%	11.11%	34.66%	39.43%	14.80%	0.00%
DL5	-nan%	-nan%	-nan%	-nan%	-nan%	-nan%


Tabela Comparativa das Profundidades - Valores Absolutos (FRAME 25)
	AV1
HEVC	DL0	DL1	DL2	DL3	DL4	DL5
DL1	0	44912	3216	752	16	0
DL2	0	8080	27440	4624	112	0
DL3	0	3240	11816	9856	496	0
DL4	0	936	3932	2900	552	0
DL5	0	0	0	0	0	0
Tabela Comparativa das Profundidades - Porcentagens (FRAME 25)
	AV1
HEVC	DL0	DL1	DL2	DL3	DL4	DL5
DL1	0.00%	91.85%	6.58%	1.54%	0.03%	0.00%
DL2	0.00%	20.07%	68.16%	11.49%	0.28%	0.00%
DL3	0.00%	12.75%	46.51%	38.79%	1.95%	0.00%
DL4	0.00%	11.25%	47.26%	34.86%	6.63%	0.00%
DL5	-nan%	-nan%	-nan%	-nan%	-nan%	-nan%


Tabela Comparativa das Profundidades - Valores Absolutos (FRAME 26)
	AV1
HEVC	DL0	DL1	DL2	DL3	DL4	DL5
DL1	1202	31950	2688	1504	32	0
DL2	708	6738	32682	5664	160	0
DL3	608	2620	12232	13932	656	0
DL4	340	1152	3552	3564	896	0
DL5	0	0	0	0	0	0
Tabela Comparativa das Profundidades - Porcentagens (FRAME 26)
	AV1
HEVC	DL0	DL1	DL2	DL3	DL4	DL5
DL1	3.22%	85.48%	7.19%	4.02%	0.09%	0.00%
DL2	1.54%	14.66%	71.12%	12.33%	0.35%	0.00%
DL3	2.02%	8.72%	40.71%	46.37%	2.18%	0.00%
DL4	3.58%	12.12%	37.37%	37.50%	9.43%	0.00%
DL5	-nan%	-nan%	-nan%	-nan%	-nan%	-nan%


Tabela Comparativa das Profundidades - Valores Absolutos (FRAME 27)
	AV1
HEVC	DL0	DL1	DL2	DL3	DL4	DL5
DL1	0	23820	2928	556	88	0
DL2	0	6568	26588	5224	212	0
DL3	0	3394	14152	20542	1416	0
DL4	0	1720	5032	8324	2316	0
DL5	0	0	0	0	0	0
Tabela Comparativa das Profundidades - Porcentagens (FRAME 27)
	AV1
HEVC	DL0	DL1	DL2	DL3	DL4	DL5
DL1	0.00%	86.96%	10.69%	2.03%	0.32%	0.00%
DL2	0.00%	17.02%	68.90%	13.54%	0.55%	0.00%
DL3	0.00%	8.59%	35.82%	52.00%	3.58%	0.00%
DL4	0.00%	9.89%	28.93%	47.86%	13.32%	0.00%
DL5	-nan%	-nan%	-nan%	-nan%	-nan%	-nan%


Tabela Comparativa das Profundidades - Valores Absolutos (FRAME 28)
	AV1
HEVC	DL0	DL1	DL2	DL3	DL4	DL5
DL1	0	46336	4032	800	32	0
DL2	0	5824	32064	4688	176	0
DL3	0	2384	9824	10368	384	0
DL4	0	240	2272	2528	928	0
DL5	0	0	0	0	0	0
Tabela Comparativa das Profundidades - Porcentagens (FRAME 28)
	AV1
HEVC	DL0	DL1	DL2	DL3	DL4	DL5
DL1	0.00%	90.50%	7.87%	1.56%	0.06%	0.00%
DL2	0.00%	13.62%	75.00%	10.97%	0.41%	0.00%
DL3	0.00%	10.38%	42.79%	45.16%	1.67%	0.00%
DL4	0.00%	4.02%	38.07%	42.36%	15.55%	0.00%
DL5	-nan%	-nan%	-nan%	-nan%	-nan%	-nan%


Tabela Comparativa das Profundidades - Valores Absolutos (FRAME 29)
	AV1
HEVC	DL0	DL1	DL2	DL3	DL4	DL5
DL1	0	47208	4752	1272	16	0
DL2	0	6484	29576	4108	216	0
DL3	0	2792	10380	8144	268	0
DL4	0	1076	3628	2224	736	0
DL5	0	0	0	0	0	0
Tabela Comparativa das Profundidades - Porcentagens (FRAME 29)
	AV1
HEVC	DL0	DL1	DL2	DL3	DL4	DL5
DL1	0.00%	88.66%	8.92%	2.39%	0.03%	0.00%
DL2	0.00%	16.06%	73.24%	10.17%	0.53%	0.00%
DL3	0.00%	12.94%	48.09%	37.73%	1.24%	0.00%
DL4	0.00%	14.04%	47.34%	29.02%	9.60%	0.00%
DL5	-nan%	-nan%	-nan%	-nan%	-nan%	-nan%


Tabela Comparativa das Profundidades - Valores Absolutos (FRAME 30)
	AV1
HEVC	DL0	DL1	DL2	DL3	DL4	DL5
DL1	0	33244	724	336	0	0
DL2	0	4943	18447	4122	200	0
DL3	0	2891	12827	20778	2304	0
DL4	0	1680	5312	10720	4352	0
DL5	0	0	0	0	0	0
Tabela Comparativa das Profundidades - Porcentagens (FRAME 30)
	AV1
HEVC	DL0	DL1	DL2	DL3	DL4	DL5
DL1	0.00%	96.91%	2.11%	0.98%	0.00%	0.00%
DL2	0.00%	17.84%	66.57%	14.87%	0.72%	0.00%
DL3	0.00%	7.45%	33.06%	53.55%	5.94%	0.00%
DL4	0.00%	7.61%	24.08%	48.59%	19.72%	0.00%
DL5	-nan%	-nan%	-nan%	-nan%	-nan%	-nan%


Tabela Comparativa das Profundidades - Valores Absolutos (FRAME 31)
	AV1
HEVC	DL0	DL1	DL2	DL3	DL4	DL5
DL1	0	30944	1240	456	128	0
DL2	0	7664	20842	3890	308	0
DL3	0	2714	14176	19750	1888	0
DL4	0	1384	5560	9176	2760	0
DL5	0	0	0	0	0	0
Tabela Comparativa das Profundidades - Porcentagens (FRAME 31)
	AV1
HEVC	DL0	DL1	DL2	DL3	DL4	DL5
DL1	0.00%	94.43%	3.78%	1.39%	0.39%	0.00%
DL2	0.00%	23.43%	63.73%	11.89%	0.94%	0.00%
DL3	0.00%	7.04%	36.79%	51.26%	4.90%	0.00%
DL4	0.00%	7.33%	29.45%	48.60%	14.62%	0.00%
DL5	-nan%	-nan%	-nan%	-nan%	-nan%	-nan%


Tabela Comparativa das Profundidades - Valores Absolutos (FRAME 32)
	AV1
HEVC	DL0	DL1	DL2	DL3	DL4	DL5
DL1	0	42556	2320	436	0	0
DL2	0	8088	27600	3584	152	0
DL3	0	3524	11412	11352	912	0
DL4	0	1356	3832	4324	1432	0
DL5	0	0	0	0	0	0
Tabela Comparativa das Profundidades - Porcentagens (FRAME 32)
	AV1
HEVC	DL0	DL1	DL2	DL3	DL4	DL5
DL1	0.00%	93.92%	5.12%	0.96%	0.00%	0.00%
DL2	0.00%	20.52%	70.01%	9.09%	0.39%	0.00%
DL3	0.00%	12.96%	41.96%	41.74%	3.35%	0.00%
DL4	0.00%	12.39%	35.01%	39.51%	13.08%	0.00%
DL5	-nan%	-nan%	-nan%	-nan%	-nan%	-nan%


Tabela Comparativa das Profundidades - Valores Absolutos (FRAME 33)
	AV1
HEVC	DL0	DL1	DL2	DL3	DL4	DL5
DL1	0	48000	3688	536	0	0
DL2	0	6226	27222	3592	80	0
DL3	0	3228	10462	10678	400	0
DL4	0	1228	3490	3510	540	0
DL5	0	0	0	0	0	0
Tabela Comparativa das Profundidades - Porcentagens (FRAME 33)
	AV1
HEVC	DL0	DL1	DL2	DL3	DL4	DL5
DL1	0.00%	91.91%	7.06%	1.03%	0.00%	0.00%
DL2	0.00%	16.77%	73.34%	9.68%	0.22%	0.00%
DL3	0.00%	13.03%	42.24%	43.11%	1.61%	0.00%
DL4	0.00%	14.01%	39.80%	40.03%	6.16%	0.00%
DL5	-nan%	-nan%	-nan%	-nan%	-nan%	-nan%


Tabela Comparativa das Profundidades - Valores Absolutos (FRAME 34)
	AV1
HEVC	DL0	DL1	DL2	DL3	DL4	DL5
DL1	0	41520	3980	68	0	0
DL2	0	5622	32830	3668	120	0
DL3	0	3220	12128	10500	392	0
DL4	0	1352	3592	3008	880	0
DL5	0	0	0	0	0	0
Tabela Comparativa das Profundidades - Porcentagens (FRAME 34)
	AV1
HEVC	DL0	DL1	DL2	DL3	DL4	DL5
DL1	0.00%	91.12%	8.73%	0.15%	0.00%	0.00%
DL2	0.00%	13.31%	77.72%	8.68%	0.28%	0.00%
DL3	0.00%	12.27%	46.22%	40.02%	1.49%	0.00%
DL4	0.00%	15.31%	40.67%	34.06%	9.96%	0.00%
DL5	-nan%	-nan%	-nan%	-nan%	-nan%	-nan%


Tabela Comparativa das Profundidades - Valores Absolutos (FRAME 35)
	AV1
HEVC	DL0	DL1	DL2	DL3	DL4	DL5
DL1	0	27352	1840	440	64	0
DL2	0	6186	27214	4648	224	0
DL3	0	2720	13784	21348	1412	0
DL4	0	1168	4532	6872	3076	0
DL5	0	0	0	0	0	0
Tabela Comparativa das Profundidades - Porcentagens (FRAME 35)
	AV1
HEVC	DL0	DL1	DL2	DL3	DL4	DL5
DL1	0.00%	92.11%	6.20%	1.48%	0.22%	0.00%
DL2	0.00%	16.16%	71.11%	12.14%	0.59%	0.00%
DL3	0.00%	6.93%	35.11%	54.37%	3.60%	0.00%
DL4	0.00%	7.46%	28.96%	43.92%	19.66%	0.00%
DL5	-nan%	-nan%	-nan%	-nan%	-nan%	-nan%


Tabela Comparativa das Profundidades - Valores Absolutos (FRAME 36)
	AV1
HEVC	DL0	DL1	DL2	DL3	DL4	DL5
DL1	0	34720	4080	584	40	0
DL2	0	6628	33648	4600	308	0
DL3	0	2508	11568	13404	696	0
DL4	0	1436	3712	3908	1040	0
DL5	0	0	0	0	0	0
Tabela Comparativa das Profundidades - Porcentagens (FRAME 36)
	AV1
HEVC	DL0	DL1	DL2	DL3	DL4	DL5
DL1	0.00%	88.07%	10.35%	1.48%	0.10%	0.00%
DL2	0.00%	14.67%	74.47%	10.18%	0.68%	0.00%
DL3	0.00%	8.90%	41.06%	47.57%	2.47%	0.00%
DL4	0.00%	14.22%	36.77%	38.71%	10.30%	0.00%
DL5	-nan%	-nan%	-nan%	-nan%	-nan%	-nan%


Tabela Comparativa das Profundidades - Valores Absolutos (FRAME 37)
	AV1
HEVC	DL0	DL1	DL2	DL3	DL4	DL5
DL1	0	52224	4096	512	0	0
DL2	0	6400	29184	2912	96	0
DL3	0	1728	8832	10240	544	0
DL4	0	320	2240	2512	1040	0
DL5	0	0	0	0	0	0
Tabela Comparativa das Profundidades - Porcentagens (FRAME 37)
	AV1
HEVC	DL0	DL1	DL2	DL3	DL4	DL5
DL1	0.00%	91.89%	7.21%	0.90%	0.00%	0.00%
DL2	0.00%	16.58%	75.62%	7.55%	0.25%	0.00%
DL3	0.00%	8.10%	41.38%	47.98%	2.55%	0.00%
DL4	0.00%	5.24%	36.65%	41.10%	17.02%	0.00%
DL5	-nan%	-nan%	-nan%	-nan%	-nan%	-nan%


Tabela Comparativa das Profundidades - Valores Absolutos (FRAME 38)
	AV1
HEVC	DL0	DL1	DL2	DL3	DL4	DL5
DL1	0	7712	1340	164	0	0
DL2	0	7556	18736	3208	516	0
DL3	0	3808	15308	18672	3380	0
DL4	0	1500	12856	19932	8192	0
DL5	0	0	0	0	0	0
Tabela Comparativa das Profundidades - Porcentagens (FRAME 38)
	AV1
HEVC	DL0	DL1	DL2	DL3	DL4	DL5
DL1	0.00%	83.68%	14.54%	1.78%	0.00%	0.00%
DL2	0.00%	25.17%	62.42%	10.69%	1.72%	0.00%
DL3	0.00%	9.25%	37.18%	45.36%	8.21%	0.00%
DL4	0.00%	3.53%	30.26%	46.92%	19.28%	0.00%
DL5	-nan%	-nan%	-nan%	-nan%	-nan%	-nan%


Tabela Comparativa das Profundidades - Valores Absolutos (FRAME 39)
	AV1
HEVC	DL0	DL1	DL2	DL3	DL4	DL5
DL1	0	16128	1792	0	0	0
DL2	0	6528	14220	2932	384	0
DL3	0	3136	16586	21214	3352	0
DL4	0	832	10394	18818	6564	0
DL5	0	0	0	0	0	0
Tabela Comparativa das Profundidades - Porcentagens (FRAME 39)
	AV1
HEVC	DL0	DL1	DL2	DL3	DL4	DL5
DL1	0.00%	90.00%	10.00%	0.00%	0.00%	0.00%
DL2	0.00%	27.13%	59.09%	12.18%	1.60%	0.00%
DL3	0.00%	7.08%	37.45%	47.90%	7.57%	0.00%
DL4	0.00%	2.27%	28.39%	51.40%	17.93%	0.00%
DL5	-nan%	-nan%	-nan%	-nan%	-nan%	-nan%


Tabela Comparativa das Profundidades - Valores Absolutos (FRAME 40)
	AV1
HEVC	DL0	DL1	DL2	DL3	DL4	DL5
DL1	0	23296	1648	144	0	0
DL2	0	6656	17372	3280	340	0
DL3	0	2944	14168	22192	2568	0
DL4	0	1012	6780	15076	5404	0
DL5	0	0	0	0	0	0
Tabela Comparativa das Profundidades - Porcentagens (FRAME 40)
	AV1
HEVC	DL0	DL1	DL2	DL3	DL4	DL5
DL1	0.00%	92.86%	6.57%	0.57%	0.00%	0.00%
DL2	0.00%	24.07%	62.83%	11.86%	1.23%	0.00%
DL3	0.00%	7.03%	33.84%	53.00%	6.13%	0.00%
DL4	0.00%	3.58%	23.98%	53.32%	19.11%	0.00%
DL5	-nan%	-nan%	-nan%	-nan%	-nan%	-nan%


Tabela Comparativa das Profundidades - Valores Absolutos (FRAME 41)
	AV1
HEVC	DL0	DL1	DL2	DL3	DL4	DL5
DL1	0	29528	2320	648	16	0
DL2	0	6280	24028	4484	88	0
DL3	0	2064	15012	19856	1260	0
DL4	0	668	5424	9056	2148	0
DL5	0	0	0	0	0	0
Tabela Comparativa das Profundidades - Porcentagens (FRAME 41)
	AV1
HEVC	DL0	DL1	DL2	DL3	DL4	DL5
DL1	0.00%	90.82%	7.14%	1.99%	0.05%	0.00%
DL2	0.00%	18.00%	68.89%	12.86%	0.25%	0.00%
DL3	0.00%	5.40%	39.31%	51.99%	3.30%	0.00%
DL4	0.00%	3.86%	31.36%	52.36%	12.42%	0.00%
DL5	-nan%	-nan%	-nan%	-nan%	-nan%	-nan%


Tabela Comparativa das Profundidades - Valores Absolutos (FRAME 42)
	AV1
HEVC	DL0	DL1	DL2	DL3	DL4	DL5
DL1	0	37908	2156	128	0	0
DL2	0	9584	26708	3604	104	0
DL3	0	3052	12740	12952	1224	0
DL4	0	1196	4444	5408	1672	0
DL5	0	0	0	0	0	0
Tabela Comparativa das Profundidades - Porcentagens (FRAME 42)
	AV1
HEVC	DL0	DL1	DL2	DL3	DL4	DL5
DL1	0.00%	94.32%	5.36%	0.32%	0.00%	0.00%
DL2	0.00%	23.96%	66.77%	9.01%	0.26%	0.00%
DL3	0.00%	10.18%	42.51%	43.22%	4.08%	0.00%
DL4	0.00%	9.40%	34.94%	42.52%	13.14%	0.00%
DL5	-nan%	-nan%	-nan%	-nan%	-nan%	-nan%


Tabela Comparativa das Profundidades - Valores Absolutos (FRAME 43)
	AV1
HEVC	DL0	DL1	DL2	DL3	DL4	DL5
DL1	4096	43200	3648	512	0	0
DL2	0	7984	27792	4584	152	0
DL3	0	2528	11100	8628	400	0
DL4	0	1184	3932	2844	296	0
DL5	0	0	0	0	0	0
Tabela Comparativa das Profundidades - Porcentagens (FRAME 43)
	AV1
HEVC	DL0	DL1	DL2	DL3	DL4	DL5
DL1	7.96%	83.96%	7.09%	1.00%	0.00%	0.00%
DL2	0.00%	19.71%	68.60%	11.32%	0.38%	0.00%
DL3	0.00%	11.16%	48.99%	38.08%	1.77%	0.00%
DL4	0.00%	14.34%	47.63%	34.45%	3.59%	0.00%
DL5	-nan%	-nan%	-nan%	-nan%	-nan%	-nan%


Tabela Comparativa das Profundidades - Valores Absolutos (FRAME 44)
	AV1
HEVC	DL0	DL1	DL2	DL3	DL4	DL5
DL1	1252	39116	3984	912	48	0
DL2	500	7500	32784	3872	80	0
DL3	184	2504	11552	10468	380	0
DL4	144	1060	3848	2320	372	0
DL5	0	0	0	0	0	0
Tabela Comparativa das Profundidades - Porcentagens (FRAME 44)
	AV1
HEVC	DL0	DL1	DL2	DL3	DL4	DL5
DL1	2.76%	86.33%	8.79%	2.01%	0.11%	0.00%
DL2	1.12%	16.77%	73.28%	8.66%	0.18%	0.00%
DL3	0.73%	9.98%	46.05%	41.73%	1.51%	0.00%
DL4	1.86%	13.69%	49.69%	29.96%	4.80%	0.00%
DL5	-nan%	-nan%	-nan%	-nan%	-nan%	-nan%


Tabela Comparativa das Profundidades - Valores Absolutos (FRAME 45)
	AV1
HEVC	DL0	DL1	DL2	DL3	DL4	DL5
DL1	0	20180	3800	340	0	0
DL2	0	7676	28948	5200	224	0
DL3	0	3710	15144	20870	1028	0
DL4	0	1480	4800	7704	1776	0
DL5	0	0	0	0	0	0
Tabela Comparativa das Profundidades - Porcentagens (FRAME 45)
	AV1
HEVC	DL0	DL1	DL2	DL3	DL4	DL5
DL1	0.00%	82.98%	15.62%	1.40%	0.00%	0.00%
DL2	0.00%	18.26%	68.85%	12.37%	0.53%	0.00%
DL3	0.00%	9.10%	37.16%	51.21%	2.52%	0.00%
DL4	0.00%	9.39%	30.46%	48.88%	11.27%	0.00%
DL5	-nan%	-nan%	-nan%	-nan%	-nan%	-nan%


Tabela Comparativa das Profundidades - Valores Absolutos (FRAME 46)
	AV1
HEVC	DL0	DL1	DL2	DL3	DL4	DL5
DL1	0	49408	5184	400	48	0
DL2	0	6784	30144	3088	176	0
DL3	0	1504	10496	8960	576	0
DL4	0	416	2624	2384	688	0
DL5	0	0	0	0	0	0
Tabela Comparativa das Profundidades - Porcentagens (FRAME 46)
	AV1
HEVC	DL0	DL1	DL2	DL3	DL4	DL5
DL1	0.00%	89.77%	9.42%	0.73%	0.09%	0.00%
DL2	0.00%	16.88%	75.00%	7.68%	0.44%	0.00%
DL3	0.00%	6.98%	48.74%	41.60%	2.67%	0.00%
DL4	0.00%	6.81%	42.93%	39.01%	11.26%	0.00%
DL5	-nan%	-nan%	-nan%	-nan%	-nan%	-nan%


Tabela Comparativa das Profundidades - Valores Absolutos (FRAME 47)
	AV1
HEVC	DL0	DL1	DL2	DL3	DL4	DL5
DL1	0	43066	3406	360	16	0
DL2	0	8378	30492	3082	224	0
DL3	0	3896	11386	9222	600	0
DL4	0	1176	3904	2848	824	0
DL5	0	0	0	0	0	0
Tabela Comparativa das Profundidades - Porcentagens (FRAME 47)
	AV1
HEVC	DL0	DL1	DL2	DL3	DL4	DL5
DL1	0.00%	91.93%	7.27%	0.77%	0.03%	0.00%
DL2	0.00%	19.86%	72.30%	7.31%	0.53%	0.00%
DL3	0.00%	15.52%	45.36%	36.74%	2.39%	0.00%
DL4	0.00%	13.44%	44.61%	32.54%	9.41%	0.00%
DL5	-nan%	-nan%	-nan%	-nan%	-nan%	-nan%


Tabela Comparativa das Profundidades - Valores Absolutos (FRAME 48)
	AV1
HEVC	DL0	DL1	DL2	DL3	DL4	DL5
DL1	0	32080	3664	352	0	0
DL2	0	6256	20552	2208	168	0
DL3	0	3312	12384	19336	2088	0
DL4	0	1232	5392	10096	3760	0
DL5	0	0	0	0	0	0
Tabela Comparativa das Profundidades - Porcentagens (FRAME 48)
	AV1
HEVC	DL0	DL1	DL2	DL3	DL4	DL5
DL1	0.00%	88.87%	10.15%	0.98%	0.00%	0.00%
DL2	0.00%	21.44%	70.42%	7.57%	0.58%	0.00%
DL3	0.00%	8.92%	33.36%	52.09%	5.62%	0.00%
DL4	0.00%	6.02%	26.33%	49.30%	18.36%	0.00%
DL5	-nan%	-nan%	-nan%	-nan%	-nan%	-nan%


Tabela Comparativa das Profundidades - Valores Absolutos (FRAME 49)
	AV1
HEVC	DL0	DL1	DL2	DL3	DL4	DL5
DL1	2048	26836	2928	188	0	0
DL2	0	7880	24588	3468	96	0
DL3	0	4288	14064	20168	1000	0
DL4	0	1204	4508	7448	2168	0
DL5	0	0	0	0	0	0
Tabela Comparativa das Profundidades - Porcentagens (FRAME 49)
	AV1
HEVC	DL0	DL1	DL2	DL3	DL4	DL5
DL1	6.40%	83.86%	9.15%	0.59%	0.00%	0.00%
DL2	0.00%	21.87%	68.24%	9.62%	0.27%	0.00%
DL3	0.00%	10.85%	35.59%	51.03%	2.53%	0.00%
DL4	0.00%	7.85%	29.41%	48.59%	14.14%	0.00%
DL5	-nan%	-nan%	-nan%	-nan%	-nan%	-nan%


Tabela Comparativa das Profundidades - Valores Absolutos (FRAME 50)
	AV1
HEVC	DL0	DL1	DL2	DL3	DL4	DL5
DL1	0	40080	3888	576	0	0
DL2	0	10228	26498	4958	172	0
DL3	0	3316	10848	12196	728	0
DL4	0	948	3440	3956	1048	0
DL5	0	0	0	0	0	0
Tabela Comparativa das Profundidades - Porcentagens (FRAME 50)
	AV1
HEVC	DL0	DL1	DL2	DL3	DL4	DL5
DL1	0.00%	89.98%	8.73%	1.29%	0.00%	0.00%
DL2	0.00%	24.44%	63.31%	11.85%	0.41%	0.00%
DL3	0.00%	12.24%	40.05%	45.02%	2.69%	0.00%
DL4	0.00%	10.09%	36.63%	42.12%	11.16%	0.00%
DL5	-nan%	-nan%	-nan%	-nan%	-nan%	-nan%


Tabela Comparativa das Profundidades - Valores Absolutos (FRAME 51)
	AV1
HEVC	DL0	DL1	DL2	DL3	DL4	DL5
DL1	0	52672	5296	144	0	0
DL2	0	6524	24980	3128	56	0
DL3	0	3020	8508	10104	400	0
DL4	0	992	3696	2624	736	0
DL5	0	0	0	0	0	0
Tabela Comparativa das Profundidades - Porcentagens (FRAME 51)
	AV1
HEVC	DL0	DL1	DL2	DL3	DL4	DL5
DL1	0.00%	90.64%	9.11%	0.25%	0.00%	0.00%
DL2	0.00%	18.81%	72.01%	9.02%	0.16%	0.00%
DL3	0.00%	13.71%	38.62%	45.86%	1.82%	0.00%
DL4	0.00%	12.33%	45.92%	32.60%	9.15%	0.00%
DL5	-nan%	-nan%	-nan%	-nan%	-nan%	-nan%


Tabela Comparativa das Profundidades - Valores Absolutos (FRAME 52)
	AV1
HEVC	DL0	DL1	DL2	DL3	DL4	DL5
DL1	0	44548	3944	148	0	0
DL2	0	9336	28408	4192	112	0
DL3	0	2964	9952	10916	376	0
DL4	0	1332	2952	3124	576	0
DL5	0	0	0	0	0	0
Tabela Comparativa das Profundidades - Porcentagens (FRAME 52)
	AV1
HEVC	DL0	DL1	DL2	DL3	DL4	DL5
DL1	0.00%	91.59%	8.11%	0.30%	0.00%	0.00%
DL2	0.00%	22.20%	67.56%	9.97%	0.27%	0.00%
DL3	0.00%	12.24%	41.11%	45.09%	1.55%	0.00%
DL4	0.00%	16.68%	36.97%	39.13%	7.21%	0.00%
DL5	-nan%	-nan%	-nan%	-nan%	-nan%	-nan%


Tabela Comparativa das Profundidades - Valores Absolutos (FRAME 53)
	AV1
HEVC	DL0	DL1	DL2	DL3	DL4	DL5
DL1	1024	24600	1948	588	0	0
DL2	0	5136	27656	5600	72	0
DL3	0	2194	15122	21932	1120	0
DL4	0	964	5136	7656	2132	0
DL5	0	0	0	0	0	0
Tabela Comparativa das Profundidades - Porcentagens (FRAME 53)
	AV1
HEVC	DL0	DL1	DL2	DL3	DL4	DL5
DL1	3.64%	87.36%	6.92%	2.09%	0.00%	0.00%
DL2	0.00%	13.35%	71.90%	14.56%	0.19%	0.00%
DL3	0.00%	5.43%	37.46%	54.33%	2.77%	0.00%
DL4	0.00%	6.07%	32.33%	48.19%	13.42%	0.00%
DL5	-nan%	-nan%	-nan%	-nan%	-nan%	-nan%


Tabela Comparativa das Profundidades - Valores Absolutos (FRAME 54)
	AV1
HEVC	DL0	DL1	DL2	DL3	DL4	DL5
DL1	0	34704	3680	528	0	0
DL2	0	8180	34188	4864	192	0
DL3	0	3560	11540	11820	552	0
DL4	0	1464	3716	3052	840	0
DL5	0	0	0	0	0	0
Tabela Comparativa das Profundidades - Porcentagens (FRAME 54)
	AV1
HEVC	DL0	DL1	DL2	DL3	DL4	DL5
DL1	0.00%	89.19%	9.46%	1.36%	0.00%	0.00%
DL2	0.00%	17.25%	72.09%	10.26%	0.40%	0.00%
DL3	0.00%	12.96%	42.01%	43.03%	2.01%	0.00%
DL4	0.00%	16.14%	40.96%	33.64%	9.26%	0.00%
DL5	-nan%	-nan%	-nan%	-nan%	-nan%	-nan%


Tabela Comparativa das Profundidades - Valores Absolutos (FRAME 55)
	AV1
HEVC	DL0	DL1	DL2	DL3	DL4	DL5
DL1	0	50688	4672	448	0	0
DL2	0	9088	31232	3360	32	0
DL3	0	1824	8544	7424	448	0
DL4	0	352	2080	2112	576	0
DL5	0	0	0	0	0	0
Tabela Comparativa das Profundidades - Porcentagens (FRAME 55)
	AV1
HEVC	DL0	DL1	DL2	DL3	DL4	DL5
DL1	0.00%	90.83%	8.37%	0.80%	0.00%	0.00%
DL2	0.00%	20.79%	71.45%	7.69%	0.07%	0.00%
DL3	0.00%	10.00%	46.84%	40.70%	2.46%	0.00%
DL4	0.00%	6.88%	40.62%	41.25%	11.25%	0.00%
DL5	-nan%	-nan%	-nan%	-nan%	-nan%	-nan%


Tabela Comparativa das Profundidades - Valores Absolutos (FRAME 56)
	AV1
HEVC	DL0	DL1	DL2	DL3	DL4	DL5
DL1	0	6964	2220	512	32	0
DL2	0	5116	23372	2824	560	0
DL3	0	2140	15964	18688	4072	0
DL4	0	856	11812	18700	9048	0
DL5	0	0	0	0	0	0
Tabela Comparativa das Profundidades - Porcentagens (FRAME 56)
	AV1
HEVC	DL0	DL1	DL2	DL3	DL4	DL5
DL1	0.00%	71.59%	22.82%	5.26%	0.33%	0.00%
DL2	0.00%	16.05%	73.33%	8.86%	1.76%	0.00%
DL3	0.00%	5.24%	39.07%	45.73%	9.96%	0.00%
DL4	0.00%	2.12%	29.23%	46.27%	22.39%	0.00%
DL5	-nan%	-nan%	-nan%	-nan%	-nan%	-nan%


Tabela Comparativa das Profundidades - Valores Absolutos (FRAME 57)
	AV1
HEVC	DL0	DL1	DL2	DL3	DL4	DL5
DL1	0	21504	1272	8	0	0
DL2	0	4572	20854	4046	224	0
DL3	0	2036	15854	24766	2288	0
DL4	0	608	8032	13010	3806	0
DL5	0	0	0	0	0	0
Tabela Comparativa das Profundidades - Porcentagens (FRAME 57)
	AV1
HEVC	DL0	DL1	DL2	DL3	DL4	DL5
DL1	0.00%	94.38%	5.58%	0.04%	0.00%	0.00%
DL2	0.00%	15.40%	70.22%	13.62%	0.75%	0.00%
DL3	0.00%	4.53%	35.28%	55.10%	5.09%	0.00%
DL4	0.00%	2.39%	31.55%	51.11%	14.95%	0.00%
DL5	-nan%	-nan%	-nan%	-nan%	-nan%	-nan%


Tabela Comparativa das Profundidades - Valores Absolutos (FRAME 58)
	AV1
HEVC	DL0	DL1	DL2	DL3	DL4	DL5
DL1	0	31808	1792	400	48	0
DL2	0	6732	26764	4688	152	0
DL3	0	2812	13494	16594	1404	0
DL4	0	1156	5906	7068	2062	0
DL5	0	0	0	0	0	0
Tabela Comparativa das Profundidades - Porcentagens (FRAME 58)
	AV1
HEVC	DL0	DL1	DL2	DL3	DL4	DL5
DL1	0.00%	93.42%	5.26%	1.17%	0.14%	0.00%
DL2	0.00%	17.56%	69.81%	12.23%	0.40%	0.00%
DL3	0.00%	8.20%	39.34%	48.37%	4.09%	0.00%
DL4	0.00%	7.14%	36.47%	43.65%	12.73%	0.00%
DL5	-nan%	-nan%	-nan%	-nan%	-nan%	-nan%


Tabela Comparativa das Profundidades - Valores Absolutos (FRAME 59)
	AV1
HEVC	DL0	DL1	DL2	DL3	DL4	DL5
DL1	0	42132	3364	1080	16	0
DL2	0	8048	26304	4640	48	0
DL3	0	2896	12216	11526	578	0
DL4	0	1044	3948	3752	1288	0
DL5	0	0	0	0	0	0
Tabela Comparativa das Profundidades - Porcentagens (FRAME 59)
	AV1
HEVC	DL0	DL1	DL2	DL3	DL4	DL5
DL1	0.00%	90.43%	7.22%	2.32%	0.03%	0.00%
DL2	0.00%	20.61%	67.38%	11.89%	0.12%	0.00%
DL3	0.00%	10.64%	44.89%	42.35%	2.12%	0.00%
DL4	0.00%	10.41%	39.35%	37.40%	12.84%	0.00%
DL5	-nan%	-nan%	-nan%	-nan%	-nan%	-nan%


Tabela Comparativa das Profundidades - Valores Absolutos (FRAME 60)
	AV1
HEVC	DL0	DL1	DL2	DL3	DL4	DL5
DL1	0	46604	5800	764	80	0
DL2	0	6984	31340	3516	80	0
DL3	0	2092	10344	8004	392	0
DL4	0	872	3012	2260	736	0
DL5	0	0	0	0	0	0
Tabela Comparativa das Profundidades - Porcentagens (FRAME 60)
	AV1
HEVC	DL0	DL1	DL2	DL3	DL4	DL5
DL1	0.00%	87.52%	10.89%	1.43%	0.15%	0.00%
DL2	0.00%	16.66%	74.76%	8.39%	0.19%	0.00%
DL3	0.00%	10.04%	49.65%	38.42%	1.88%	0.00%
DL4	0.00%	12.67%	43.78%	32.85%	10.70%	0.00%
DL5	-nan%	-nan%	-nan%	-nan%	-nan%	-nan%


