Tabela Comparativa das Profundidades - Valores Absolutos (FRAME  1)
	AV1
HEVC	DL0	DL1	DL2	DL3	DL4	DL5
DL1	0	0	0	0	0	0
DL2	0	0	4352	2464	3360	0
DL3	0	0	1504	7984	11424	0
DL4	0	0	4128	12672	74992	0
DL5	0	0	0	0	0	0
Tabela Comparativa das Profundidades - Porcentagens (FRAME  1)
	AV1
HEVC	DL0	DL1	DL2	DL3	DL4	DL5
DL1	-nan%	-nan%	-nan%	-nan%	-nan%	-nan%
DL2	0.00%	0.00%	42.77%	24.21%	33.02%	0.00%
DL3	0.00%	0.00%	7.19%	38.18%	54.63%	0.00%
DL4	0.00%	0.00%	4.50%	13.81%	81.70%	0.00%
DL5	-nan%	-nan%	-nan%	-nan%	-nan%	-nan%


Tabela Comparativa das Profundidades - Valores Absolutos (FRAME  2)
	AV1
HEVC	DL0	DL1	DL2	DL3	DL4	DL5
DL1	0	512	0	176	80	0
DL2	0	996	16514	5912	3522	0
DL3	0	1646	6286	9638	5774	0
DL4	0	3158	16894	23812	27960	0
DL5	0	0	0	0	0	0
Tabela Comparativa das Profundidades - Porcentagens (FRAME  2)
	AV1
HEVC	DL0	DL1	DL2	DL3	DL4	DL5
DL1	0.00%	66.67%	0.00%	22.92%	10.42%	0.00%
DL2	0.00%	3.70%	61.29%	21.94%	13.07%	0.00%
DL3	0.00%	7.05%	26.93%	41.29%	24.73%	0.00%
DL4	0.00%	4.40%	23.52%	33.15%	38.93%	0.00%
DL5	-nan%	-nan%	-nan%	-nan%	-nan%	-nan%


Tabela Comparativa das Profundidades - Valores Absolutos (FRAME  3)
	AV1
HEVC	DL0	DL1	DL2	DL3	DL4	DL5
DL1	0	0	384	32	96	0
DL2	0	0	18158	5570	3216	0
DL3	0	176	11656	11168	4872	0
DL4	0	168	22184	23008	22192	0
DL5	0	0	0	0	0	0
Tabela Comparativa das Profundidades - Porcentagens (FRAME  3)
	AV1
HEVC	DL0	DL1	DL2	DL3	DL4	DL5
DL1	0.00%	0.00%	75.00%	6.25%	18.75%	0.00%
DL2	0.00%	0.00%	67.39%	20.67%	11.94%	0.00%
DL3	0.00%	0.63%	41.82%	40.07%	17.48%	0.00%
DL4	0.00%	0.25%	32.84%	34.06%	32.85%	0.00%
DL5	-nan%	-nan%	-nan%	-nan%	-nan%	-nan%


Tabela Comparativa das Profundidades - Valores Absolutos (FRAME  4)
	AV1
HEVC	DL0	DL1	DL2	DL3	DL4	DL5
DL1	0	648	1344	304	8	0
DL2	0	1036	28500	10312	2200	0
DL3	0	736	13820	17804	4296	0
DL4	0	836	14304	17228	9504	0
DL5	0	0	0	0	0	0
Tabela Comparativa das Profundidades - Porcentagens (FRAME  4)
	AV1
HEVC	DL0	DL1	DL2	DL3	DL4	DL5
DL1	0.00%	28.12%	58.33%	13.19%	0.35%	0.00%
DL2	0.00%	2.46%	67.78%	24.52%	5.23%	0.00%
DL3	0.00%	2.01%	37.70%	48.57%	11.72%	0.00%
DL4	0.00%	2.00%	34.16%	41.14%	22.70%	0.00%
DL5	-nan%	-nan%	-nan%	-nan%	-nan%	-nan%


Tabela Comparativa das Profundidades - Valores Absolutos (FRAME  5)
	AV1
HEVC	DL0	DL1	DL2	DL3	DL4	DL5
DL1	0	256	192	192	128	0
DL2	0	692	28156	7056	1216	0
DL3	0	544	24928	23720	3176	0
DL4	0	488	12668	14034	5434	0
DL5	0	0	0	0	0	0
Tabela Comparativa das Profundidades - Porcentagens (FRAME  5)
	AV1
HEVC	DL0	DL1	DL2	DL3	DL4	DL5
DL1	0.00%	33.33%	25.00%	25.00%	16.67%	0.00%
DL2	0.00%	1.86%	75.85%	19.01%	3.28%	0.00%
DL3	0.00%	1.04%	47.60%	45.29%	6.06%	0.00%
DL4	0.00%	1.50%	38.83%	43.02%	16.66%	0.00%
DL5	-nan%	-nan%	-nan%	-nan%	-nan%	-nan%


Tabela Comparativa das Profundidades - Valores Absolutos (FRAME  6)
	AV1
HEVC	DL0	DL1	DL2	DL3	DL4	DL5
DL1	0	1012	1276	8	8	0
DL2	0	2536	20708	7208	588	0
DL3	0	1404	18232	35900	2960	0
DL4	0	956	10504	15348	4232	0
DL5	0	0	0	0	0	0
Tabela Comparativa das Profundidades - Porcentagens (FRAME  6)
	AV1
HEVC	DL0	DL1	DL2	DL3	DL4	DL5
DL1	0.00%	43.92%	55.38%	0.35%	0.35%	0.00%
DL2	0.00%	8.17%	66.71%	23.22%	1.89%	0.00%
DL3	0.00%	2.40%	31.17%	61.37%	5.06%	0.00%
DL4	0.00%	3.08%	33.84%	49.45%	13.63%	0.00%
DL5	-nan%	-nan%	-nan%	-nan%	-nan%	-nan%


Tabela Comparativa das Profundidades - Valores Absolutos (FRAME  7)
	AV1
HEVC	DL0	DL1	DL2	DL3	DL4	DL5
DL1	0	1748	1288	788	16	0
DL2	0	1476	14472	7852	712	0
DL3	0	1836	18336	42024	3260	0
DL4	0	800	9340	15612	3320	0
DL5	0	0	0	0	0	0
Tabela Comparativa das Profundidades - Porcentagens (FRAME  7)
	AV1
HEVC	DL0	DL1	DL2	DL3	DL4	DL5
DL1	0.00%	45.52%	33.54%	20.52%	0.42%	0.00%
DL2	0.00%	6.02%	59.04%	32.03%	2.90%	0.00%
DL3	0.00%	2.80%	28.01%	64.20%	4.98%	0.00%
DL4	0.00%	2.75%	32.13%	53.70%	11.42%	0.00%
DL5	-nan%	-nan%	-nan%	-nan%	-nan%	-nan%


Tabela Comparativa das Profundidades - Valores Absolutos (FRAME  8)
	AV1
HEVC	DL0	DL1	DL2	DL3	DL4	DL5
DL1	0	2552	1216	72	0	0
DL2	0	2266	20694	8024	888	0
DL3	0	2068	18762	40834	3376	0
DL4	0	700	5884	12568	2976	0
DL5	0	0	0	0	0	0
Tabela Comparativa das Profundidades - Porcentagens (FRAME  8)
	AV1
HEVC	DL0	DL1	DL2	DL3	DL4	DL5
DL1	0.00%	66.46%	31.67%	1.88%	0.00%	0.00%
DL2	0.00%	7.11%	64.93%	25.18%	2.79%	0.00%
DL3	0.00%	3.18%	28.85%	62.78%	5.19%	0.00%
DL4	0.00%	3.16%	26.59%	56.80%	13.45%	0.00%
DL5	-nan%	-nan%	-nan%	-nan%	-nan%	-nan%


Tabela Comparativa das Profundidades - Valores Absolutos (FRAME  9)
	AV1
HEVC	DL0	DL1	DL2	DL3	DL4	DL5
DL1	0	512	256	0	0	0
DL2	0	740	20580	11152	1576	0
DL3	0	1736	19292	33296	4124	0
DL4	0	1056	9136	15172	4252	0
DL5	0	0	0	0	0	0
Tabela Comparativa das Profundidades - Porcentagens (FRAME  9)
	AV1
HEVC	DL0	DL1	DL2	DL3	DL4	DL5
DL1	0.00%	66.67%	33.33%	0.00%	0.00%	0.00%
DL2	0.00%	2.17%	60.44%	32.75%	4.63%	0.00%
DL3	0.00%	2.97%	33.01%	56.97%	7.06%	0.00%
DL4	0.00%	3.57%	30.85%	51.23%	14.36%	0.00%
DL5	-nan%	-nan%	-nan%	-nan%	-nan%	-nan%


Tabela Comparativa das Profundidades - Valores Absolutos (FRAME 10)
	AV1
HEVC	DL0	DL1	DL2	DL3	DL4	DL5
DL1	0	3072	768	256	0	0
DL2	0	1408	17920	10480	1296	0
DL3	0	960	18032	41088	5440	0
DL4	0	192	5648	11664	4656	0
DL5	0	0	0	0	0	0
Tabela Comparativa das Profundidades - Porcentagens (FRAME 10)
	AV1
HEVC	DL0	DL1	DL2	DL3	DL4	DL5
DL1	0.00%	75.00%	18.75%	6.25%	0.00%	0.00%
DL2	0.00%	4.53%	57.61%	33.69%	4.17%	0.00%
DL3	0.00%	1.47%	27.52%	62.71%	8.30%	0.00%
DL4	0.00%	0.87%	25.49%	52.64%	21.01%	0.00%
DL5	-nan%	-nan%	-nan%	-nan%	-nan%	-nan%


Tabela Comparativa das Profundidades - Valores Absolutos (FRAME 11)
	AV1
HEVC	DL0	DL1	DL2	DL3	DL4	DL5
DL1	452	592	184	1196	136	0
DL2	572	1108	10316	9888	1348	0
DL3	824	834	13146	50152	4484	0
DL4	224	600	5264	16768	4792	0
DL5	0	0	0	0	0	0
Tabela Comparativa das Profundidades - Porcentagens (FRAME 11)
	AV1
HEVC	DL0	DL1	DL2	DL3	DL4	DL5
DL1	17.66%	23.13%	7.19%	46.72%	5.31%	0.00%
DL2	2.46%	4.77%	44.40%	42.56%	5.80%	0.00%
DL3	1.19%	1.20%	18.93%	72.22%	6.46%	0.00%
DL4	0.81%	2.17%	19.04%	60.65%	17.33%	0.00%
DL5	-nan%	-nan%	-nan%	-nan%	-nan%	-nan%


Tabela Comparativa das Profundidades - Valores Absolutos (FRAME 12)
	AV1
HEVC	DL0	DL1	DL2	DL3	DL4	DL5
DL1	0	2048	1976	664	176	0
DL2	0	1984	34420	7508	2040	0
DL3	0	1856	16600	15474	3734	0
DL4	0	948	11752	12892	8808	0
DL5	0	0	0	0	0	0
Tabela Comparativa das Profundidades - Porcentagens (FRAME 12)
	AV1
HEVC	DL0	DL1	DL2	DL3	DL4	DL5
DL1	0.00%	42.11%	40.62%	13.65%	3.62%	0.00%
DL2	0.00%	4.32%	74.90%	16.34%	4.44%	0.00%
DL3	0.00%	4.93%	44.07%	41.08%	9.91%	0.00%
DL4	0.00%	2.76%	34.16%	37.48%	25.60%	0.00%
DL5	-nan%	-nan%	-nan%	-nan%	-nan%	-nan%


Tabela Comparativa das Profundidades - Valores Absolutos (FRAME 13)
	AV1
HEVC	DL0	DL1	DL2	DL3	DL4	DL5
DL1	0	0	0	256	0	0
DL2	0	892	24142	10646	1632	0
DL3	0	887	19101	32124	4032	0
DL4	0	416	9768	14732	4252	0
DL5	0	0	0	0	0	0
Tabela Comparativa das Profundidades - Porcentagens (FRAME 13)
	AV1
HEVC	DL0	DL1	DL2	DL3	DL4	DL5
DL1	0.00%	0.00%	0.00%	100.00%	0.00%	0.00%
DL2	0.00%	2.39%	64.70%	28.53%	4.37%	0.00%
DL3	0.00%	1.58%	34.02%	57.22%	7.18%	0.00%
DL4	0.00%	1.43%	33.49%	50.51%	14.58%	0.00%
DL5	-nan%	-nan%	-nan%	-nan%	-nan%	-nan%


Tabela Comparativa das Profundidades - Valores Absolutos (FRAME 14)
	AV1
HEVC	DL0	DL1	DL2	DL3	DL4	DL5
DL1	0	512	256	0	0	0
DL2	0	1296	18756	7948	864	0
DL3	0	1716	29428	33476	3108	0
DL4	0	616	10204	12052	2648	0
DL5	0	0	0	0	0	0
Tabela Comparativa das Profundidades - Porcentagens (FRAME 14)
	AV1
HEVC	DL0	DL1	DL2	DL3	DL4	DL5
DL1	0.00%	66.67%	33.33%	0.00%	0.00%	0.00%
DL2	0.00%	4.49%	64.98%	27.54%	2.99%	0.00%
DL3	0.00%	2.53%	43.45%	49.43%	4.59%	0.00%
DL4	0.00%	2.41%	39.98%	47.23%	10.38%	0.00%
DL5	-nan%	-nan%	-nan%	-nan%	-nan%	-nan%


Tabela Comparativa das Profundidades - Valores Absolutos (FRAME 15)
	AV1
HEVC	DL0	DL1	DL2	DL3	DL4	DL5
DL1	472	1200	724	148	16	0
DL2	1884	1376	16400	8036	528	0
DL3	1780	1188	22360	39608	2536	0
DL4	968	420	8716	11988	2532	0
DL5	0	0	0	0	0	0
Tabela Comparativa das Profundidades - Porcentagens (FRAME 15)
	AV1
HEVC	DL0	DL1	DL2	DL3	DL4	DL5
DL1	18.44%	46.88%	28.28%	5.78%	0.63%	0.00%
DL2	6.68%	4.88%	58.11%	28.47%	1.87%	0.00%
DL3	2.64%	1.76%	33.14%	58.70%	3.76%	0.00%
DL4	3.93%	1.71%	35.40%	48.68%	10.28%	0.00%
DL5	-nan%	-nan%	-nan%	-nan%	-nan%	-nan%


Tabela Comparativa das Profundidades - Valores Absolutos (FRAME 16)
	AV1
HEVC	DL0	DL1	DL2	DL3	DL4	DL5
DL1	0	3718	980	1382	64	0
DL2	0	1648	21288	8684	700	0
DL3	0	1918	16702	40496	2756	0
DL4	0	828	5180	12908	3628	0
DL5	0	0	0	0	0	0
Tabela Comparativa das Profundidades - Porcentagens (FRAME 16)
	AV1
HEVC	DL0	DL1	DL2	DL3	DL4	DL5
DL1	0.00%	60.51%	15.95%	22.49%	1.04%	0.00%
DL2	0.00%	5.10%	65.87%	26.87%	2.17%	0.00%
DL3	0.00%	3.10%	26.99%	65.45%	4.45%	0.00%
DL4	0.00%	3.67%	22.98%	57.26%	16.09%	0.00%
DL5	-nan%	-nan%	-nan%	-nan%	-nan%	-nan%


Tabela Comparativa das Profundidades - Valores Absolutos (FRAME 17)
	AV1
HEVC	DL0	DL1	DL2	DL3	DL4	DL5
DL1	0	0	768	0	0	0
DL2	0	748	23460	7904	1040	0
DL3	0	476	17208	39100	3648	0
DL4	0	292	7580	14364	6292	0
DL5	0	0	0	0	0	0
Tabela Comparativa das Profundidades - Porcentagens (FRAME 17)
	AV1
HEVC	DL0	DL1	DL2	DL3	DL4	DL5
DL1	0.00%	0.00%	100.00%	0.00%	0.00%	0.00%
DL2	0.00%	2.26%	70.76%	23.84%	3.14%	0.00%
DL3	0.00%	0.79%	28.47%	64.70%	6.04%	0.00%
DL4	0.00%	1.02%	26.57%	50.35%	22.06%	0.00%
DL5	-nan%	-nan%	-nan%	-nan%	-nan%	-nan%


Tabela Comparativa das Profundidades - Valores Absolutos (FRAME 18)
	AV1
HEVC	DL0	DL1	DL2	DL3	DL4	DL5
DL1	0	2648	1832	288	96	0
DL2	0	2184	19998	9082	1120	0
DL3	0	2256	16054	42954	4256	0
DL4	0	1018	4362	11380	3352	0
DL5	0	0	0	0	0	0
Tabela Comparativa das Profundidades - Porcentagens (FRAME 18)
	AV1
HEVC	DL0	DL1	DL2	DL3	DL4	DL5
DL1	0.00%	54.44%	37.66%	5.92%	1.97%	0.00%
DL2	0.00%	6.74%	61.75%	28.04%	3.46%	0.00%
DL3	0.00%	3.44%	24.50%	65.56%	6.50%	0.00%
DL4	0.00%	5.06%	21.69%	56.58%	16.67%	0.00%
DL5	-nan%	-nan%	-nan%	-nan%	-nan%	-nan%


Tabela Comparativa das Profundidades - Valores Absolutos (FRAME 19)
	AV1
HEVC	DL0	DL1	DL2	DL3	DL4	DL5
DL1	0	1024	128	128	0	0
DL2	0	64	15104	9568	1056	0
DL3	0	384	19136	44896	6000	0
DL4	0	64	6272	14432	4624	0
DL5	0	0	0	0	0	0
Tabela Comparativa das Profundidades - Porcentagens (FRAME 19)
	AV1
HEVC	DL0	DL1	DL2	DL3	DL4	DL5
DL1	0.00%	80.00%	10.00%	10.00%	0.00%	0.00%
DL2	0.00%	0.25%	58.56%	37.10%	4.09%	0.00%
DL3	0.00%	0.55%	27.18%	63.76%	8.52%	0.00%
DL4	0.00%	0.25%	24.70%	56.84%	18.21%	0.00%
DL5	-nan%	-nan%	-nan%	-nan%	-nan%	-nan%


Tabela Comparativa das Profundidades - Valores Absolutos (FRAME 20)
	AV1
HEVC	DL0	DL1	DL2	DL3	DL4	DL5
DL1	0	364	212	176	16	0
DL2	0	1526	4790	3944	1324	0
DL3	0	1450	5128	9670	6456	0
DL4	0	596	13508	32736	40984	0
DL5	0	0	0	0	0	0
Tabela Comparativa das Profundidades - Porcentagens (FRAME 20)
	AV1
HEVC	DL0	DL1	DL2	DL3	DL4	DL5
DL1	0.00%	47.40%	27.60%	22.92%	2.08%	0.00%
DL2	0.00%	13.17%	41.35%	34.05%	11.43%	0.00%
DL3	0.00%	6.39%	22.59%	42.59%	28.44%	0.00%
DL4	0.00%	0.68%	15.38%	37.27%	46.67%	0.00%
DL5	-nan%	-nan%	-nan%	-nan%	-nan%	-nan%


Tabela Comparativa das Profundidades - Valores Absolutos (FRAME 21)
	AV1
HEVC	DL0	DL1	DL2	DL3	DL4	DL5
DL1	0	0	192	240	80	0
DL2	0	268	17396	5820	2692	0
DL3	0	268	9672	10224	4044	0
DL4	0	578	26634	25088	19684	0
DL5	0	0	0	0	0	0
Tabela Comparativa das Profundidades - Porcentagens (FRAME 21)
	AV1
HEVC	DL0	DL1	DL2	DL3	DL4	DL5
DL1	0.00%	0.00%	37.50%	46.88%	15.62%	0.00%
DL2	0.00%	1.02%	66.46%	22.23%	10.28%	0.00%
DL3	0.00%	1.11%	39.95%	42.23%	16.71%	0.00%
DL4	0.00%	0.80%	37.00%	34.85%	27.34%	0.00%
DL5	-nan%	-nan%	-nan%	-nan%	-nan%	-nan%


Tabela Comparativa das Profundidades - Valores Absolutos (FRAME 22)
	AV1
HEVC	DL0	DL1	DL2	DL3	DL4	DL5
DL1	0	1280	1088	160	32	0
DL2	0	1600	26128	9800	2216	0
DL3	0	1584	14076	17400	3964	0
DL4	0	1768	13440	18772	9572	0
DL5	0	0	0	0	0	0
Tabela Comparativa das Profundidades - Porcentagens (FRAME 22)
	AV1
HEVC	DL0	DL1	DL2	DL3	DL4	DL5
DL1	0.00%	50.00%	42.50%	6.25%	1.25%	0.00%
DL2	0.00%	4.03%	65.74%	24.66%	5.58%	0.00%
DL3	0.00%	4.28%	38.02%	47.00%	10.71%	0.00%
DL4	0.00%	4.06%	30.86%	43.10%	21.98%	0.00%
DL5	-nan%	-nan%	-nan%	-nan%	-nan%	-nan%


Tabela Comparativa das Profundidades - Valores Absolutos (FRAME 23)
	AV1
HEVC	DL0	DL1	DL2	DL3	DL4	DL5
DL1	0	512	640	64	64	0
DL2	0	648	26752	7940	1332	0
DL3	0	434	24308	25284	3814	0
DL4	0	520	11456	13192	5920	0
DL5	0	0	0	0	0	0
Tabela Comparativa das Profundidades - Porcentagens (FRAME 23)
	AV1
HEVC	DL0	DL1	DL2	DL3	DL4	DL5
DL1	0.00%	40.00%	50.00%	5.00%	5.00%	0.00%
DL2	0.00%	1.77%	72.95%	21.65%	3.63%	0.00%
DL3	0.00%	0.81%	45.15%	46.96%	7.08%	0.00%
DL4	0.00%	1.67%	36.85%	42.43%	19.04%	0.00%
DL5	-nan%	-nan%	-nan%	-nan%	-nan%	-nan%


Tabela Comparativa das Profundidades - Valores Absolutos (FRAME 24)
	AV1
HEVC	DL0	DL1	DL2	DL3	DL4	DL5
DL1	0	576	64	128	0	0
DL2	0	1768	16212	8312	844	0
DL3	0	3195	22165	37316	4332	0
DL4	0	1213	8781	13554	4420	0
DL5	0	0	0	0	0	0
Tabela Comparativa das Profundidades - Porcentagens (FRAME 24)
	AV1
HEVC	DL0	DL1	DL2	DL3	DL4	DL5
DL1	0.00%	75.00%	8.33%	16.67%	0.00%	0.00%
DL2	0.00%	6.52%	59.74%	30.63%	3.11%	0.00%
DL3	0.00%	4.77%	33.08%	55.69%	6.46%	0.00%
DL4	0.00%	4.34%	31.40%	48.46%	15.80%	0.00%
DL5	-nan%	-nan%	-nan%	-nan%	-nan%	-nan%


Tabela Comparativa das Profundidades - Valores Absolutos (FRAME 25)
	AV1
HEVC	DL0	DL1	DL2	DL3	DL4	DL5
DL1	0	768	672	336	16	0
DL2	0	884	14584	9024	980	0
DL3	0	944	18408	44624	4584	0
DL4	0	224	7184	15636	4012	0
DL5	0	0	0	0	0	0
Tabela Comparativa das Profundidades - Porcentagens (FRAME 25)
	AV1
HEVC	DL0	DL1	DL2	DL3	DL4	DL5
DL1	0.00%	42.86%	37.50%	18.75%	0.89%	0.00%
DL2	0.00%	3.47%	57.26%	35.43%	3.85%	0.00%
DL3	0.00%	1.38%	26.85%	65.09%	6.69%	0.00%
DL4	0.00%	0.83%	26.55%	57.79%	14.83%	0.00%
DL5	-nan%	-nan%	-nan%	-nan%	-nan%	-nan%


Tabela Comparativa das Profundidades - Valores Absolutos (FRAME 26)
	AV1
HEVC	DL0	DL1	DL2	DL3	DL4	DL5
DL1	0	3022	1330	768	0	0
DL2	0	2398	15536	7250	608	0
DL3	0	1928	20228	37712	4084	0
DL4	0	1314	7212	15070	4420	0
DL5	0	0	0	0	0	0
Tabela Comparativa das Profundidades - Porcentagens (FRAME 26)
	AV1
HEVC	DL0	DL1	DL2	DL3	DL4	DL5
DL1	0.00%	59.02%	25.98%	15.00%	0.00%	0.00%
DL2	0.00%	9.30%	60.24%	28.11%	2.36%	0.00%
DL3	0.00%	3.01%	31.63%	58.97%	6.39%	0.00%
DL4	0.00%	4.69%	25.74%	53.79%	15.78%	0.00%
DL5	-nan%	-nan%	-nan%	-nan%	-nan%	-nan%


Tabela Comparativa das Profundidades - Valores Absolutos (FRAME 27)
	AV1
HEVC	DL0	DL1	DL2	DL3	DL4	DL5
DL1	0	768	0	0	0	0
DL2	0	592	17292	11100	1864	0
DL3	0	744	17332	35484	4824	0
DL4	0	524	8876	18360	5120	0
DL5	0	0	0	0	0	0
Tabela Comparativa das Profundidades - Porcentagens (FRAME 27)
	AV1
HEVC	DL0	DL1	DL2	DL3	DL4	DL5
DL1	0.00%	100.00%	0.00%	0.00%	0.00%	0.00%
DL2	0.00%	1.92%	56.06%	35.98%	6.04%	0.00%
DL3	0.00%	1.27%	29.69%	60.78%	8.26%	0.00%
DL4	0.00%	1.59%	27.00%	55.84%	15.57%	0.00%
DL5	-nan%	-nan%	-nan%	-nan%	-nan%	-nan%


Tabela Comparativa das Profundidades - Valores Absolutos (FRAME 28)
	AV1
HEVC	DL0	DL1	DL2	DL3	DL4	DL5
DL1	0	2304	576	448	0	0
DL2	0	832	19200	9168	1456	0
DL3	0	800	22512	39088	5904	0
DL4	0	160	5392	9616	5424	0
DL5	0	0	0	0	0	0
Tabela Comparativa das Profundidades - Porcentagens (FRAME 28)
	AV1
HEVC	DL0	DL1	DL2	DL3	DL4	DL5
DL1	0.00%	69.23%	17.31%	13.46%	0.00%	0.00%
DL2	0.00%	2.71%	62.63%	29.91%	4.75%	0.00%
DL3	0.00%	1.17%	32.96%	57.23%	8.64%	0.00%
DL4	0.00%	0.78%	26.18%	46.70%	26.34%	0.00%
DL5	-nan%	-nan%	-nan%	-nan%	-nan%	-nan%


Tabela Comparativa das Profundidades - Valores Absolutos (FRAME 29)
	AV1
HEVC	DL0	DL1	DL2	DL3	DL4	DL5
DL1	0	504	584	176	16	0
DL2	0	1176	10200	9408	720	0
DL3	0	1412	13266	53582	5244	0
DL4	0	944	5892	15424	4332	0
DL5	0	0	0	0	0	0
Tabela Comparativa das Profundidades - Porcentagens (FRAME 29)
	AV1
HEVC	DL0	DL1	DL2	DL3	DL4	DL5
DL1	0.00%	39.38%	45.63%	13.75%	1.25%	0.00%
DL2	0.00%	5.47%	47.43%	43.75%	3.35%	0.00%
DL3	0.00%	1.92%	18.05%	72.90%	7.13%	0.00%
DL4	0.00%	3.55%	22.16%	58.00%	16.29%	0.00%
DL5	-nan%	-nan%	-nan%	-nan%	-nan%	-nan%


Tabela Comparativa das Profundidades - Valores Absolutos (FRAME 30)
	AV1
HEVC	DL0	DL1	DL2	DL3	DL4	DL5
DL1	0	1664	1836	292	48	0
DL2	0	2752	31522	7766	1992	0
DL3	0	1900	13766	18606	4288	0
DL4	0	960	10802	14570	10116	0
DL5	0	0	0	0	0	0
Tabela Comparativa das Profundidades - Porcentagens (FRAME 30)
	AV1
HEVC	DL0	DL1	DL2	DL3	DL4	DL5
DL1	0.00%	43.33%	47.81%	7.60%	1.25%	0.00%
DL2	0.00%	6.25%	71.59%	17.64%	4.52%	0.00%
DL3	0.00%	4.93%	35.70%	48.25%	11.12%	0.00%
DL4	0.00%	2.63%	29.64%	39.97%	27.75%	0.00%
DL5	-nan%	-nan%	-nan%	-nan%	-nan%	-nan%


Tabela Comparativa das Profundidades - Valores Absolutos (FRAME 31)
	AV1
HEVC	DL0	DL1	DL2	DL3	DL4	DL5
DL1	0	896	576	304	16	0
DL2	0	752	21864	12536	1648	0
DL3	0	744	15060	35000	4428	0
DL4	0	456	7396	15852	5352	0
DL5	0	0	0	0	0	0
Tabela Comparativa das Profundidades - Porcentagens (FRAME 31)
	AV1
HEVC	DL0	DL1	DL2	DL3	DL4	DL5
DL1	0.00%	50.00%	32.14%	16.96%	0.89%	0.00%
DL2	0.00%	2.04%	59.41%	34.07%	4.48%	0.00%
DL3	0.00%	1.35%	27.27%	63.37%	8.02%	0.00%
DL4	0.00%	1.57%	25.45%	54.56%	18.42%	0.00%
DL5	-nan%	-nan%	-nan%	-nan%	-nan%	-nan%


Tabela Comparativa das Profundidades - Valores Absolutos (FRAME 32)
	AV1
HEVC	DL0	DL1	DL2	DL3	DL4	DL5
DL1	0	256	0	0	0	0
DL2	0	740	13302	6966	688	0
DL3	0	1324	25980	35630	4474	0
DL4	0	436	12078	16176	4830	0
DL5	0	0	0	0	0	0
Tabela Comparativa das Profundidades - Porcentagens (FRAME 32)
	AV1
HEVC	DL0	DL1	DL2	DL3	DL4	DL5
DL1	0.00%	100.00%	0.00%	0.00%	0.00%	0.00%
DL2	0.00%	3.41%	61.31%	32.11%	3.17%	0.00%
DL3	0.00%	1.96%	38.54%	52.86%	6.64%	0.00%
DL4	0.00%	1.30%	36.03%	48.26%	14.41%	0.00%
DL5	-nan%	-nan%	-nan%	-nan%	-nan%	-nan%


Tabela Comparativa das Profundidades - Valores Absolutos (FRAME 33)
	AV1
HEVC	DL0	DL1	DL2	DL3	DL4	DL5
DL1	0	768	512	224	32	0
DL2	0	1784	15296	8484	676	0
DL3	0	1644	23932	38372	4420	0
DL4	0	732	10048	12116	3840	0
DL5	0	0	0	0	0	0
Tabela Comparativa das Profundidades - Porcentagens (FRAME 33)
	AV1
HEVC	DL0	DL1	DL2	DL3	DL4	DL5
DL1	0.00%	50.00%	33.33%	14.58%	2.08%	0.00%
DL2	0.00%	6.80%	58.29%	32.33%	2.58%	0.00%
DL3	0.00%	2.40%	35.00%	56.13%	6.47%	0.00%
DL4	0.00%	2.74%	37.58%	45.32%	14.36%	0.00%
DL5	-nan%	-nan%	-nan%	-nan%	-nan%	-nan%


Tabela Comparativa das Profundidades - Valores Absolutos (FRAME 34)
	AV1
HEVC	DL0	DL1	DL2	DL3	DL4	DL5
DL1	0	512	800	176	48	0
DL2	0	1136	22496	7696	608	0
DL3	0	502	17502	38560	4076	0
DL4	0	336	7040	15876	5516	0
DL5	0	0	0	0	0	0
Tabela Comparativa das Profundidades - Porcentagens (FRAME 34)
	AV1
HEVC	DL0	DL1	DL2	DL3	DL4	DL5
DL1	0.00%	33.33%	52.08%	11.46%	3.12%	0.00%
DL2	0.00%	3.56%	70.44%	24.10%	1.90%	0.00%
DL3	0.00%	0.83%	28.86%	63.59%	6.72%	0.00%
DL4	0.00%	1.17%	24.47%	55.19%	19.17%	0.00%
DL5	-nan%	-nan%	-nan%	-nan%	-nan%	-nan%


Tabela Comparativa das Profundidades - Valores Absolutos (FRAME 35)
	AV1
HEVC	DL0	DL1	DL2	DL3	DL4	DL5
DL1	0	1408	384	176	80	0
DL2	0	928	21906	6942	1456	0
DL3	0	704	12538	37774	4696	0
DL4	0	576	7160	17222	8930	0
DL5	0	0	0	0	0	0
Tabela Comparativa das Profundidades - Porcentagens (FRAME 35)
	AV1
HEVC	DL0	DL1	DL2	DL3	DL4	DL5
DL1	0.00%	68.75%	18.75%	8.59%	3.91%	0.00%
DL2	0.00%	2.97%	70.14%	22.23%	4.66%	0.00%
DL3	0.00%	1.26%	22.51%	67.80%	8.43%	0.00%
DL4	0.00%	1.70%	21.13%	50.82%	26.35%	0.00%
DL5	-nan%	-nan%	-nan%	-nan%	-nan%	-nan%


Tabela Comparativa das Profundidades - Valores Absolutos (FRAME 36)
	AV1
HEVC	DL0	DL1	DL2	DL3	DL4	DL5
DL1	0	2944	1200	688	32	0
DL2	0	2284	17878	11414	1128	0
DL3	0	1948	15304	41224	4692	0
DL4	0	896	5400	12744	3104	0
DL5	0	0	0	0	0	0
Tabela Comparativa das Profundidades - Porcentagens (FRAME 36)
	AV1
HEVC	DL0	DL1	DL2	DL3	DL4	DL5
DL1	0.00%	60.53%	24.67%	14.14%	0.66%	0.00%
DL2	0.00%	6.98%	54.67%	34.90%	3.45%	0.00%
DL3	0.00%	3.08%	24.23%	65.26%	7.43%	0.00%
DL4	0.00%	4.05%	24.39%	57.55%	14.02%	0.00%
DL5	-nan%	-nan%	-nan%	-nan%	-nan%	-nan%


Tabela Comparativa das Profundidades - Valores Absolutos (FRAME 37)
	AV1
HEVC	DL0	DL1	DL2	DL3	DL4	DL5
DL1	0	256	320	192	0	0
DL2	0	0	11328	10784	1760	0
DL3	0	176	11056	51424	8464	0
DL4	0	80	4624	15456	6960	0
DL5	0	0	0	0	0	0
Tabela Comparativa das Profundidades - Porcentagens (FRAME 37)
	AV1
HEVC	DL0	DL1	DL2	DL3	DL4	DL5
DL1	0.00%	33.33%	41.67%	25.00%	0.00%	0.00%
DL2	0.00%	0.00%	47.45%	45.17%	7.37%	0.00%
DL3	0.00%	0.25%	15.55%	72.31%	11.90%	0.00%
DL4	0.00%	0.29%	17.05%	56.99%	25.66%	0.00%
DL5	-nan%	-nan%	-nan%	-nan%	-nan%	-nan%


Tabela Comparativa das Profundidades - Valores Absolutos (FRAME 38)
	AV1
HEVC	DL0	DL1	DL2	DL3	DL4	DL5
DL1	0	584	936	272	0	0
DL2	0	588	18174	6834	3076	0
DL3	0	1084	8356	11212	4644	0
DL4	0	790	16396	25958	23976	0
DL5	0	0	0	0	0	0
Tabela Comparativa das Profundidades - Porcentagens (FRAME 38)
	AV1
HEVC	DL0	DL1	DL2	DL3	DL4	DL5
DL1	0.00%	32.59%	52.23%	15.18%	0.00%	0.00%
DL2	0.00%	2.05%	63.39%	23.84%	10.73%	0.00%
DL3	0.00%	4.29%	33.03%	44.32%	18.36%	0.00%
DL4	0.00%	1.18%	24.43%	38.67%	35.72%	0.00%
DL5	-nan%	-nan%	-nan%	-nan%	-nan%	-nan%


Tabela Comparativa das Profundidades - Valores Absolutos (FRAME 39)
	AV1
HEVC	DL0	DL1	DL2	DL3	DL4	DL5
DL1	0	256	832	416	32	0
DL2	0	620	17236	6528	3200	0
DL3	0	588	11208	9580	3840	0
DL4	0	912	24532	22368	20732	0
DL5	0	0	0	0	0	0
Tabela Comparativa das Profundidades - Porcentagens (FRAME 39)
	AV1
HEVC	DL0	DL1	DL2	DL3	DL4	DL5
DL1	0.00%	16.67%	54.17%	27.08%	2.08%	0.00%
DL2	0.00%	2.25%	62.49%	23.67%	11.60%	0.00%
DL3	0.00%	2.33%	44.45%	37.99%	15.23%	0.00%
DL4	0.00%	1.33%	35.79%	32.63%	30.25%	0.00%
DL5	-nan%	-nan%	-nan%	-nan%	-nan%	-nan%


Tabela Comparativa das Profundidades - Valores Absolutos (FRAME 40)
	AV1
HEVC	DL0	DL1	DL2	DL3	DL4	DL5
DL1	0	1024	1088	192	0	0
DL2	0	1428	29848	9804	2184	0
DL3	0	720	13304	16740	3764	0
DL4	0	944	15412	17296	9132	0
DL5	0	0	0	0	0	0
Tabela Comparativa das Profundidades - Porcentagens (FRAME 40)
	AV1
HEVC	DL0	DL1	DL2	DL3	DL4	DL5
DL1	0.00%	44.44%	47.22%	8.33%	0.00%	0.00%
DL2	0.00%	3.30%	68.99%	22.66%	5.05%	0.00%
DL3	0.00%	2.09%	38.53%	48.48%	10.90%	0.00%
DL4	0.00%	2.21%	36.02%	40.43%	21.34%	0.00%
DL5	-nan%	-nan%	-nan%	-nan%	-nan%	-nan%


Tabela Comparativa das Profundidades - Valores Absolutos (FRAME 41)
	AV1
HEVC	DL0	DL1	DL2	DL3	DL4	DL5
DL1	0	768	832	192	0	0
DL2	0	192	29720	10252	1052	0
DL3	0	288	24136	21988	3188	0
DL4	0	96	12744	12628	4804	0
DL5	0	0	0	0	0	0
Tabela Comparativa das Profundidades - Porcentagens (FRAME 41)
	AV1
HEVC	DL0	DL1	DL2	DL3	DL4	DL5
DL1	0.00%	42.86%	46.43%	10.71%	0.00%	0.00%
DL2	0.00%	0.47%	72.11%	24.87%	2.55%	0.00%
DL3	0.00%	0.58%	48.66%	44.33%	6.43%	0.00%
DL4	0.00%	0.32%	42.10%	41.72%	15.87%	0.00%
DL5	-nan%	-nan%	-nan%	-nan%	-nan%	-nan%


Tabela Comparativa das Profundidades - Valores Absolutos (FRAME 42)
	AV1
HEVC	DL0	DL1	DL2	DL3	DL4	DL5
DL1	0	882	1934	960	64	0
DL2	0	754	21170	6164	968	0
DL3	0	378	21422	30480	3640	0
DL4	0	660	13332	15122	4950	0
DL5	0	0	0	0	0	0
Tabela Comparativa das Profundidades - Porcentagens (FRAME 42)
	AV1
HEVC	DL0	DL1	DL2	DL3	DL4	DL5
DL1	0.00%	22.97%	50.36%	25.00%	1.67%	0.00%
DL2	0.00%	2.59%	72.86%	21.21%	3.33%	0.00%
DL3	0.00%	0.68%	38.31%	54.51%	6.51%	0.00%
DL4	0.00%	1.94%	39.14%	44.39%	14.53%	0.00%
DL5	-nan%	-nan%	-nan%	-nan%	-nan%	-nan%


Tabela Comparativa das Profundidades - Valores Absolutos (FRAME 43)
	AV1
HEVC	DL0	DL1	DL2	DL3	DL4	DL5
DL1	0	512	512	256	0	0
DL2	0	764	17488	6808	412	0
DL3	0	836	20916	39764	4452	0
DL4	0	772	9748	15848	3792	0
DL5	0	0	0	0	0	0
Tabela Comparativa das Profundidades - Porcentagens (FRAME 43)
	AV1
HEVC	DL0	DL1	DL2	DL3	DL4	DL5
DL1	0.00%	40.00%	40.00%	20.00%	0.00%	0.00%
DL2	0.00%	3.00%	68.66%	26.73%	1.62%	0.00%
DL3	0.00%	1.27%	31.71%	60.28%	6.75%	0.00%
DL4	0.00%	2.56%	32.32%	52.55%	12.57%	0.00%
DL5	-nan%	-nan%	-nan%	-nan%	-nan%	-nan%


Tabela Comparativa das Profundidades - Valores Absolutos (FRAME 44)
	AV1
HEVC	DL0	DL1	DL2	DL3	DL4	DL5
DL1	0	4662	3056	654	76	0
DL2	0	2770	22724	8874	576	0
DL3	0	2432	19286	35450	2928	0
DL4	0	780	6264	10156	2192	0
DL5	0	0	0	0	0	0
Tabela Comparativa das Profundidades - Porcentagens (FRAME 44)
	AV1
HEVC	DL0	DL1	DL2	DL3	DL4	DL5
DL1	0.00%	55.18%	36.17%	7.74%	0.90%	0.00%
DL2	0.00%	7.93%	65.03%	25.39%	1.65%	0.00%
DL3	0.00%	4.05%	32.09%	58.99%	4.87%	0.00%
DL4	0.00%	4.02%	32.30%	52.37%	11.30%	0.00%
DL5	-nan%	-nan%	-nan%	-nan%	-nan%	-nan%


Tabela Comparativa das Profundidades - Valores Absolutos (FRAME 45)
	AV1
HEVC	DL0	DL1	DL2	DL3	DL4	DL5
DL1	256	256	192	64	0	0
DL2	492	724	21872	12400	1376	0
DL3	704	1172	18700	33916	3252	0
DL4	480	556	7796	14920	3752	0
DL5	0	0	0	0	0	0
Tabela Comparativa das Profundidades - Porcentagens (FRAME 45)
	AV1
HEVC	DL0	DL1	DL2	DL3	DL4	DL5
DL1	33.33%	33.33%	25.00%	8.33%	0.00%	0.00%
DL2	1.33%	1.96%	59.33%	33.64%	3.73%	0.00%
DL3	1.22%	2.03%	32.38%	58.74%	5.63%	0.00%
DL4	1.75%	2.02%	28.34%	54.25%	13.64%	0.00%
DL5	-nan%	-nan%	-nan%	-nan%	-nan%	-nan%


Tabela Comparativa das Profundidades - Valores Absolutos (FRAME 46)
	AV1
HEVC	DL0	DL1	DL2	DL3	DL4	DL5
DL1	0	2048	832	192	0	0
DL2	0	704	24192	13040	656	0
DL3	0	624	17088	41728	4480	0
DL4	0	208	4544	8704	3840	0
DL5	0	0	0	0	0	0
Tabela Comparativa das Profundidades - Porcentagens (FRAME 46)
	AV1
HEVC	DL0	DL1	DL2	DL3	DL4	DL5
DL1	0.00%	66.67%	27.08%	6.25%	0.00%	0.00%
DL2	0.00%	1.82%	62.69%	33.79%	1.70%	0.00%
DL3	0.00%	0.98%	26.73%	65.28%	7.01%	0.00%
DL4	0.00%	1.20%	26.27%	50.32%	22.20%	0.00%
DL5	-nan%	-nan%	-nan%	-nan%	-nan%	-nan%


Tabela Comparativa das Profundidades - Valores Absolutos (FRAME 47)
	AV1
HEVC	DL0	DL1	DL2	DL3	DL4	DL5
DL1	0	604	668	256	8	0
DL2	0	1392	13396	10468	792	0
DL3	0	984	15524	48670	4502	0
DL4	0	612	6220	14880	3904	0
DL5	0	0	0	0	0	0
Tabela Comparativa das Profundidades - Porcentagens (FRAME 47)
	AV1
HEVC	DL0	DL1	DL2	DL3	DL4	DL5
DL1	0.00%	39.32%	43.49%	16.67%	0.52%	0.00%
DL2	0.00%	5.34%	51.43%	40.19%	3.04%	0.00%
DL3	0.00%	1.41%	22.28%	69.85%	6.46%	0.00%
DL4	0.00%	2.39%	24.28%	58.09%	15.24%	0.00%
DL5	-nan%	-nan%	-nan%	-nan%	-nan%	-nan%


Tabela Comparativa das Profundidades - Valores Absolutos (FRAME 48)
	AV1
HEVC	DL0	DL1	DL2	DL3	DL4	DL5
DL1	0	2112	1120	544	64	0
DL2	0	2340	33628	9088	1728	0
DL3	0	860	14932	17660	3588	0
DL4	0	644	11324	13580	9668	0
DL5	0	0	0	0	0	0
Tabela Comparativa das Profundidades - Porcentagens (FRAME 48)
	AV1
HEVC	DL0	DL1	DL2	DL3	DL4	DL5
DL1	0.00%	55.00%	29.17%	14.17%	1.67%	0.00%
DL2	0.00%	5.00%	71.88%	19.43%	3.69%	0.00%
DL3	0.00%	2.32%	40.31%	47.68%	9.69%	0.00%
DL4	0.00%	1.83%	32.16%	38.56%	27.45%	0.00%
DL5	-nan%	-nan%	-nan%	-nan%	-nan%	-nan%


Tabela Comparativa das Profundidades - Valores Absolutos (FRAME 49)
	AV1
HEVC	DL0	DL1	DL2	DL3	DL4	DL5
DL1	0	0	256	0	0	0
DL2	0	1140	24496	11872	1276	0
DL3	0	1380	17580	29478	3978	0
DL4	0	864	9072	15652	5836	0
DL5	0	0	0	0	0	0
Tabela Comparativa das Profundidades - Porcentagens (FRAME 49)
	AV1
HEVC	DL0	DL1	DL2	DL3	DL4	DL5
DL1	0.00%	0.00%	100.00%	0.00%	0.00%	0.00%
DL2	0.00%	2.94%	63.16%	30.61%	3.29%	0.00%
DL3	0.00%	2.63%	33.54%	56.24%	7.59%	0.00%
DL4	0.00%	2.75%	28.87%	49.81%	18.57%	0.00%
DL5	-nan%	-nan%	-nan%	-nan%	-nan%	-nan%


Tabela Comparativa das Profundidades - Valores Absolutos (FRAME 50)
	AV1
HEVC	DL0	DL1	DL2	DL3	DL4	DL5
DL1	0	744	40	180	60	0
DL2	0	468	15364	7340	764	0
DL3	0	826	28234	34684	3568	0
DL4	0	563	11585	14596	3864	0
DL5	0	0	0	0	0	0
Tabela Comparativa das Profundidades - Porcentagens (FRAME 50)
	AV1
HEVC	DL0	DL1	DL2	DL3	DL4	DL5
DL1	0.00%	72.66%	3.91%	17.58%	5.86%	0.00%
DL2	0.00%	1.96%	64.19%	30.67%	3.19%	0.00%
DL3	0.00%	1.23%	41.94%	51.53%	5.30%	0.00%
DL4	0.00%	1.84%	37.85%	47.69%	12.62%	0.00%
DL5	-nan%	-nan%	-nan%	-nan%	-nan%	-nan%


Tabela Comparativa das Profundidades - Valores Absolutos (FRAME 51)
	AV1
HEVC	DL0	DL1	DL2	DL3	DL4	DL5
DL1	0	256	64	192	0	0
DL2	0	128	20508	9596	680	0
DL3	0	416	26792	35400	3216	0
DL4	0	224	9728	12776	2904	0
DL5	0	0	0	0	0	0
Tabela Comparativa das Profundidades - Porcentagens (FRAME 51)
	AV1
HEVC	DL0	DL1	DL2	DL3	DL4	DL5
DL1	0.00%	50.00%	12.50%	37.50%	0.00%	0.00%
DL2	0.00%	0.41%	66.34%	31.04%	2.20%	0.00%
DL3	0.00%	0.63%	40.70%	53.78%	4.89%	0.00%
DL4	0.00%	0.87%	37.95%	49.84%	11.33%	0.00%
DL5	-nan%	-nan%	-nan%	-nan%	-nan%	-nan%


Tabela Comparativa das Profundidades - Valores Absolutos (FRAME 52)
	AV1
HEVC	DL0	DL1	DL2	DL3	DL4	DL5
DL1	0	1728	1520	576	16	0
DL2	0	1436	23548	6768	248	0
DL3	0	1640	20132	38636	3224	0
DL4	0	584	6600	12784	3440	0
DL5	0	0	0	0	0	0
Tabela Comparativa das Profundidades - Porcentagens (FRAME 52)
	AV1
HEVC	DL0	DL1	DL2	DL3	DL4	DL5
DL1	0.00%	45.00%	39.58%	15.00%	0.42%	0.00%
DL2	0.00%	4.49%	73.59%	21.15%	0.77%	0.00%
DL3	0.00%	2.58%	31.64%	60.72%	5.07%	0.00%
DL4	0.00%	2.49%	28.20%	54.61%	14.70%	0.00%
DL5	-nan%	-nan%	-nan%	-nan%	-nan%	-nan%


Tabela Comparativa das Profundidades - Valores Absolutos (FRAME 53)
	AV1
HEVC	DL0	DL1	DL2	DL3	DL4	DL5
DL1	0	0	672	800	64	0
DL2	0	272	23734	6810	544	0
DL3	0	880	17430	37678	3692	0
DL4	0	348	7972	15784	6200	0
DL5	0	0	0	0	0	0
Tabela Comparativa das Profundidades - Porcentagens (FRAME 53)
	AV1
HEVC	DL0	DL1	DL2	DL3	DL4	DL5
DL1	0.00%	0.00%	43.75%	52.08%	4.17%	0.00%
DL2	0.00%	0.87%	75.68%	21.72%	1.73%	0.00%
DL3	0.00%	1.47%	29.21%	63.13%	6.19%	0.00%
DL4	0.00%	1.15%	26.31%	52.09%	20.46%	0.00%
DL5	-nan%	-nan%	-nan%	-nan%	-nan%	-nan%


Tabela Comparativa das Profundidades - Valores Absolutos (FRAME 54)
	AV1
HEVC	DL0	DL1	DL2	DL3	DL4	DL5
DL1	0	1482	814	440	80	0
DL2	0	1694	17234	10392	952	0
DL3	0	1328	15292	46220	3928	0
DL4	0	430	4626	13896	4072	0
DL5	0	0	0	0	0	0
Tabela Comparativa das Profundidades - Porcentagens (FRAME 54)
	AV1
HEVC	DL0	DL1	DL2	DL3	DL4	DL5
DL1	0.00%	52.63%	28.91%	15.62%	2.84%	0.00%
DL2	0.00%	5.60%	56.93%	34.33%	3.14%	0.00%
DL3	0.00%	1.99%	22.90%	69.22%	5.88%	0.00%
DL4	0.00%	1.87%	20.09%	60.35%	17.69%	0.00%
DL5	-nan%	-nan%	-nan%	-nan%	-nan%	-nan%


Tabela Comparativa das Profundidades - Valores Absolutos (FRAME 55)
	AV1
HEVC	DL0	DL1	DL2	DL3	DL4	DL5
DL1	0	1536	1024	240	16	0
DL2	0	448	15424	10384	1136	0
DL3	0	752	16448	46224	5520	0
DL4	0	336	5376	12928	5088	0
DL5	0	0	0	0	0	0
Tabela Comparativa das Profundidades - Porcentagens (FRAME 55)
	AV1
HEVC	DL0	DL1	DL2	DL3	DL4	DL5
DL1	0.00%	54.55%	36.36%	8.52%	0.57%	0.00%
DL2	0.00%	1.64%	56.31%	37.91%	4.15%	0.00%
DL3	0.00%	1.09%	23.86%	67.05%	8.01%	0.00%
DL4	0.00%	1.42%	22.66%	54.48%	21.44%	0.00%
DL5	-nan%	-nan%	-nan%	-nan%	-nan%	-nan%


Tabela Comparativa das Profundidades - Valores Absolutos (FRAME 56)
	AV1
HEVC	DL0	DL1	DL2	DL3	DL4	DL5
DL1	786	1214	484	260	72	0
DL2	352	536	16410	6390	3256	0
DL3	750	1092	7644	11390	4756	0
DL4	498	486	17112	25340	24052	0
DL5	0	0	0	0	0	0
Tabela Comparativa das Profundidades - Porcentagens (FRAME 56)
	AV1
HEVC	DL0	DL1	DL2	DL3	DL4	DL5
DL1	27.91%	43.11%	17.19%	9.23%	2.56%	0.00%
DL2	1.31%	1.99%	60.90%	23.72%	12.08%	0.00%
DL3	2.93%	4.26%	29.82%	44.44%	18.55%	0.00%
DL4	0.74%	0.72%	25.36%	37.55%	35.64%	0.00%
DL5	-nan%	-nan%	-nan%	-nan%	-nan%	-nan%


Tabela Comparativa das Profundidades - Valores Absolutos (FRAME 57)
	AV1
HEVC	DL0	DL1	DL2	DL3	DL4	DL5
DL1	0	2364	404	272	32	0
DL2	0	1364	29056	9196	1600	0
DL3	0	1208	14160	16980	4212	0
DL4	0	1176	15096	15420	10340	0
DL5	0	0	0	0	0	0
Tabela Comparativa das Profundidades - Porcentagens (FRAME 57)
	AV1
HEVC	DL0	DL1	DL2	DL3	DL4	DL5
DL1	0.00%	76.95%	13.15%	8.85%	1.04%	0.00%
DL2	0.00%	3.31%	70.50%	22.31%	3.88%	0.00%
DL3	0.00%	3.30%	38.73%	46.44%	11.52%	0.00%
DL4	0.00%	2.80%	35.92%	36.69%	24.60%	0.00%
DL5	-nan%	-nan%	-nan%	-nan%	-nan%	-nan%


Tabela Comparativa das Profundidades - Valores Absolutos (FRAME 58)
	AV1
HEVC	DL0	DL1	DL2	DL3	DL4	DL5
DL1	0	512	0	0	0	0
DL2	0	1328	21276	11204	1008	0
DL3	0	1416	18952	32756	3932	0
DL4	0	544	8568	16184	5200	0
DL5	0	0	0	0	0	0
Tabela Comparativa das Profundidades - Porcentagens (FRAME 58)
	AV1
HEVC	DL0	DL1	DL2	DL3	DL4	DL5
DL1	0.00%	100.00%	0.00%	0.00%	0.00%	0.00%
DL2	0.00%	3.81%	61.11%	32.18%	2.90%	0.00%
DL3	0.00%	2.48%	33.22%	57.41%	6.89%	0.00%
DL4	0.00%	1.78%	28.10%	53.07%	17.05%	0.00%
DL5	-nan%	-nan%	-nan%	-nan%	-nan%	-nan%


Tabela Comparativa das Profundidades - Valores Absolutos (FRAME 59)
	AV1
HEVC	DL0	DL1	DL2	DL3	DL4	DL5
DL1	0	304	304	128	32	0
DL2	0	764	15840	7600	756	0
DL3	0	448	27258	34418	4244	0
DL4	0	288	10842	15042	4612	0
DL5	0	0	0	0	0	0
Tabela Comparativa das Profundidades - Porcentagens (FRAME 59)
	AV1
HEVC	DL0	DL1	DL2	DL3	DL4	DL5
DL1	0.00%	39.58%	39.58%	16.67%	4.17%	0.00%
DL2	0.00%	3.06%	63.46%	30.45%	3.03%	0.00%
DL3	0.00%	0.68%	41.07%	51.86%	6.39%	0.00%
DL4	0.00%	0.94%	35.22%	48.86%	14.98%	0.00%
DL5	-nan%	-nan%	-nan%	-nan%	-nan%	-nan%


Tabela Comparativa das Profundidades - Valores Absolutos (FRAME 60)
	AV1
HEVC	DL0	DL1	DL2	DL3	DL4	DL5
DL1	412	1144	740	256	8	0
DL2	1132	1952	18572	7040	552	0
DL3	868	880	22636	38360	3432	0
DL4	240	708	8856	11860	3232	0
DL5	0	0	0	0	0	0
Tabela Comparativa das Profundidades - Porcentagens (FRAME 60)
	AV1
HEVC	DL0	DL1	DL2	DL3	DL4	DL5
DL1	16.09%	44.69%	28.91%	10.00%	0.31%	0.00%
DL2	3.87%	6.67%	63.50%	24.07%	1.89%	0.00%
DL3	1.31%	1.33%	34.21%	57.97%	5.19%	0.00%
DL4	0.96%	2.84%	35.57%	47.64%	12.98%	0.00%
DL5	-nan%	-nan%	-nan%	-nan%	-nan%	-nan%


