Tabela Comparativa das Profundidades - Valores Absolutos (FRAME  1)
	AV1
HEVC	DL0	DL1	DL2	DL3	DL4	DL5
DL1	0	1024	512	432	80	0
DL2	0	320	8960	3664	2416	0
DL3	0	192	5760	15552	10976	0
DL4	0	256	5824	17136	49776	0
DL5	0	0	0	0	0	0
Tabela Comparativa das Profundidades - Porcentagens (FRAME  1)
	AV1
HEVC	DL0	DL1	DL2	DL3	DL4	DL5
DL1	0.00%	50.00%	25.00%	21.09%	3.91%	0.00%
DL2	0.00%	2.08%	58.33%	23.85%	15.73%	0.00%
DL3	0.00%	0.59%	17.73%	47.88%	33.79%	0.00%
DL4	0.00%	0.35%	7.98%	23.48%	68.19%	0.00%
DL5	-nan%	-nan%	-nan%	-nan%	-nan%	-nan%


Tabela Comparativa das Profundidades - Valores Absolutos (FRAME  2)
	AV1
HEVC	DL0	DL1	DL2	DL3	DL4	DL5
DL1	0	25280	1920	0	192	0
DL2	0	1844	16228	1248	712	0
DL3	0	1476	15268	12420	3796	0
DL4	0	2660	12080	14294	13462	0
DL5	0	0	0	0	0	0
Tabela Comparativa das Profundidades - Porcentagens (FRAME  2)
	AV1
HEVC	DL0	DL1	DL2	DL3	DL4	DL5
DL1	0.00%	92.29%	7.01%	0.00%	0.70%	0.00%
DL2	0.00%	9.21%	81.01%	6.23%	3.55%	0.00%
DL3	0.00%	4.48%	46.32%	37.68%	11.52%	0.00%
DL4	0.00%	6.26%	28.43%	33.64%	31.68%	0.00%
DL5	-nan%	-nan%	-nan%	-nan%	-nan%	-nan%


Tabela Comparativa das Profundidades - Valores Absolutos (FRAME  3)
	AV1
HEVC	DL0	DL1	DL2	DL3	DL4	DL5
DL1	0	32768	1984	304	16	0
DL2	0	4056	12144	2104	448	0
DL3	0	2672	16888	15804	2476	0
DL4	0	2196	10672	11620	6728	0
DL5	0	0	0	0	0	0
Tabela Comparativa das Profundidades - Porcentagens (FRAME  3)
	AV1
HEVC	DL0	DL1	DL2	DL3	DL4	DL5
DL1	0.00%	93.43%	5.66%	0.87%	0.05%	0.00%
DL2	0.00%	21.63%	64.76%	11.22%	2.39%	0.00%
DL3	0.00%	7.06%	44.63%	41.77%	6.54%	0.00%
DL4	0.00%	7.03%	34.19%	37.22%	21.55%	0.00%
DL5	-nan%	-nan%	-nan%	-nan%	-nan%	-nan%


Tabela Comparativa das Profundidades - Valores Absolutos (FRAME  4)
	AV1
HEVC	DL0	DL1	DL2	DL3	DL4	DL5
DL1	8192	22464	1280	48	16	0
DL2	0	3008	20532	1868	128	0
DL3	0	2440	16996	18080	1780	0
DL4	0	1520	8664	10176	5688	0
DL5	0	0	0	0	0	0
Tabela Comparativa das Profundidades - Porcentagens (FRAME  4)
	AV1
HEVC	DL0	DL1	DL2	DL3	DL4	DL5
DL1	25.60%	70.20%	4.00%	0.15%	0.05%	0.00%
DL2	0.00%	11.78%	80.40%	7.32%	0.50%	0.00%
DL3	0.00%	6.21%	43.25%	46.01%	4.53%	0.00%
DL4	0.00%	5.84%	33.26%	39.07%	21.84%	0.00%
DL5	-nan%	-nan%	-nan%	-nan%	-nan%	-nan%


Tabela Comparativa das Profundidades - Valores Absolutos (FRAME  5)
	AV1
HEVC	DL0	DL1	DL2	DL3	DL4	DL5
DL1	9216	25456	2384	64	0	0
DL2	768	5136	21040	1616	176	0
DL3	256	3200	16000	15108	1436	0
DL4	0	1984	7088	8256	3696	0
DL5	0	0	0	0	0	0
Tabela Comparativa das Profundidades - Porcentagens (FRAME  5)
	AV1
HEVC	DL0	DL1	DL2	DL3	DL4	DL5
DL1	24.83%	68.58%	6.42%	0.17%	0.00%	0.00%
DL2	2.67%	17.87%	73.22%	5.62%	0.61%	0.00%
DL3	0.71%	8.89%	44.44%	41.97%	3.99%	0.00%
DL4	0.00%	9.44%	33.71%	39.27%	17.58%	0.00%
DL5	-nan%	-nan%	-nan%	-nan%	-nan%	-nan%


Tabela Comparativa das Profundidades - Valores Absolutos (FRAME  6)
	AV1
HEVC	DL0	DL1	DL2	DL3	DL4	DL5
DL1	10304	26560	1344	192	0	0
DL2	1420	8320	21696	2364	56	0
DL3	1540	2496	14384	12848	892	0
DL4	880	1344	6536	6900	2804	0
DL5	0	0	0	0	0	0
Tabela Comparativa das Profundidades - Porcentagens (FRAME  6)
	AV1
HEVC	DL0	DL1	DL2	DL3	DL4	DL5
DL1	26.83%	69.17%	3.50%	0.50%	0.00%	0.00%
DL2	4.19%	24.57%	64.08%	6.98%	0.17%	0.00%
DL3	4.79%	7.76%	44.73%	39.95%	2.77%	0.00%
DL4	4.77%	7.28%	35.40%	37.37%	15.19%	0.00%
DL5	-nan%	-nan%	-nan%	-nan%	-nan%	-nan%


Tabela Comparativa das Profundidades - Valores Absolutos (FRAME  7)
	AV1
HEVC	DL0	DL1	DL2	DL3	DL4	DL5
DL1	11008	31968	2400	192	0	0
DL2	256	6112	24416	1840	80	0
DL3	0	5236	13264	12284	688	0
DL4	0	1696	5316	4492	1632	0
DL5	0	0	0	0	0	0
Tabela Comparativa das Profundidades - Porcentagens (FRAME  7)
	AV1
HEVC	DL0	DL1	DL2	DL3	DL4	DL5
DL1	24.16%	70.15%	5.27%	0.42%	0.00%	0.00%
DL2	0.78%	18.69%	74.66%	5.63%	0.24%	0.00%
DL3	0.00%	16.64%	42.15%	39.03%	2.19%	0.00%
DL4	0.00%	12.91%	40.47%	34.20%	12.42%	0.00%
DL5	-nan%	-nan%	-nan%	-nan%	-nan%	-nan%


Tabela Comparativa das Profundidades - Valores Absolutos (FRAME  8)
	AV1
HEVC	DL0	DL1	DL2	DL3	DL4	DL5
DL1	13248	27528	1336	128	0	0
DL2	1780	7032	25392	2868	48	0
DL3	1124	2928	11960	13652	704	0
DL4	612	1448	4460	4876	1756	0
DL5	0	0	0	0	0	0
Tabela Comparativa das Profundidades - Porcentagens (FRAME  8)
	AV1
HEVC	DL0	DL1	DL2	DL3	DL4	DL5
DL1	31.36%	65.17%	3.16%	0.30%	0.00%	0.00%
DL2	4.80%	18.94%	68.41%	7.73%	0.13%	0.00%
DL3	3.70%	9.64%	39.38%	44.96%	2.32%	0.00%
DL4	4.65%	11.01%	33.91%	37.07%	13.35%	0.00%
DL5	-nan%	-nan%	-nan%	-nan%	-nan%	-nan%


Tabela Comparativa das Profundidades - Valores Absolutos (FRAME  9)
	AV1
HEVC	DL0	DL1	DL2	DL3	DL4	DL5
DL1	6144	30976	512	0	0	0
DL2	0	7744	21872	1680	64	0
DL3	0	4768	14352	14840	968	0
DL4	0	2144	6672	7096	3048	0
DL5	0	0	0	0	0	0
Tabela Comparativa das Profundidades - Porcentagens (FRAME  9)
	AV1
HEVC	DL0	DL1	DL2	DL3	DL4	DL5
DL1	16.33%	82.31%	1.36%	0.00%	0.00%	0.00%
DL2	0.00%	24.69%	69.74%	5.36%	0.20%	0.00%
DL3	0.00%	13.65%	41.09%	42.49%	2.77%	0.00%
DL4	0.00%	11.31%	35.19%	37.43%	16.08%	0.00%
DL5	-nan%	-nan%	-nan%	-nan%	-nan%	-nan%


Tabela Comparativa das Profundidades - Valores Absolutos (FRAME 10)
	AV1
HEVC	DL0	DL1	DL2	DL3	DL4	DL5
DL1	9984	35328	1984	64	0	0
DL2	192	6656	28096	1968	208	0
DL3	32	2144	11680	11376	992	0
DL4	32	672	4128	4848	2496	0
DL5	0	0	0	0	0	0
Tabela Comparativa das Profundidades - Porcentagens (FRAME 10)
	AV1
HEVC	DL0	DL1	DL2	DL3	DL4	DL5
DL1	21.08%	74.59%	4.19%	0.14%	0.00%	0.00%
DL2	0.52%	17.93%	75.69%	5.30%	0.56%	0.00%
DL3	0.12%	8.18%	44.54%	43.38%	3.78%	0.00%
DL4	0.26%	5.52%	33.90%	39.82%	20.50%	0.00%
DL5	-nan%	-nan%	-nan%	-nan%	-nan%	-nan%


Tabela Comparativa das Profundidades - Valores Absolutos (FRAME 11)
	AV1
HEVC	DL0	DL1	DL2	DL3	DL4	DL5
DL1	13504	32988	1636	0	0	0
DL2	3200	6540	21208	1492	72	0
DL3	752	3472	11456	12128	816	0
DL4	336	2064	4532	4484	2200	0
DL5	0	0	0	0	0	0
Tabela Comparativa das Profundidades - Porcentagens (FRAME 11)
	AV1
HEVC	DL0	DL1	DL2	DL3	DL4	DL5
DL1	28.06%	68.54%	3.40%	0.00%	0.00%	0.00%
DL2	9.84%	20.12%	65.23%	4.59%	0.22%	0.00%
DL3	2.63%	12.13%	40.02%	42.37%	2.85%	0.00%
DL4	2.47%	15.16%	33.28%	32.93%	16.16%	0.00%
DL5	-nan%	-nan%	-nan%	-nan%	-nan%	-nan%


Tabela Comparativa das Profundidades - Valores Absolutos (FRAME 12)
	AV1
HEVC	DL0	DL1	DL2	DL3	DL4	DL5
DL1	7936	31448	548	4	0	0
DL2	192	7140	19532	1552	128	0
DL3	48	3662	13818	14992	1112	0
DL4	16	1940	6152	9108	3552	0
DL5	0	0	0	0	0	0
Tabela Comparativa das Profundidades - Porcentagens (FRAME 12)
	AV1
HEVC	DL0	DL1	DL2	DL3	DL4	DL5
DL1	19.87%	78.75%	1.37%	0.01%	0.00%	0.00%
DL2	0.67%	25.01%	68.43%	5.44%	0.45%	0.00%
DL3	0.14%	10.89%	41.09%	44.58%	3.31%	0.00%
DL4	0.08%	9.34%	29.62%	43.86%	17.10%	0.00%
DL5	-nan%	-nan%	-nan%	-nan%	-nan%	-nan%


Tabela Comparativa das Profundidades - Valores Absolutos (FRAME 13)
	AV1
HEVC	DL0	DL1	DL2	DL3	DL4	DL5
DL1	6144	26600	280	0	0	0
DL2	0	7956	22400	1380	72	0
DL3	0	3948	16208	16340	1488	0
DL4	0	2264	6944	7532	3324	0
DL5	0	0	0	0	0	0
Tabela Comparativa das Profundidades - Porcentagens (FRAME 13)
	AV1
HEVC	DL0	DL1	DL2	DL3	DL4	DL5
DL1	18.60%	80.55%	0.85%	0.00%	0.00%	0.00%
DL2	0.00%	25.01%	70.42%	4.34%	0.23%	0.00%
DL3	0.00%	10.39%	42.67%	43.02%	3.92%	0.00%
DL4	0.00%	11.28%	34.61%	37.54%	16.57%	0.00%
DL5	-nan%	-nan%	-nan%	-nan%	-nan%	-nan%


Tabela Comparativa das Profundidades - Valores Absolutos (FRAME 14)
	AV1
HEVC	DL0	DL1	DL2	DL3	DL4	DL5
DL1	9216	33464	1792	312	16	0
DL2	0	8608	19224	2300	204	0
DL3	0	4240	12136	13136	1544	0
DL4	0	2748	4836	6232	2872	0
DL5	0	0	0	0	0	0
Tabela Comparativa das Profundidades - Porcentagens (FRAME 14)
	AV1
HEVC	DL0	DL1	DL2	DL3	DL4	DL5
DL1	20.57%	74.70%	4.00%	0.70%	0.04%	0.00%
DL2	0.00%	28.38%	63.37%	7.58%	0.67%	0.00%
DL3	0.00%	13.65%	39.08%	42.30%	4.97%	0.00%
DL4	0.00%	16.47%	28.98%	37.34%	17.21%	0.00%
DL5	-nan%	-nan%	-nan%	-nan%	-nan%	-nan%


Tabela Comparativa das Profundidades - Valores Absolutos (FRAME 15)
	AV1
HEVC	DL0	DL1	DL2	DL3	DL4	DL5
DL1	11264	34944	1728	192	0	0
DL2	0	7956	23592	2108	136	0
DL3	0	4828	10860	10520	864	0
DL4	0	2492	4732	4876	1788	0
DL5	0	0	0	0	0	0
Tabela Comparativa das Profundidades - Porcentagens (FRAME 15)
	AV1
HEVC	DL0	DL1	DL2	DL3	DL4	DL5
DL1	23.40%	72.61%	3.59%	0.40%	0.00%	0.00%
DL2	0.00%	23.54%	69.82%	6.24%	0.40%	0.00%
DL3	0.00%	17.83%	40.12%	38.86%	3.19%	0.00%
DL4	0.00%	17.94%	34.07%	35.11%	12.87%	0.00%
DL5	-nan%	-nan%	-nan%	-nan%	-nan%	-nan%


Tabela Comparativa das Profundidades - Valores Absolutos (FRAME 16)
	AV1
HEVC	DL0	DL1	DL2	DL3	DL4	DL5
DL1	7168	39146	2966	368	16	0
DL2	0	8760	22768	2080	56	0
DL3	0	4630	11694	10228	1048	0
DL4	0	2488	4232	3576	1656	0
DL5	0	0	0	0	0	0
Tabela Comparativa das Profundidades - Porcentagens (FRAME 16)
	AV1
HEVC	DL0	DL1	DL2	DL3	DL4	DL5
DL1	14.43%	78.82%	5.97%	0.74%	0.03%	0.00%
DL2	0.00%	26.02%	67.63%	6.18%	0.17%	0.00%
DL3	0.00%	16.78%	42.37%	37.06%	3.80%	0.00%
DL4	0.00%	20.82%	35.41%	29.92%	13.86%	0.00%
DL5	-nan%	-nan%	-nan%	-nan%	-nan%	-nan%


Tabela Comparativa das Profundidades - Valores Absolutos (FRAME 17)
	AV1
HEVC	DL0	DL1	DL2	DL3	DL4	DL5
DL1	4096	30136	1808	48	8	0
DL2	0	7616	21904	2144	80	0
DL3	0	4780	14604	15752	1072	0
DL4	0	2580	6084	7488	2680	0
DL5	0	0	0	0	0	0
Tabela Comparativa das Profundidades - Porcentagens (FRAME 17)
	AV1
HEVC	DL0	DL1	DL2	DL3	DL4	DL5
DL1	11.35%	83.49%	5.01%	0.13%	0.02%	0.00%
DL2	0.00%	23.99%	69.00%	6.75%	0.25%	0.00%
DL3	0.00%	13.20%	40.33%	43.50%	2.96%	0.00%
DL4	0.00%	13.70%	32.31%	39.76%	14.23%	0.00%
DL5	-nan%	-nan%	-nan%	-nan%	-nan%	-nan%


Tabela Comparativa das Profundidades - Valores Absolutos (FRAME 18)
	AV1
HEVC	DL0	DL1	DL2	DL3	DL4	DL5
DL1	8192	33488	2352	240	16	0
DL2	0	7728	27584	2224	32	0
DL3	0	4624	11620	10992	1004	0
DL4	0	2424	3744	4552	2064	0
DL5	0	0	0	0	0	0
Tabela Comparativa das Profundidades - Porcentagens (FRAME 18)
	AV1
HEVC	DL0	DL1	DL2	DL3	DL4	DL5
DL1	18.50%	75.61%	5.31%	0.54%	0.04%	0.00%
DL2	0.00%	20.57%	73.42%	5.92%	0.09%	0.00%
DL3	0.00%	16.37%	41.15%	38.92%	3.56%	0.00%
DL4	0.00%	18.96%	29.29%	35.61%	16.15%	0.00%
DL5	-nan%	-nan%	-nan%	-nan%	-nan%	-nan%


Tabela Comparativa das Profundidades - Valores Absolutos (FRAME 19)
	AV1
HEVC	DL0	DL1	DL2	DL3	DL4	DL5
DL1	9216	35840	2560	192	64	0
DL2	0	4480	27968	2800	144	0
DL3	0	2128	11488	11776	1072	0
DL4	0	1072	4064	5360	2656	0
DL5	0	0	0	0	0	0
Tabela Comparativa das Profundidades - Porcentagens (FRAME 19)
	AV1
HEVC	DL0	DL1	DL2	DL3	DL4	DL5
DL1	19.25%	74.87%	5.35%	0.40%	0.13%	0.00%
DL2	0.00%	12.66%	79.02%	7.91%	0.41%	0.00%
DL3	0.00%	8.04%	43.41%	44.50%	4.05%	0.00%
DL4	0.00%	8.15%	30.90%	40.75%	20.19%	0.00%
DL5	-nan%	-nan%	-nan%	-nan%	-nan%	-nan%


Tabela Comparativa das Profundidades - Valores Absolutos (FRAME 20)
	AV1
HEVC	DL0	DL1	DL2	DL3	DL4	DL5
DL1	512	3720	116	4	0	0
DL2	2624	7232	7476	1356	448	0
DL3	4544	7556	12116	6800	1528	0
DL4	8704	9988	21648	17736	8772	0
DL5	0	0	0	0	0	0
Tabela Comparativa das Profundidades - Porcentagens (FRAME 20)
	AV1
HEVC	DL0	DL1	DL2	DL3	DL4	DL5
DL1	11.76%	85.48%	2.67%	0.09%	0.00%	0.00%
DL2	13.71%	37.79%	39.07%	7.09%	2.34%	0.00%
DL3	13.96%	23.22%	37.23%	20.89%	4.70%	0.00%
DL4	13.02%	14.94%	32.38%	26.53%	13.12%	0.00%
DL5	-nan%	-nan%	-nan%	-nan%	-nan%	-nan%


Tabela Comparativa das Profundidades - Valores Absolutos (FRAME 21)
	AV1
HEVC	DL0	DL1	DL2	DL3	DL4	DL5
DL1	10496	14080	1312	336	144	0
DL2	512	6336	13168	1408	336	0
DL3	192	3936	19268	14128	1804	0
DL4	64	2016	15488	12736	5120	0
DL5	0	0	0	0	0	0
Tabela Comparativa das Profundidades - Porcentagens (FRAME 21)
	AV1
HEVC	DL0	DL1	DL2	DL3	DL4	DL5
DL1	39.81%	53.40%	4.98%	1.27%	0.55%	0.00%
DL2	2.35%	29.12%	60.51%	6.47%	1.54%	0.00%
DL3	0.49%	10.01%	48.99%	35.92%	4.59%	0.00%
DL4	0.18%	5.69%	43.72%	35.95%	14.45%	0.00%
DL5	-nan%	-nan%	-nan%	-nan%	-nan%	-nan%


Tabela Comparativa das Profundidades - Valores Absolutos (FRAME 22)
	AV1
HEVC	DL0	DL1	DL2	DL3	DL4	DL5
DL1	12800	13568	1408	704	448	0
DL2	448	5248	18672	2080	304	0
DL3	32	2768	19092	17308	2304	0
DL4	32	1640	9380	9744	4900	0
DL5	0	0	0	0	0	0
Tabela Comparativa das Profundidades - Porcentagens (FRAME 22)
	AV1
HEVC	DL0	DL1	DL2	DL3	DL4	DL5
DL1	44.25%	46.90%	4.87%	2.43%	1.55%	0.00%
DL2	1.67%	19.62%	69.80%	7.78%	1.14%	0.00%
DL3	0.08%	6.67%	46.00%	41.70%	5.55%	0.00%
DL4	0.12%	6.38%	36.50%	37.92%	19.07%	0.00%
DL5	-nan%	-nan%	-nan%	-nan%	-nan%	-nan%


Tabela Comparativa das Profundidades - Valores Absolutos (FRAME 23)
	AV1
HEVC	DL0	DL1	DL2	DL3	DL4	DL5
DL1	13056	18176	1216	576	0	0
DL2	192	7768	22084	2988	120	0
DL3	64	2392	16044	15488	1004	0
DL4	0	1424	7244	9808	3236	0
DL5	0	0	0	0	0	0
Tabela Comparativa das Profundidades - Porcentagens (FRAME 23)
	AV1
HEVC	DL0	DL1	DL2	DL3	DL4	DL5
DL1	39.53%	55.04%	3.68%	1.74%	0.00%	0.00%
DL2	0.58%	23.43%	66.61%	9.01%	0.36%	0.00%
DL3	0.18%	6.84%	45.85%	44.26%	2.87%	0.00%
DL4	0.00%	6.56%	33.36%	45.17%	14.90%	0.00%
DL5	-nan%	-nan%	-nan%	-nan%	-nan%	-nan%


Tabela Comparativa das Profundidades - Valores Absolutos (FRAME 24)
	AV1
HEVC	DL0	DL1	DL2	DL3	DL4	DL5
DL1	13824	17920	2880	880	80	0
DL2	384	3648	29136	3056	64	0
DL3	112	1728	17812	13988	840	0
DL4	16	1024	7592	6272	1624	0
DL5	0	0	0	0	0	0
Tabela Comparativa das Profundidades - Porcentagens (FRAME 24)
	AV1
HEVC	DL0	DL1	DL2	DL3	DL4	DL5
DL1	38.85%	50.36%	8.09%	2.47%	0.22%	0.00%
DL2	1.06%	10.05%	80.29%	8.42%	0.18%	0.00%
DL3	0.32%	5.01%	51.66%	40.57%	2.44%	0.00%
DL4	0.10%	6.20%	45.93%	37.95%	9.83%	0.00%
DL5	-nan%	-nan%	-nan%	-nan%	-nan%	-nan%


Tabela Comparativa das Profundidades - Valores Absolutos (FRAME 25)
	AV1
HEVC	DL0	DL1	DL2	DL3	DL4	DL5
DL1	11008	27400	3960	640	0	0
DL2	256	7316	28916	2640	40	0
DL3	0	2964	14276	10304	648	0
DL4	0	1512	5824	3784	1392	0
DL5	0	0	0	0	0	0
Tabela Comparativa das Profundidades - Porcentagens (FRAME 25)
	AV1
HEVC	DL0	DL1	DL2	DL3	DL4	DL5
DL1	25.60%	63.71%	9.21%	1.49%	0.00%	0.00%
DL2	0.65%	18.68%	73.83%	6.74%	0.10%	0.00%
DL3	0.00%	10.51%	50.64%	36.55%	2.30%	0.00%
DL4	0.00%	12.08%	46.55%	30.24%	11.13%	0.00%
DL5	-nan%	-nan%	-nan%	-nan%	-nan%	-nan%


Tabela Comparativa das Profundidades - Valores Absolutos (FRAME 26)
	AV1
HEVC	DL0	DL1	DL2	DL3	DL4	DL5
DL1	8192	26240	4800	432	16	0
DL2	0	6016	30400	3392	192	0
DL3	0	2496	14848	11288	552	0
DL4	0	1216	6344	4384	2072	0
DL5	0	0	0	0	0	0
Tabela Comparativa das Profundidades - Porcentagens (FRAME 26)
	AV1
HEVC	DL0	DL1	DL2	DL3	DL4	DL5
DL1	20.65%	66.13%	12.10%	1.09%	0.04%	0.00%
DL2	0.00%	15.04%	76.00%	8.48%	0.48%	0.00%
DL3	0.00%	8.55%	50.88%	38.68%	1.89%	0.00%
DL4	0.00%	8.68%	45.26%	31.28%	14.78%	0.00%
DL5	-nan%	-nan%	-nan%	-nan%	-nan%	-nan%


Tabela Comparativa das Profundidades - Valores Absolutos (FRAME 27)
	AV1
HEVC	DL0	DL1	DL2	DL3	DL4	DL5
DL1	9728	18656	1760	848	240	0
DL2	384	4672	28112	2904	472	0
DL3	96	2256	16598	15742	1148	0
DL4	32	1456	6930	7450	3396	0
DL5	0	0	0	0	0	0
Tabela Comparativa das Profundidades - Porcentagens (FRAME 27)
	AV1
HEVC	DL0	DL1	DL2	DL3	DL4	DL5
DL1	31.15%	59.73%	5.64%	2.72%	0.77%	0.00%
DL2	1.05%	12.78%	76.93%	7.95%	1.29%	0.00%
DL3	0.27%	6.29%	46.31%	43.92%	3.20%	0.00%
DL4	0.17%	7.56%	35.97%	38.67%	17.63%	0.00%
DL5	-nan%	-nan%	-nan%	-nan%	-nan%	-nan%


Tabela Comparativa das Profundidades - Valores Absolutos (FRAME 28)
	AV1
HEVC	DL0	DL1	DL2	DL3	DL4	DL5
DL1	9216	33536	3328	256	0	0
DL2	0	5248	29696	2608	272	0
DL3	0	2304	12896	10816	896	0
DL4	0	640	4832	4176	2160	0
DL5	0	0	0	0	0	0
Tabela Comparativa das Profundidades - Porcentagens (FRAME 28)
	AV1
HEVC	DL0	DL1	DL2	DL3	DL4	DL5
DL1	19.89%	72.38%	7.18%	0.55%	0.00%	0.00%
DL2	0.00%	13.87%	78.51%	6.90%	0.72%	0.00%
DL3	0.00%	8.56%	47.92%	40.19%	3.33%	0.00%
DL4	0.00%	5.42%	40.92%	35.37%	18.29%	0.00%
DL5	-nan%	-nan%	-nan%	-nan%	-nan%	-nan%


Tabela Comparativa das Profundidades - Valores Absolutos (FRAME 29)
	AV1
HEVC	DL0	DL1	DL2	DL3	DL4	DL5
DL1	12032	32136	2816	856	32	0
DL2	192	5560	25360	2632	48	0
DL3	48	2780	13028	10800	688	0
DL4	16	1460	5764	4416	2216	0
DL5	0	0	0	0	0	0
Tabela Comparativa das Profundidades - Porcentagens (FRAME 29)
	AV1
HEVC	DL0	DL1	DL2	DL3	DL4	DL5
DL1	25.13%	67.13%	5.88%	1.79%	0.07%	0.00%
DL2	0.57%	16.45%	75.05%	7.79%	0.14%	0.00%
DL3	0.18%	10.17%	47.64%	39.50%	2.52%	0.00%
DL4	0.12%	10.52%	41.55%	31.83%	15.97%	0.00%
DL5	-nan%	-nan%	-nan%	-nan%	-nan%	-nan%


Tabela Comparativa das Profundidades - Valores Absolutos (FRAME 30)
	AV1
HEVC	DL0	DL1	DL2	DL3	DL4	DL5
DL1	11008	21916	1864	604	192	0
DL2	192	5564	26592	2128	340	0
DL3	48	3048	15104	13176	1088	0
DL4	16	1664	7060	8068	3208	0
DL5	0	0	0	0	0	0
Tabela Comparativa das Profundidades - Porcentagens (FRAME 30)
	AV1
HEVC	DL0	DL1	DL2	DL3	DL4	DL5
DL1	30.94%	61.59%	5.24%	1.70%	0.54%	0.00%
DL2	0.55%	15.98%	76.38%	6.11%	0.98%	0.00%
DL3	0.15%	9.39%	46.53%	40.59%	3.35%	0.00%
DL4	0.08%	8.31%	35.27%	40.31%	16.03%	0.00%
DL5	-nan%	-nan%	-nan%	-nan%	-nan%	-nan%


Tabela Comparativa das Profundidades - Valores Absolutos (FRAME 31)
	AV1
HEVC	DL0	DL1	DL2	DL3	DL4	DL5
DL1	9472	22016	1088	192	0	0
DL2	1348	4432	23656	2372	128	0
DL3	1516	2592	15528	15152	812	0
DL4	932	1896	7804	8676	3268	0
DL5	0	0	0	0	0	0
Tabela Comparativa das Profundidades - Porcentagens (FRAME 31)
	AV1
HEVC	DL0	DL1	DL2	DL3	DL4	DL5
DL1	28.91%	67.19%	3.32%	0.59%	0.00%	0.00%
DL2	4.22%	13.88%	74.07%	7.43%	0.40%	0.00%
DL3	4.26%	7.28%	43.62%	42.56%	2.28%	0.00%
DL4	4.13%	8.40%	34.57%	38.43%	14.48%	0.00%
DL5	-nan%	-nan%	-nan%	-nan%	-nan%	-nan%


Tabela Comparativa das Profundidades - Valores Absolutos (FRAME 32)
	AV1
HEVC	DL0	DL1	DL2	DL3	DL4	DL5
DL1	11264	24432	1932	468	48	0
DL2	0	6984	28204	2620	208	0
DL3	0	3412	14128	12228	744	0
DL4	0	1672	5908	6520	2108	0
DL5	0	0	0	0	0	0
Tabela Comparativa das Profundidades - Porcentagens (FRAME 32)
	AV1
HEVC	DL0	DL1	DL2	DL3	DL4	DL5
DL1	29.53%	64.05%	5.07%	1.23%	0.13%	0.00%
DL2	0.00%	18.37%	74.19%	6.89%	0.55%	0.00%
DL3	0.00%	11.18%	46.30%	40.08%	2.44%	0.00%
DL4	0.00%	10.32%	36.45%	40.23%	13.01%	0.00%
DL5	-nan%	-nan%	-nan%	-nan%	-nan%	-nan%


Tabela Comparativa das Profundidades - Valores Absolutos (FRAME 33)
	AV1
HEVC	DL0	DL1	DL2	DL3	DL4	DL5
DL1	11264	33220	1800	268	40	0
DL2	0	5300	28168	2888	252	0
DL3	0	3128	11848	11044	1116	0
DL4	0	1352	5012	4116	2064	0
DL5	0	0	0	0	0	0
Tabela Comparativa das Profundidades - Porcentagens (FRAME 33)
	AV1
HEVC	DL0	DL1	DL2	DL3	DL4	DL5
DL1	24.18%	71.30%	3.86%	0.58%	0.09%	0.00%
DL2	0.00%	14.48%	76.94%	7.89%	0.69%	0.00%
DL3	0.00%	11.53%	43.66%	40.70%	4.11%	0.00%
DL4	0.00%	10.78%	39.96%	32.81%	16.45%	0.00%
DL5	-nan%	-nan%	-nan%	-nan%	-nan%	-nan%


Tabela Comparativa das Profundidades - Valores Absolutos (FRAME 34)
	AV1
HEVC	DL0	DL1	DL2	DL3	DL4	DL5
DL1	9984	33544	2268	524	16	0
DL2	256	6900	27576	2156	104	0
DL3	0	3628	12600	9532	400	0
DL4	0	1972	5280	4180	1960	0
DL5	0	0	0	0	0	0
Tabela Comparativa das Profundidades - Porcentagens (FRAME 34)
	AV1
HEVC	DL0	DL1	DL2	DL3	DL4	DL5
DL1	21.55%	72.39%	4.89%	1.13%	0.03%	0.00%
DL2	0.69%	18.65%	74.55%	5.83%	0.28%	0.00%
DL3	0.00%	13.87%	48.17%	36.44%	1.53%	0.00%
DL4	0.00%	14.73%	39.43%	31.21%	14.64%	0.00%
DL5	-nan%	-nan%	-nan%	-nan%	-nan%	-nan%


Tabela Comparativa das Profundidades - Valores Absolutos (FRAME 35)
	AV1
HEVC	DL0	DL1	DL2	DL3	DL4	DL5
DL1	9984	16384	1792	0	0	0
DL2	1972	6928	27256	2572	184	0
DL3	1208	3312	15912	15104	960	0
DL4	512	1656	6732	7548	2864	0
DL5	0	0	0	0	0	0
Tabela Comparativa das Profundidades - Porcentagens (FRAME 35)
	AV1
HEVC	DL0	DL1	DL2	DL3	DL4	DL5
DL1	35.45%	58.18%	6.36%	0.00%	0.00%	0.00%
DL2	5.07%	17.80%	70.05%	6.61%	0.47%	0.00%
DL3	3.31%	9.07%	43.60%	41.39%	2.63%	0.00%
DL4	2.65%	8.57%	34.86%	39.08%	14.83%	0.00%
DL5	-nan%	-nan%	-nan%	-nan%	-nan%	-nan%


Tabela Comparativa das Profundidades - Valores Absolutos (FRAME 36)
	AV1
HEVC	DL0	DL1	DL2	DL3	DL4	DL5
DL1	9216	28160	2808	264	0	0
DL2	0	7232	31900	2772	16	0
DL3	0	3184	11780	11396	712	0
DL4	0	1552	5364	4324	2200	0
DL5	0	0	0	0	0	0
Tabela Comparativa das Profundidades - Porcentagens (FRAME 36)
	AV1
HEVC	DL0	DL1	DL2	DL3	DL4	DL5
DL1	22.78%	69.62%	6.94%	0.65%	0.00%	0.00%
DL2	0.00%	17.25%	76.10%	6.61%	0.04%	0.00%
DL3	0.00%	11.76%	43.51%	42.10%	2.63%	0.00%
DL4	0.00%	11.55%	39.91%	32.17%	16.37%	0.00%
DL5	-nan%	-nan%	-nan%	-nan%	-nan%	-nan%


Tabela Comparativa das Profundidades - Valores Absolutos (FRAME 37)
	AV1
HEVC	DL0	DL1	DL2	DL3	DL4	DL5
DL1	14336	29696	2880	160	32	0
DL2	0	5632	28032	2464	32	0
DL3	0	3328	12176	11280	448	0
DL4	0	1024	4400	5088	1872	0
DL5	0	0	0	0	0	0
Tabela Comparativa das Profundidades - Porcentagens (FRAME 37)
	AV1
HEVC	DL0	DL1	DL2	DL3	DL4	DL5
DL1	30.43%	63.04%	6.11%	0.34%	0.07%	0.00%
DL2	0.00%	15.58%	77.52%	6.81%	0.09%	0.00%
DL3	0.00%	12.22%	44.71%	41.42%	1.65%	0.00%
DL4	0.00%	8.27%	35.53%	41.09%	15.12%	0.00%
DL5	-nan%	-nan%	-nan%	-nan%	-nan%	-nan%


Tabela Comparativa das Profundidades - Valores Absolutos (FRAME 38)
	AV1
HEVC	DL0	DL1	DL2	DL3	DL4	DL5
DL1	12672	13568	704	160	32	0
DL2	4128	5504	17292	1300	256	0
DL3	2016	2168	15096	9464	1544	0
DL4	1120	2880	13220	13388	6368	0
DL5	0	0	0	0	0	0
Tabela Comparativa das Profundidades - Porcentagens (FRAME 38)
	AV1
HEVC	DL0	DL1	DL2	DL3	DL4	DL5
DL1	46.70%	50.00%	2.59%	0.59%	0.12%	0.00%
DL2	14.49%	19.33%	60.72%	4.56%	0.90%	0.00%
DL3	6.66%	7.16%	49.84%	31.25%	5.10%	0.00%
DL4	3.03%	7.79%	35.75%	36.21%	17.22%	0.00%
DL5	-nan%	-nan%	-nan%	-nan%	-nan%	-nan%


Tabela Comparativa das Profundidades - Valores Absolutos (FRAME 39)
	AV1
HEVC	DL0	DL1	DL2	DL3	DL4	DL5
DL1	9984	20736	576	192	0	0
DL2	128	3840	16256	2300	324	0
DL3	0	2780	19628	15072	1096	0
DL4	128	1572	11602	12534	4132	0
DL5	0	0	0	0	0	0
Tabela Comparativa das Profundidades - Porcentagens (FRAME 39)
	AV1
HEVC	DL0	DL1	DL2	DL3	DL4	DL5
DL1	31.71%	65.85%	1.83%	0.61%	0.00%	0.00%
DL2	0.56%	16.81%	71.15%	10.07%	1.42%	0.00%
DL3	0.00%	7.21%	50.88%	39.07%	2.84%	0.00%
DL4	0.43%	5.25%	38.71%	41.82%	13.79%	0.00%
DL5	-nan%	-nan%	-nan%	-nan%	-nan%	-nan%


Tabela Comparativa das Profundidades - Valores Absolutos (FRAME 40)
	AV1
HEVC	DL0	DL1	DL2	DL3	DL4	DL5
DL1	12288	17664	1408	128	0	0
DL2	0	3488	21272	2216	160	0
DL3	0	2780	18660	16888	1384	0
DL4	0	1624	8244	10108	4568	0
DL5	0	0	0	0	0	0
Tabela Comparativa das Profundidades - Porcentagens (FRAME 40)
	AV1
HEVC	DL0	DL1	DL2	DL3	DL4	DL5
DL1	39.02%	56.10%	4.47%	0.41%	0.00%	0.00%
DL2	0.00%	12.85%	78.39%	8.17%	0.59%	0.00%
DL3	0.00%	7.00%	46.99%	42.53%	3.49%	0.00%
DL4	0.00%	6.62%	33.59%	41.18%	18.61%	0.00%
DL5	-nan%	-nan%	-nan%	-nan%	-nan%	-nan%


Tabela Comparativa das Profundidades - Valores Absolutos (FRAME 41)
	AV1
HEVC	DL0	DL1	DL2	DL3	DL4	DL5
DL1	13312	20480	1448	248	96	0
DL2	0	4624	23336	2504	320	0
DL3	0	3068	17384	14036	1032	0
DL4	0	1460	7292	8668	3572	0
DL5	0	0	0	0	0	0
Tabela Comparativa das Profundidades - Porcentagens (FRAME 41)
	AV1
HEVC	DL0	DL1	DL2	DL3	DL4	DL5
DL1	37.41%	57.55%	4.07%	0.70%	0.27%	0.00%
DL2	0.00%	15.02%	75.81%	8.13%	1.04%	0.00%
DL3	0.00%	8.64%	48.94%	39.52%	2.91%	0.00%
DL4	0.00%	6.96%	34.74%	41.29%	17.02%	0.00%
DL5	-nan%	-nan%	-nan%	-nan%	-nan%	-nan%


Tabela Comparativa das Profundidades - Valores Absolutos (FRAME 42)
	AV1
HEVC	DL0	DL1	DL2	DL3	DL4	DL5
DL1	15872	19456	1216	64	0	0
DL2	3048	4096	26568	2032	96	0
DL3	2464	2864	15472	12104	824	0
DL4	1080	1488	6256	6064	1816	0
DL5	0	0	0	0	0	0
Tabela Comparativa das Profundidades - Porcentagens (FRAME 42)
	AV1
HEVC	DL0	DL1	DL2	DL3	DL4	DL5
DL1	43.36%	53.15%	3.32%	0.17%	0.00%	0.00%
DL2	8.50%	11.43%	74.13%	5.67%	0.27%	0.00%
DL3	7.31%	8.49%	45.87%	35.89%	2.44%	0.00%
DL4	6.47%	8.91%	37.45%	36.30%	10.87%	0.00%
DL5	-nan%	-nan%	-nan%	-nan%	-nan%	-nan%


Tabela Comparativa das Profundidades - Valores Absolutos (FRAME 43)
	AV1
HEVC	DL0	DL1	DL2	DL3	DL4	DL5
DL1	11456	28928	2304	544	32	0
DL2	1944	7924	24568	2860	80	0
DL3	1104	4266	13062	9848	584	0
DL4	888	1820	4908	4584	1176	0
DL5	0	0	0	0	0	0
Tabela Comparativa das Profundidades - Porcentagens (FRAME 43)
	AV1
HEVC	DL0	DL1	DL2	DL3	DL4	DL5
DL1	26.48%	66.86%	5.33%	1.26%	0.07%	0.00%
DL2	5.20%	21.20%	65.73%	7.65%	0.21%	0.00%
DL3	3.82%	14.78%	45.25%	34.12%	2.02%	0.00%
DL4	6.64%	13.61%	36.69%	34.27%	8.79%	0.00%
DL5	-nan%	-nan%	-nan%	-nan%	-nan%	-nan%


Tabela Comparativa das Profundidades - Valores Absolutos (FRAME 44)
	AV1
HEVC	DL0	DL1	DL2	DL3	DL4	DL5
DL1	9216	27872	1952	128	0	0
DL2	0	5616	30432	3048	72	0
DL3	0	3876	12852	12800	616	0
DL4	0	1572	5276	6056	1496	0
DL5	0	0	0	0	0	0
Tabela Comparativa das Profundidades - Porcentagens (FRAME 44)
	AV1
HEVC	DL0	DL1	DL2	DL3	DL4	DL5
DL1	23.53%	71.16%	4.98%	0.33%	0.00%	0.00%
DL2	0.00%	14.34%	77.70%	7.78%	0.18%	0.00%
DL3	0.00%	12.86%	42.64%	42.46%	2.04%	0.00%
DL4	0.00%	10.92%	36.64%	42.06%	10.39%	0.00%
DL5	-nan%	-nan%	-nan%	-nan%	-nan%	-nan%


Tabela Comparativa das Profundidades - Valores Absolutos (FRAME 45)
	AV1
HEVC	DL0	DL1	DL2	DL3	DL4	DL5
DL1	13312	20480	1472	320	0	0
DL2	0	6592	22276	2644	40	0
DL3	0	3912	16466	15994	1068	0
DL4	0	2080	6576	6904	2744	0
DL5	0	0	0	0	0	0
Tabela Comparativa das Profundidades - Porcentagens (FRAME 45)
	AV1
HEVC	DL0	DL1	DL2	DL3	DL4	DL5
DL1	37.41%	57.55%	4.14%	0.90%	0.00%	0.00%
DL2	0.00%	20.89%	70.60%	8.38%	0.13%	0.00%
DL3	0.00%	10.45%	43.98%	42.72%	2.85%	0.00%
DL4	0.00%	11.36%	35.93%	37.72%	14.99%	0.00%
DL5	-nan%	-nan%	-nan%	-nan%	-nan%	-nan%


Tabela Comparativa das Profundidades - Valores Absolutos (FRAME 46)
	AV1
HEVC	DL0	DL1	DL2	DL3	DL4	DL5
DL1	12288	34560	2112	192	0	0
DL2	0	5376	25920	3040	32	0
DL3	0	2800	11632	12992	528	0
DL4	0	1040	3664	4992	1712	0
DL5	0	0	0	0	0	0
Tabela Comparativa das Profundidades - Porcentagens (FRAME 46)
	AV1
HEVC	DL0	DL1	DL2	DL3	DL4	DL5
DL1	25.00%	70.31%	4.30%	0.39%	0.00%	0.00%
DL2	0.00%	15.64%	75.42%	8.85%	0.09%	0.00%
DL3	0.00%	10.02%	41.61%	46.48%	1.89%	0.00%
DL4	0.00%	9.12%	32.12%	43.76%	15.01%	0.00%
DL5	-nan%	-nan%	-nan%	-nan%	-nan%	-nan%


Tabela Comparativa das Profundidades - Valores Absolutos (FRAME 47)
	AV1
HEVC	DL0	DL1	DL2	DL3	DL4	DL5
DL1	13056	29952	1920	384	0	0
DL2	256	5936	26688	3072	272	0
DL3	0	2480	13056	11552	656	0
DL4	0	1408	5344	4800	2048	0
DL5	0	0	0	0	0	0
Tabela Comparativa das Profundidades - Porcentagens (FRAME 47)
	AV1
HEVC	DL0	DL1	DL2	DL3	DL4	DL5
DL1	28.81%	66.10%	4.24%	0.85%	0.00%	0.00%
DL2	0.71%	16.39%	73.67%	8.48%	0.75%	0.00%
DL3	0.00%	8.94%	47.06%	41.64%	2.36%	0.00%
DL4	0.00%	10.35%	39.29%	35.29%	15.06%	0.00%
DL5	-nan%	-nan%	-nan%	-nan%	-nan%	-nan%


Tabela Comparativa das Profundidades - Valores Absolutos (FRAME 48)
	AV1
HEVC	DL0	DL1	DL2	DL3	DL4	DL5
DL1	6656	29184	2880	432	16	0
DL2	384	6336	23032	2416	88	0
DL3	96	3032	15552	12272	888	0
DL4	32	1632	7816	6744	3392	0
DL5	0	0	0	0	0	0
Tabela Comparativa das Profundidades - Porcentagens (FRAME 48)
	AV1
HEVC	DL0	DL1	DL2	DL3	DL4	DL5
DL1	16.99%	74.51%	7.35%	1.10%	0.04%	0.00%
DL2	1.19%	19.64%	71.40%	7.49%	0.27%	0.00%
DL3	0.30%	9.52%	48.84%	38.54%	2.79%	0.00%
DL4	0.16%	8.32%	39.85%	34.38%	17.29%	0.00%
DL5	-nan%	-nan%	-nan%	-nan%	-nan%	-nan%


Tabela Comparativa das Profundidades - Valores Absolutos (FRAME 49)
	AV1
HEVC	DL0	DL1	DL2	DL3	DL4	DL5
DL1	8960	22016	2368	192	0	0
DL2	192	4064	28360	2504	80	0
DL3	48	2936	16192	14416	1192	0
DL4	16	1312	7000	7628	3404	0
DL5	0	0	0	0	0	0
Tabela Comparativa das Profundidades - Porcentagens (FRAME 49)
	AV1
HEVC	DL0	DL1	DL2	DL3	DL4	DL5
DL1	26.72%	65.65%	7.06%	0.57%	0.00%	0.00%
DL2	0.55%	11.55%	80.57%	7.11%	0.23%	0.00%
DL3	0.14%	8.44%	46.55%	41.44%	3.43%	0.00%
DL4	0.08%	6.78%	36.16%	39.40%	17.58%	0.00%
DL5	-nan%	-nan%	-nan%	-nan%	-nan%	-nan%


Tabela Comparativa das Profundidades - Valores Absolutos (FRAME 50)
	AV1
HEVC	DL0	DL1	DL2	DL3	DL4	DL5
DL1	11520	24576	2752	320	0	0
DL2	704	8364	28120	2668	144	0
DL3	64	3088	13044	12372	648	0
DL4	0	1584	5436	5796	1680	0
DL5	0	0	0	0	0	0
Tabela Comparativa das Profundidades - Porcentagens (FRAME 50)
	AV1
HEVC	DL0	DL1	DL2	DL3	DL4	DL5
DL1	29.41%	62.75%	7.03%	0.82%	0.00%	0.00%
DL2	1.76%	20.91%	70.30%	6.67%	0.36%	0.00%
DL3	0.22%	10.57%	44.65%	42.35%	2.22%	0.00%
DL4	0.00%	10.93%	37.50%	39.98%	11.59%	0.00%
DL5	-nan%	-nan%	-nan%	-nan%	-nan%	-nan%


Tabela Comparativa das Profundidades - Valores Absolutos (FRAME 51)
	AV1
HEVC	DL0	DL1	DL2	DL3	DL4	DL5
DL1	12288	26624	3264	544	32	0
DL2	0	4672	30684	2188	344	0
DL3	0	2416	14612	11036	688	0
DL4	0	1104	6088	4680	1616	0
DL5	0	0	0	0	0	0
Tabela Comparativa das Profundidades - Porcentagens (FRAME 51)
	AV1
HEVC	DL0	DL1	DL2	DL3	DL4	DL5
DL1	28.74%	62.28%	7.63%	1.27%	0.07%	0.00%
DL2	0.00%	12.33%	80.99%	5.77%	0.91%	0.00%
DL3	0.00%	8.40%	50.82%	38.38%	2.39%	0.00%
DL4	0.00%	8.19%	45.14%	34.70%	11.98%	0.00%
DL5	-nan%	-nan%	-nan%	-nan%	-nan%	-nan%


Tabela Comparativa das Profundidades - Valores Absolutos (FRAME 52)
	AV1
HEVC	DL0	DL1	DL2	DL3	DL4	DL5
DL1	11068	30856	1660	192	0	0
DL2	2736	4344	27952	2072	144	0
DL3	1320	2592	12820	11164	680	0
DL4	840	1792	4656	4448	1544	0
DL5	0	0	0	0	0	0
Tabela Comparativa das Profundidades - Porcentagens (FRAME 52)
	AV1
HEVC	DL0	DL1	DL2	DL3	DL4	DL5
DL1	25.28%	70.49%	3.79%	0.44%	0.00%	0.00%
DL2	7.35%	11.66%	75.04%	5.56%	0.39%	0.00%
DL3	4.62%	9.07%	44.86%	39.07%	2.38%	0.00%
DL4	6.33%	13.49%	35.06%	33.49%	11.63%	0.00%
DL5	-nan%	-nan%	-nan%	-nan%	-nan%	-nan%


Tabela Comparativa das Profundidades - Valores Absolutos (FRAME 53)
	AV1
HEVC	DL0	DL1	DL2	DL3	DL4	DL5
DL1	8192	24032	1632	192	0	0
DL2	1452	6832	24536	2332	112	0
DL3	1064	2768	15284	14892	1048	0
DL4	700	1232	6348	7440	2792	0
DL5	0	0	0	0	0	0
Tabela Comparativa das Profundidades - Porcentagens (FRAME 53)
	AV1
HEVC	DL0	DL1	DL2	DL3	DL4	DL5
DL1	24.06%	70.58%	4.79%	0.56%	0.00%	0.00%
DL2	4.12%	19.37%	69.58%	6.61%	0.32%	0.00%
DL3	3.04%	7.90%	43.60%	42.48%	2.99%	0.00%
DL4	3.78%	6.66%	34.29%	40.19%	15.08%	0.00%
DL5	-nan%	-nan%	-nan%	-nan%	-nan%	-nan%


Tabela Comparativa das Profundidades - Valores Absolutos (FRAME 54)
	AV1
HEVC	DL0	DL1	DL2	DL3	DL4	DL5
DL1	8192	31872	4736	512	0	0
DL2	0	5872	26736	1968	176	0
DL3	0	4224	14640	10960	640	0
DL4	0	1664	4800	4064	1824	0
DL5	0	0	0	0	0	0
Tabela Comparativa das Profundidades - Porcentagens (FRAME 54)
	AV1
HEVC	DL0	DL1	DL2	DL3	DL4	DL5
DL1	18.08%	70.34%	10.45%	1.13%	0.00%	0.00%
DL2	0.00%	16.90%	76.93%	5.66%	0.51%	0.00%
DL3	0.00%	13.87%	48.06%	35.98%	2.10%	0.00%
DL4	0.00%	13.47%	38.86%	32.90%	14.77%	0.00%
DL5	-nan%	-nan%	-nan%	-nan%	-nan%	-nan%


Tabela Comparativa das Profundidades - Valores Absolutos (FRAME 55)
	AV1
HEVC	DL0	DL1	DL2	DL3	DL4	DL5
DL1	9216	35584	1280	0	0	0
DL2	0	3776	29824	2272	160	0
DL3	0	2368	11792	12864	688	0
DL4	0	1024	4208	5744	2080	0
DL5	0	0	0	0	0	0
Tabela Comparativa das Profundidades - Porcentagens (FRAME 55)
	AV1
HEVC	DL0	DL1	DL2	DL3	DL4	DL5
DL1	20.00%	77.22%	2.78%	0.00%	0.00%	0.00%
DL2	0.00%	10.48%	82.77%	6.31%	0.44%	0.00%
DL3	0.00%	8.55%	42.55%	46.42%	2.48%	0.00%
DL4	0.00%	7.84%	32.23%	44.00%	15.93%	0.00%
DL5	-nan%	-nan%	-nan%	-nan%	-nan%	-nan%


Tabela Comparativa das Profundidades - Valores Absolutos (FRAME 56)
	AV1
HEVC	DL0	DL1	DL2	DL3	DL4	DL5
DL1	7168	20152	1480	128	0	0
DL2	0	7440	20612	1848	116	0
DL3	0	4264	15036	12588	1472	0
DL4	0	2720	9720	12432	5704	0
DL5	0	0	0	0	0	0
Tabela Comparativa das Profundidades - Porcentagens (FRAME 56)
	AV1
HEVC	DL0	DL1	DL2	DL3	DL4	DL5
DL1	24.78%	69.66%	5.12%	0.44%	0.00%	0.00%
DL2	0.00%	24.79%	68.67%	6.16%	0.39%	0.00%
DL3	0.00%	12.78%	45.07%	37.73%	4.41%	0.00%
DL4	0.00%	8.90%	31.79%	40.66%	18.66%	0.00%
DL5	-nan%	-nan%	-nan%	-nan%	-nan%	-nan%


Tabela Comparativa das Profundidades - Valores Absolutos (FRAME 57)
	AV1
HEVC	DL0	DL1	DL2	DL3	DL4	DL5
DL1	7168	23040	728	552	0	0
DL2	0	6080	18096	2144	240	0
DL3	0	2992	18936	15612	1740	0
DL4	0	1420	8824	10828	4480	0
DL5	0	0	0	0	0	0
Tabela Comparativa das Profundidades - Porcentagens (FRAME 57)
	AV1
HEVC	DL0	DL1	DL2	DL3	DL4	DL5
DL1	22.76%	73.17%	2.31%	1.75%	0.00%	0.00%
DL2	0.00%	22.89%	68.13%	8.07%	0.90%	0.00%
DL3	0.00%	7.62%	48.21%	39.75%	4.43%	0.00%
DL4	0.00%	5.56%	34.53%	42.38%	17.53%	0.00%
DL5	-nan%	-nan%	-nan%	-nan%	-nan%	-nan%


Tabela Comparativa das Profundidades - Valores Absolutos (FRAME 58)
	AV1
HEVC	DL0	DL1	DL2	DL3	DL4	DL5
DL1	1024	31880	1380	228	48	0
DL2	0	5348	24168	3348	224	0
DL3	0	2856	14612	16180	1312	0
DL4	0	1556	6976	8204	3536	0
DL5	0	0	0	0	0	0
Tabela Comparativa das Profundidades - Porcentagens (FRAME 58)
	AV1
HEVC	DL0	DL1	DL2	DL3	DL4	DL5
DL1	2.96%	92.25%	3.99%	0.66%	0.14%	0.00%
DL2	0.00%	16.16%	73.04%	10.12%	0.68%	0.00%
DL3	0.00%	8.17%	41.80%	46.28%	3.75%	0.00%
DL4	0.00%	7.68%	34.41%	40.47%	17.44%	0.00%
DL5	-nan%	-nan%	-nan%	-nan%	-nan%	-nan%


Tabela Comparativa das Profundidades - Valores Absolutos (FRAME 59)
	AV1
HEVC	DL0	DL1	DL2	DL3	DL4	DL5
DL1	3072	34560	2752	496	80	0
DL2	0	6780	27124	2592	240	0
DL3	0	3620	12708	12344	1008	0
DL4	0	1776	5624	5616	2488	0
DL5	0	0	0	0	0	0
Tabela Comparativa das Profundidades - Porcentagens (FRAME 59)
	AV1
HEVC	DL0	DL1	DL2	DL3	DL4	DL5
DL1	7.50%	84.38%	6.72%	1.21%	0.20%	0.00%
DL2	0.00%	18.46%	73.83%	7.06%	0.65%	0.00%
DL3	0.00%	12.20%	42.82%	41.59%	3.40%	0.00%
DL4	0.00%	11.46%	36.27%	36.22%	16.05%	0.00%
DL5	-nan%	-nan%	-nan%	-nan%	-nan%	-nan%


Tabela Comparativa das Profundidades - Valores Absolutos (FRAME 60)
	AV1
HEVC	DL0	DL1	DL2	DL3	DL4	DL5
DL1	7168	37376	1152	560	80	0
DL2	0	8512	24352	1616	144	0
DL3	0	4320	12480	10872	888	0
DL4	0	2104	5104	4648	1504	0
DL5	0	0	0	0	0	0
Tabela Comparativa das Profundidades - Porcentagens (FRAME 60)
	AV1
HEVC	DL0	DL1	DL2	DL3	DL4	DL5
DL1	15.47%	80.66%	2.49%	1.21%	0.17%	0.00%
DL2	0.00%	24.58%	70.33%	4.67%	0.42%	0.00%
DL3	0.00%	15.13%	43.70%	38.07%	3.11%	0.00%
DL4	0.00%	15.75%	38.20%	34.79%	11.26%	0.00%
DL5	-nan%	-nan%	-nan%	-nan%	-nan%	-nan%


