Tabela Comparativa das Profundidades - Valores Absolutos (FRAME  1)
	AV1
HEVC	DL0	DL1	DL2	DL3	DL4	DL5
DL1	0	10752	3840	224	32	0
DL2	0	5248	15936	3296	1568	0
DL3	0	784	2240	13744	9584	0
DL4	0	368	2304	14080	38880	0
DL5	0	0	0	0	0	0
Tabela Comparativa das Profundidades - Porcentagens (FRAME  1)
	AV1
HEVC	DL0	DL1	DL2	DL3	DL4	DL5
DL1	0.00%	72.41%	25.86%	1.51%	0.22%	0.00%
DL2	0.00%	20.15%	61.18%	12.65%	6.02%	0.00%
DL3	0.00%	2.98%	8.50%	52.16%	36.37%	0.00%
DL4	0.00%	0.66%	4.14%	25.31%	69.89%	0.00%
DL5	-nan%	-nan%	-nan%	-nan%	-nan%	-nan%


Tabela Comparativa das Profundidades - Valores Absolutos (FRAME  2)
	AV1
HEVC	DL0	DL1	DL2	DL3	DL4	DL5
DL1	0	5524	904	420	64	0
DL2	0	4576	28308	10624	1036	0
DL3	0	1498	19292	26802	3112	0
DL4	0	1144	6016	9896	3664	0
DL5	0	0	0	0	0	0
Tabela Comparativa das Profundidades - Porcentagens (FRAME  2)
	AV1
HEVC	DL0	DL1	DL2	DL3	DL4	DL5
DL1	0.00%	79.92%	13.08%	6.08%	0.93%	0.00%
DL2	0.00%	10.27%	63.55%	23.85%	2.33%	0.00%
DL3	0.00%	2.95%	38.05%	52.86%	6.14%	0.00%
DL4	0.00%	5.52%	29.03%	47.76%	17.68%	0.00%
DL5	-nan%	-nan%	-nan%	-nan%	-nan%	-nan%


Tabela Comparativa das Profundidades - Valores Absolutos (FRAME  3)
	AV1
HEVC	DL0	DL1	DL2	DL3	DL4	DL5
DL1	0	15432	3960	544	32	0
DL2	0	11228	41940	4464	160	0
DL3	0	3504	18160	12688	672	0
DL4	0	1072	5040	3136	848	0
DL5	0	0	0	0	0	0
Tabela Comparativa das Profundidades - Porcentagens (FRAME  3)
	AV1
HEVC	DL0	DL1	DL2	DL3	DL4	DL5
DL1	0.00%	77.28%	19.83%	2.72%	0.16%	0.00%
DL2	0.00%	19.43%	72.57%	7.72%	0.28%	0.00%
DL3	0.00%	10.00%	51.85%	36.23%	1.92%	0.00%
DL4	0.00%	10.62%	49.92%	31.06%	8.40%	0.00%
DL5	-nan%	-nan%	-nan%	-nan%	-nan%	-nan%


Tabela Comparativa das Profundidades - Valores Absolutos (FRAME  4)
	AV1
HEVC	DL0	DL1	DL2	DL3	DL4	DL5
DL1	0	52738	8382	64	0	0
DL2	0	11798	27658	1920	160	0
DL3	0	1808	7128	4024	384	0
DL4	0	672	3248	1792	1104	0
DL5	0	0	0	0	0	0
Tabela Comparativa das Profundidades - Porcentagens (FRAME  4)
	AV1
HEVC	DL0	DL1	DL2	DL3	DL4	DL5
DL1	0.00%	86.20%	13.70%	0.10%	0.00%	0.00%
DL2	0.00%	28.40%	66.59%	4.62%	0.39%	0.00%
DL3	0.00%	13.55%	53.42%	30.16%	2.88%	0.00%
DL4	0.00%	9.86%	47.65%	26.29%	16.20%	0.00%
DL5	-nan%	-nan%	-nan%	-nan%	-nan%	-nan%


Tabela Comparativa das Profundidades - Valores Absolutos (FRAME  5)
	AV1
HEVC	DL0	DL1	DL2	DL3	DL4	DL5
DL1	0	62342	6794	752	0	0
DL2	0	8672	20584	2224	136	0
DL3	0	2384	6280	5408	472	0
DL4	0	988	2476	2256	1112	0
DL5	0	0	0	0	0	0
Tabela Comparativa das Profundidades - Porcentagens (FRAME  5)
	AV1
HEVC	DL0	DL1	DL2	DL3	DL4	DL5
DL1	0.00%	89.20%	9.72%	1.08%	0.00%	0.00%
DL2	0.00%	27.43%	65.11%	7.03%	0.43%	0.00%
DL3	0.00%	16.39%	43.18%	37.18%	3.25%	0.00%
DL4	0.00%	14.46%	36.24%	33.02%	16.28%	0.00%
DL5	-nan%	-nan%	-nan%	-nan%	-nan%	-nan%


Tabela Comparativa das Profundidades - Valores Absolutos (FRAME  6)
	AV1
HEVC	DL0	DL1	DL2	DL3	DL4	DL5
DL1	0	63344	5952	80	0	0
DL2	0	7808	20680	1936	104	0
DL3	0	2952	8856	4928	240	0
DL4	0	964	2684	1536	816	0
DL5	0	0	0	0	0	0
Tabela Comparativa das Profundidades - Porcentagens (FRAME  6)
	AV1
HEVC	DL0	DL1	DL2	DL3	DL4	DL5
DL1	0.00%	91.31%	8.58%	0.12%	0.00%	0.00%
DL2	0.00%	25.58%	67.74%	6.34%	0.34%	0.00%
DL3	0.00%	17.39%	52.17%	29.03%	1.41%	0.00%
DL4	0.00%	16.07%	44.73%	25.60%	13.60%	0.00%
DL5	-nan%	-nan%	-nan%	-nan%	-nan%	-nan%


Tabela Comparativa das Profundidades - Valores Absolutos (FRAME  7)
	AV1
HEVC	DL0	DL1	DL2	DL3	DL4	DL5
DL1	0	111232	1152	0	0	0
DL2	0	2326	4274	48	8	0
DL3	0	1224	696	0	0	0
DL4	0	1240	680	0	0	0
DL5	0	0	0	0	0	0
Tabela Comparativa das Profundidades - Porcentagens (FRAME  7)
	AV1
HEVC	DL0	DL1	DL2	DL3	DL4	DL5
DL1	0.00%	98.97%	1.03%	0.00%	0.00%	0.00%
DL2	0.00%	34.95%	64.21%	0.72%	0.12%	0.00%
DL3	0.00%	63.75%	36.25%	0.00%	0.00%	0.00%
DL4	0.00%	64.58%	35.42%	0.00%	0.00%	0.00%
DL5	-nan%	-nan%	-nan%	-nan%	-nan%	-nan%


Tabela Comparativa das Profundidades - Valores Absolutos (FRAME  8)
	AV1
HEVC	DL0	DL1	DL2	DL3	DL4	DL5
DL1	0	75042	4190	368	16	0
DL2	0	10240	16384	1984	64	0
DL3	0	2648	3408	3832	240	0
DL4	0	1488	1336	1128	512	0
DL5	0	0	0	0	0	0
Tabela Comparativa das Profundidades - Porcentagens (FRAME  8)
	AV1
HEVC	DL0	DL1	DL2	DL3	DL4	DL5
DL1	0.00%	94.25%	5.26%	0.46%	0.02%	0.00%
DL2	0.00%	35.71%	57.14%	6.92%	0.22%	0.00%
DL3	0.00%	26.15%	33.65%	37.84%	2.37%	0.00%
DL4	0.00%	33.33%	29.93%	25.27%	11.47%	0.00%
DL5	-nan%	-nan%	-nan%	-nan%	-nan%	-nan%


Tabela Comparativa das Profundidades - Valores Absolutos (FRAME  9)
	AV1
HEVC	DL0	DL1	DL2	DL3	DL4	DL5
DL1	0	70098	4910	224	32	0
DL2	0	7258	17264	1734	112	0
DL3	0	2698	6294	4720	624	0
DL4	0	1428	2924	1680	880	0
DL5	0	0	0	0	0	0
Tabela Comparativa das Profundidades - Porcentagens (FRAME  9)
	AV1
HEVC	DL0	DL1	DL2	DL3	DL4	DL5
DL1	0.00%	93.14%	6.52%	0.30%	0.04%	0.00%
DL2	0.00%	27.53%	65.47%	6.58%	0.42%	0.00%
DL3	0.00%	18.82%	43.90%	32.92%	4.35%	0.00%
DL4	0.00%	20.66%	42.30%	24.31%	12.73%	0.00%
DL5	-nan%	-nan%	-nan%	-nan%	-nan%	-nan%


Tabela Comparativa das Profundidades - Valores Absolutos (FRAME 10)
	AV1
HEVC	DL0	DL1	DL2	DL3	DL4	DL5
DL1	0	88576	4160	624	80	0
DL2	0	7040	11456	1456	272	0
DL3	0	1568	2256	2512	368	0
DL4	0	352	752	816	592	0
DL5	0	0	0	0	0	0
Tabela Comparativa das Profundidades - Porcentagens (FRAME 10)
	AV1
HEVC	DL0	DL1	DL2	DL3	DL4	DL5
DL1	0.00%	94.79%	4.45%	0.67%	0.09%	0.00%
DL2	0.00%	34.81%	56.65%	7.20%	1.34%	0.00%
DL3	0.00%	23.39%	33.65%	37.47%	5.49%	0.00%
DL4	0.00%	14.01%	29.94%	32.48%	23.57%	0.00%
DL5	-nan%	-nan%	-nan%	-nan%	-nan%	-nan%


Tabela Comparativa das Profundidades - Valores Absolutos (FRAME 11)
	AV1
HEVC	DL0	DL1	DL2	DL3	DL4	DL5
DL1	0	83042	3422	512	64	0
DL2	0	5692	13396	1456	192	0
DL3	0	2672	3440	3840	400	0
DL4	0	1432	1328	1104	888	0
DL5	0	0	0	0	0	0
Tabela Comparativa das Profundidades - Porcentagens (FRAME 11)
	AV1
HEVC	DL0	DL1	DL2	DL3	DL4	DL5
DL1	0.00%	95.41%	3.93%	0.59%	0.07%	0.00%
DL2	0.00%	27.45%	64.60%	7.02%	0.93%	0.00%
DL3	0.00%	25.81%	33.23%	37.09%	3.86%	0.00%
DL4	0.00%	30.13%	27.95%	23.23%	18.69%	0.00%
DL5	-nan%	-nan%	-nan%	-nan%	-nan%	-nan%


Tabela Comparativa das Profundidades - Valores Absolutos (FRAME 12)
	AV1
HEVC	DL0	DL1	DL2	DL3	DL4	DL5
DL1	0	46040	7400	320	0	0
DL2	0	10778	36062	2848	104	0
DL3	0	3032	6288	5496	304	0
DL4	0	1448	1240	992	528	0
DL5	0	0	0	0	0	0
Tabela Comparativa das Profundidades - Porcentagens (FRAME 12)
	AV1
HEVC	DL0	DL1	DL2	DL3	DL4	DL5
DL1	0.00%	85.64%	13.76%	0.60%	0.00%	0.00%
DL2	0.00%	21.65%	72.43%	5.72%	0.21%	0.00%
DL3	0.00%	20.05%	41.59%	36.35%	2.01%	0.00%
DL4	0.00%	34.41%	29.47%	23.57%	12.55%	0.00%
DL5	-nan%	-nan%	-nan%	-nan%	-nan%	-nan%


Tabela Comparativa das Profundidades - Valores Absolutos (FRAME 13)
	AV1
HEVC	DL0	DL1	DL2	DL3	DL4	DL5
DL1	0	49828	6300	192	0	0
DL2	0	12916	31654	2742	112	0
DL3	0	3096	6802	3846	256	0
DL4	0	672	2460	1140	864	0
DL5	0	0	0	0	0	0
Tabela Comparativa das Profundidades - Porcentagens (FRAME 13)
	AV1
HEVC	DL0	DL1	DL2	DL3	DL4	DL5
DL1	0.00%	88.47%	11.19%	0.34%	0.00%	0.00%
DL2	0.00%	27.24%	66.75%	5.78%	0.24%	0.00%
DL3	0.00%	22.11%	48.59%	27.47%	1.83%	0.00%
DL4	0.00%	13.08%	47.90%	22.20%	16.82%	0.00%
DL5	-nan%	-nan%	-nan%	-nan%	-nan%	-nan%


Tabela Comparativa das Profundidades - Valores Absolutos (FRAME 14)
	AV1
HEVC	DL0	DL1	DL2	DL3	DL4	DL5
DL1	0	76054	4330	240	16	0
DL2	0	8110	12714	1808	152	0
DL3	0	2576	4832	5568	544	0
DL4	0	1576	1488	1600	1272	0
DL5	0	0	0	0	0	0
Tabela Comparativa das Profundidades - Porcentagens (FRAME 14)
	AV1
HEVC	DL0	DL1	DL2	DL3	DL4	DL5
DL1	0.00%	94.31%	5.37%	0.30%	0.02%	0.00%
DL2	0.00%	35.60%	55.80%	7.94%	0.67%	0.00%
DL3	0.00%	19.05%	35.74%	41.18%	4.02%	0.00%
DL4	0.00%	26.55%	25.07%	26.95%	21.43%	0.00%
DL5	-nan%	-nan%	-nan%	-nan%	-nan%	-nan%


Tabela Comparativa das Profundidades - Valores Absolutos (FRAME 15)
	AV1
HEVC	DL0	DL1	DL2	DL3	DL4	DL5
DL1	0	81532	3076	896	0	0
DL2	0	8006	13370	1752	104	0
DL3	0	2424	3192	4080	192	0
DL4	0	1336	1368	800	752	0
DL5	0	0	0	0	0	0
Tabela Comparativa das Profundidades - Porcentagens (FRAME 15)
	AV1
HEVC	DL0	DL1	DL2	DL3	DL4	DL5
DL1	0.00%	95.35%	3.60%	1.05%	0.00%	0.00%
DL2	0.00%	34.46%	57.55%	7.54%	0.45%	0.00%
DL3	0.00%	24.51%	32.28%	41.26%	1.94%	0.00%
DL4	0.00%	31.39%	32.14%	18.80%	17.67%	0.00%
DL5	-nan%	-nan%	-nan%	-nan%	-nan%	-nan%


Tabela Comparativa das Profundidades - Valores Absolutos (FRAME 16)
	AV1
HEVC	DL0	DL1	DL2	DL3	DL4	DL5
DL1	0	69130	5750	1104	48	0
DL2	0	8590	22202	1104	296	0
DL3	0	2536	4056	2608	304	0
DL4	0	1528	1544	1088	992	0
DL5	0	0	0	0	0	0
Tabela Comparativa das Profundidades - Porcentagens (FRAME 16)
	AV1
HEVC	DL0	DL1	DL2	DL3	DL4	DL5
DL1	0.00%	90.92%	7.56%	1.45%	0.06%	0.00%
DL2	0.00%	26.68%	68.97%	3.43%	0.92%	0.00%
DL3	0.00%	26.68%	42.68%	27.44%	3.20%	0.00%
DL4	0.00%	29.66%	29.97%	21.12%	19.25%	0.00%
DL5	-nan%	-nan%	-nan%	-nan%	-nan%	-nan%


Tabela Comparativa das Profundidades - Valores Absolutos (FRAME 17)
	AV1
HEVC	DL0	DL1	DL2	DL3	DL4	DL5
DL1	0	60040	5816	192	0	0
DL2	0	11084	23684	2304	176	0
DL3	0	2234	5446	5888	480	0
DL4	0	1056	2208	1440	832	0
DL5	0	0	0	0	0	0
Tabela Comparativa das Profundidades - Porcentagens (FRAME 17)
	AV1
HEVC	DL0	DL1	DL2	DL3	DL4	DL5
DL1	0.00%	90.90%	8.81%	0.29%	0.00%	0.00%
DL2	0.00%	29.76%	63.58%	6.19%	0.47%	0.00%
DL3	0.00%	15.90%	38.77%	41.91%	3.42%	0.00%
DL4	0.00%	19.08%	39.88%	26.01%	15.03%	0.00%
DL5	-nan%	-nan%	-nan%	-nan%	-nan%	-nan%


Tabela Comparativa das Profundidades - Valores Absolutos (FRAME 18)
	AV1
HEVC	DL0	DL1	DL2	DL3	DL4	DL5
DL1	0	74052	6140	672	32	0
DL2	0	8482	16086	1936	120	0
DL3	0	3094	3532	3894	440	0
DL4	0	1650	1254	600	896	0
DL5	0	0	0	0	0	0
Tabela Comparativa das Profundidades - Porcentagens (FRAME 18)
	AV1
HEVC	DL0	DL1	DL2	DL3	DL4	DL5
DL1	0.00%	91.54%	7.59%	0.83%	0.04%	0.00%
DL2	0.00%	31.86%	60.42%	7.27%	0.45%	0.00%
DL3	0.00%	28.23%	32.23%	35.53%	4.01%	0.00%
DL4	0.00%	37.50%	28.50%	13.64%	20.36%	0.00%
DL5	-nan%	-nan%	-nan%	-nan%	-nan%	-nan%


Tabela Comparativa das Profundidades - Valores Absolutos (FRAME 19)
	AV1
HEVC	DL0	DL1	DL2	DL3	DL4	DL5
DL1	0	81664	6592	944	144	0
DL2	0	4544	15232	1824	96	0
DL3	0	864	2896	4160	464	0
DL4	0	224	880	1360	992	0
DL5	0	0	0	0	0	0
Tabela Comparativa das Profundidades - Porcentagens (FRAME 19)
	AV1
HEVC	DL0	DL1	DL2	DL3	DL4	DL5
DL1	0.00%	91.40%	7.38%	1.06%	0.16%	0.00%
DL2	0.00%	20.94%	70.21%	8.41%	0.44%	0.00%
DL3	0.00%	10.31%	34.54%	49.62%	5.53%	0.00%
DL4	0.00%	6.48%	25.46%	39.35%	28.70%	0.00%
DL5	-nan%	-nan%	-nan%	-nan%	-nan%	-nan%


Tabela Comparativa das Profundidades - Valores Absolutos (FRAME 20)
	AV1
HEVC	DL0	DL1	DL2	DL3	DL4	DL5
DL1	1464	11864	2224	48	16	0
DL2	256	5302	18018	3184	504	0
DL3	128	3528	9624	11824	2288	0
DL4	128	4128	14608	21488	12256	0
DL5	0	0	0	0	0	0
Tabela Comparativa das Profundidades - Porcentagens (FRAME 20)
	AV1
HEVC	DL0	DL1	DL2	DL3	DL4	DL5
DL1	9.38%	75.97%	14.24%	0.31%	0.10%	0.00%
DL2	0.94%	19.45%	66.09%	11.68%	1.85%	0.00%
DL3	0.47%	12.88%	35.13%	43.17%	8.35%	0.00%
DL4	0.24%	7.85%	27.77%	40.85%	23.30%	0.00%
DL5	-nan%	-nan%	-nan%	-nan%	-nan%	-nan%


Tabela Comparativa das Profundidades - Valores Absolutos (FRAME 21)
	AV1
HEVC	DL0	DL1	DL2	DL3	DL4	DL5
DL1	0	14484	6636	864	32	0
DL2	0	7246	49930	3904	168	0
DL3	0	2136	19088	10296	560	0
DL4	0	1032	3840	1976	688	0
DL5	0	0	0	0	0	0
Tabela Comparativa das Profundidades - Porcentagens (FRAME 21)
	AV1
HEVC	DL0	DL1	DL2	DL3	DL4	DL5
DL1	0.00%	65.79%	30.14%	3.92%	0.15%	0.00%
DL2	0.00%	11.83%	81.52%	6.37%	0.27%	0.00%
DL3	0.00%	6.66%	59.50%	32.09%	1.75%	0.00%
DL4	0.00%	13.69%	50.96%	26.22%	9.13%	0.00%
DL5	-nan%	-nan%	-nan%	-nan%	-nan%	-nan%


Tabela Comparativa das Profundidades - Valores Absolutos (FRAME 22)
	AV1
HEVC	DL0	DL1	DL2	DL3	DL4	DL5
DL1	0	34612	7212	160	0	0
DL2	704	12850	38486	2864	136	0
DL3	304	2474	9590	6624	464	0
DL4	16	784	2420	2292	888	0
DL5	0	0	0	0	0	0
Tabela Comparativa das Profundidades - Porcentagens (FRAME 22)
	AV1
HEVC	DL0	DL1	DL2	DL3	DL4	DL5
DL1	0.00%	82.44%	17.18%	0.38%	0.00%	0.00%
DL2	1.28%	23.35%	69.92%	5.20%	0.25%	0.00%
DL3	1.56%	12.72%	49.29%	34.05%	2.38%	0.00%
DL4	0.25%	12.25%	37.81%	35.81%	13.88%	0.00%
DL5	-nan%	-nan%	-nan%	-nan%	-nan%	-nan%


Tabela Comparativa das Profundidades - Valores Absolutos (FRAME 23)
	AV1
HEVC	DL0	DL1	DL2	DL3	DL4	DL5
DL1	0	40776	7544	816	16	0
DL2	0	13680	32616	2928	56	0
DL3	0	2660	8404	6416	568	0
DL4	0	920	2264	2320	896	0
DL5	0	0	0	0	0	0
Tabela Comparativa das Profundidades - Porcentagens (FRAME 23)
	AV1
HEVC	DL0	DL1	DL2	DL3	DL4	DL5
DL1	0.00%	82.96%	15.35%	1.66%	0.03%	0.00%
DL2	0.00%	27.76%	66.19%	5.94%	0.11%	0.00%
DL3	0.00%	14.74%	46.56%	35.55%	3.15%	0.00%
DL4	0.00%	14.37%	35.37%	36.25%	14.00%	0.00%
DL5	-nan%	-nan%	-nan%	-nan%	-nan%	-nan%


Tabela Comparativa das Profundidades - Valores Absolutos (FRAME 24)
	AV1
HEVC	DL0	DL1	DL2	DL3	DL4	DL5
DL1	1024	48948	6668	416	32	0
DL2	0	11102	30846	1936	212	0
DL3	0	1554	7038	6288	592	0
DL4	0	776	2728	1632	1088	0
DL5	0	0	0	0	0	0
Tabela Comparativa das Profundidades - Porcentagens (FRAME 24)
	AV1
HEVC	DL0	DL1	DL2	DL3	DL4	DL5
DL1	1.79%	85.74%	11.68%	0.73%	0.06%	0.00%
DL2	0.00%	25.18%	69.95%	4.39%	0.48%	0.00%
DL3	0.00%	10.04%	45.49%	40.64%	3.83%	0.00%
DL4	0.00%	12.47%	43.83%	26.22%	17.48%	0.00%
DL5	-nan%	-nan%	-nan%	-nan%	-nan%	-nan%


Tabela Comparativa das Profundidades - Valores Absolutos (FRAME 25)
	AV1
HEVC	DL0	DL1	DL2	DL3	DL4	DL5
DL1	2648	69784	3600	464	48	0
DL2	768	6678	21298	1936	168	0
DL3	384	1688	3352	4592	480	0
DL4	328	1168	1144	1360	992	0
DL5	0	0	0	0	0	0
Tabela Comparativa das Profundidades - Porcentagens (FRAME 25)
	AV1
HEVC	DL0	DL1	DL2	DL3	DL4	DL5
DL1	3.46%	91.17%	4.70%	0.61%	0.06%	0.00%
DL2	2.49%	21.65%	69.04%	6.28%	0.54%	0.00%
DL3	3.66%	16.08%	31.94%	43.75%	4.57%	0.00%
DL4	6.57%	23.40%	22.92%	27.24%	19.87%	0.00%
DL5	-nan%	-nan%	-nan%	-nan%	-nan%	-nan%


Tabela Comparativa das Profundidades - Valores Absolutos (FRAME 26)
	AV1
HEVC	DL0	DL1	DL2	DL3	DL4	DL5
DL1	2996	69196	5760	368	16	0
DL2	256	9758	18858	864	88	0
DL3	128	2256	3144	3888	520	0
DL4	128	1352	1640	1088	576	0
DL5	0	0	0	0	0	0
Tabela Comparativa das Profundidades - Porcentagens (FRAME 26)
	AV1
HEVC	DL0	DL1	DL2	DL3	DL4	DL5
DL1	3.82%	88.33%	7.35%	0.47%	0.02%	0.00%
DL2	0.86%	32.72%	63.23%	2.90%	0.30%	0.00%
DL3	1.29%	22.71%	31.64%	39.13%	5.23%	0.00%
DL4	2.68%	28.26%	34.28%	22.74%	12.04%	0.00%
DL5	-nan%	-nan%	-nan%	-nan%	-nan%	-nan%


Tabela Comparativa das Profundidades - Valores Absolutos (FRAME 27)
	AV1
HEVC	DL0	DL1	DL2	DL3	DL4	DL5
DL1	0	55520	8616	368	8	0
DL2	0	9784	27080	2016	96	0
DL3	0	1856	6384	4800	608	0
DL4	0	832	2384	1520	1008	0
DL5	0	0	0	0	0	0
Tabela Comparativa das Profundidades - Porcentagens (FRAME 27)
	AV1
HEVC	DL0	DL1	DL2	DL3	DL4	DL5
DL1	0.00%	86.06%	13.36%	0.57%	0.01%	0.00%
DL2	0.00%	25.10%	69.48%	5.17%	0.25%	0.00%
DL3	0.00%	13.60%	46.78%	35.17%	4.45%	0.00%
DL4	0.00%	14.48%	41.50%	26.46%	17.55%	0.00%
DL5	-nan%	-nan%	-nan%	-nan%	-nan%	-nan%


Tabela Comparativa das Profundidades - Valores Absolutos (FRAME 28)
	AV1
HEVC	DL0	DL1	DL2	DL3	DL4	DL5
DL1	1024	85248	5504	896	0	0
DL2	0	5760	11264	1584	80	0
DL3	0	1392	2416	4048	480	0
DL4	0	272	912	1376	624	0
DL5	0	0	0	0	0	0
Tabela Comparativa das Profundidades - Porcentagens (FRAME 28)
	AV1
HEVC	DL0	DL1	DL2	DL3	DL4	DL5
DL1	1.10%	91.99%	5.94%	0.97%	0.00%	0.00%
DL2	0.00%	30.82%	60.27%	8.48%	0.43%	0.00%
DL3	0.00%	16.70%	28.98%	48.56%	5.76%	0.00%
DL4	0.00%	8.54%	28.64%	43.22%	19.60%	0.00%
DL5	-nan%	-nan%	-nan%	-nan%	-nan%	-nan%


Tabela Comparativa das Profundidades - Valores Absolutos (FRAME 29)
	AV1
HEVC	DL0	DL1	DL2	DL3	DL4	DL5
DL1	0	80148	3884	192	0	0
DL2	0	5788	17436	1312	104	0
DL3	0	2232	3648	2984	272	0
DL4	0	1696	1496	1048	640	0
DL5	0	0	0	0	0	0
Tabela Comparativa das Profundidades - Porcentagens (FRAME 29)
	AV1
HEVC	DL0	DL1	DL2	DL3	DL4	DL5
DL1	0.00%	95.16%	4.61%	0.23%	0.00%	0.00%
DL2	0.00%	23.49%	70.76%	5.32%	0.42%	0.00%
DL3	0.00%	24.43%	39.93%	32.66%	2.98%	0.00%
DL4	0.00%	34.75%	30.66%	21.48%	13.11%	0.00%
DL5	-nan%	-nan%	-nan%	-nan%	-nan%	-nan%


Tabela Comparativa das Profundidades - Valores Absolutos (FRAME 30)
	AV1
HEVC	DL0	DL1	DL2	DL3	DL4	DL5
DL1	0	62616	7912	384	0	0
DL2	0	10856	23872	976	8	0
DL3	0	3072	5792	2736	144	0
DL4	0	1504	1664	960	384	0
DL5	0	0	0	0	0	0
Tabela Comparativa das Profundidades - Porcentagens (FRAME 30)
	AV1
HEVC	DL0	DL1	DL2	DL3	DL4	DL5
DL1	0.00%	88.30%	11.16%	0.54%	0.00%	0.00%
DL2	0.00%	30.40%	66.85%	2.73%	0.02%	0.00%
DL3	0.00%	26.16%	49.32%	23.30%	1.23%	0.00%
DL4	0.00%	33.33%	36.88%	21.28%	8.51%	0.00%
DL5	-nan%	-nan%	-nan%	-nan%	-nan%	-nan%


Tabela Comparativa das Profundidades - Valores Absolutos (FRAME 31)
	AV1
HEVC	DL0	DL1	DL2	DL3	DL4	DL5
DL1	0	57664	7040	320	0	0
DL2	0	10248	26464	1584	104	0
DL3	0	2328	7656	3488	304	0
DL4	0	484	2996	1344	856	0
DL5	0	0	0	0	0	0
Tabela Comparativa das Profundidades - Porcentagens (FRAME 31)
	AV1
HEVC	DL0	DL1	DL2	DL3	DL4	DL5
DL1	0.00%	88.68%	10.83%	0.49%	0.00%	0.00%
DL2	0.00%	26.69%	68.92%	4.13%	0.27%	0.00%
DL3	0.00%	16.90%	55.57%	25.32%	2.21%	0.00%
DL4	0.00%	8.52%	52.75%	23.66%	15.07%	0.00%
DL5	-nan%	-nan%	-nan%	-nan%	-nan%	-nan%


Tabela Comparativa das Profundidades - Valores Absolutos (FRAME 32)
	AV1
HEVC	DL0	DL1	DL2	DL3	DL4	DL5
DL1	0	72884	3796	112	8	0
DL2	0	8428	18444	1856	136	0
DL3	0	1616	4968	5192	240	0
DL4	0	1176	1792	1744	488	0
DL5	0	0	0	0	0	0
Tabela Comparativa das Profundidades - Porcentagens (FRAME 32)
	AV1
HEVC	DL0	DL1	DL2	DL3	DL4	DL5
DL1	0.00%	94.90%	4.94%	0.15%	0.01%	0.00%
DL2	0.00%	29.20%	63.90%	6.43%	0.47%	0.00%
DL3	0.00%	13.45%	41.34%	43.21%	2.00%	0.00%
DL4	0.00%	22.62%	34.46%	33.54%	9.38%	0.00%
DL5	-nan%	-nan%	-nan%	-nan%	-nan%	-nan%


Tabela Comparativa das Profundidades - Valores Absolutos (FRAME 33)
	AV1
HEVC	DL0	DL1	DL2	DL3	DL4	DL5
DL1	0	75008	5760	640	0	0
DL2	0	7838	16938	1376	88	0
DL3	0	2320	3360	4464	272	0
DL4	0	1504	1528	1440	344	0
DL5	0	0	0	0	0	0
Tabela Comparativa das Profundidades - Porcentagens (FRAME 33)
	AV1
HEVC	DL0	DL1	DL2	DL3	DL4	DL5
DL1	0.00%	92.14%	7.08%	0.79%	0.00%	0.00%
DL2	0.00%	29.87%	64.55%	5.24%	0.34%	0.00%
DL3	0.00%	22.27%	32.26%	42.86%	2.61%	0.00%
DL4	0.00%	31.23%	31.73%	29.90%	7.14%	0.00%
DL5	-nan%	-nan%	-nan%	-nan%	-nan%	-nan%


Tabela Comparativa das Profundidades - Valores Absolutos (FRAME 34)
	AV1
HEVC	DL0	DL1	DL2	DL3	DL4	DL5
DL1	0	64672	5152	320	0	0
DL2	0	10120	22776	1936	112	0
DL3	0	3168	5296	4464	208	0
DL4	0	1440	1504	1280	432	0
DL5	0	0	0	0	0	0
Tabela Comparativa das Profundidades - Porcentagens (FRAME 34)
	AV1
HEVC	DL0	DL1	DL2	DL3	DL4	DL5
DL1	0.00%	92.20%	7.34%	0.46%	0.00%	0.00%
DL2	0.00%	28.96%	65.18%	5.54%	0.32%	0.00%
DL3	0.00%	24.12%	40.32%	33.98%	1.58%	0.00%
DL4	0.00%	30.93%	32.30%	27.49%	9.28%	0.00%
DL5	-nan%	-nan%	-nan%	-nan%	-nan%	-nan%


Tabela Comparativa das Profundidades - Valores Absolutos (FRAME 35)
	AV1
HEVC	DL0	DL1	DL2	DL3	DL4	DL5
DL1	0	50318	6002	0	0	0
DL2	0	9436	31180	2984	112	0
DL3	0	1960	7448	6992	192	0
DL4	0	1304	2504	1632	816	0
DL5	0	0	0	0	0	0
Tabela Comparativa das Profundidades - Porcentagens (FRAME 35)
	AV1
HEVC	DL0	DL1	DL2	DL3	DL4	DL5
DL1	0.00%	89.34%	10.66%	0.00%	0.00%	0.00%
DL2	0.00%	21.59%	71.33%	6.83%	0.26%	0.00%
DL3	0.00%	11.81%	44.89%	42.14%	1.16%	0.00%
DL4	0.00%	20.84%	40.03%	26.09%	13.04%	0.00%
DL5	-nan%	-nan%	-nan%	-nan%	-nan%	-nan%


Tabela Comparativa das Profundidades - Valores Absolutos (FRAME 36)
	AV1
HEVC	DL0	DL1	DL2	DL3	DL4	DL5
DL1	0	67096	6056	320	0	0
DL2	0	9266	22262	1680	136	0
DL3	0	2562	4502	3920	312	0
DL4	0	1264	1776	1024	704	0
DL5	0	0	0	0	0	0
Tabela Comparativa das Profundidades - Porcentagens (FRAME 36)
	AV1
HEVC	DL0	DL1	DL2	DL3	DL4	DL5
DL1	0.00%	91.32%	8.24%	0.44%	0.00%	0.00%
DL2	0.00%	27.79%	66.76%	5.04%	0.41%	0.00%
DL3	0.00%	22.68%	39.85%	34.70%	2.76%	0.00%
DL4	0.00%	26.51%	37.25%	21.48%	14.77%	0.00%
DL5	-nan%	-nan%	-nan%	-nan%	-nan%	-nan%


Tabela Comparativa das Profundidades - Valores Absolutos (FRAME 37)
	AV1
HEVC	DL0	DL1	DL2	DL3	DL4	DL5
DL1	0	84480	5248	640	0	0
DL2	0	5888	13248	1568	96	0
DL3	0	1344	3344	3616	352	0
DL4	0	448	1008	1120	480	0
DL5	0	0	0	0	0	0
Tabela Comparativa das Profundidades - Porcentagens (FRAME 37)
	AV1
HEVC	DL0	DL1	DL2	DL3	DL4	DL5
DL1	0.00%	93.48%	5.81%	0.71%	0.00%	0.00%
DL2	0.00%	28.31%	63.69%	7.54%	0.46%	0.00%
DL3	0.00%	15.53%	38.63%	41.77%	4.07%	0.00%
DL4	0.00%	14.66%	32.98%	36.65%	15.71%	0.00%
DL5	-nan%	-nan%	-nan%	-nan%	-nan%	-nan%


Tabela Comparativa das Profundidades - Valores Absolutos (FRAME 38)
	AV1
HEVC	DL0	DL1	DL2	DL3	DL4	DL5
DL1	0	7760	1040	160	0	0
DL2	0	3038	33770	6416	232	0
DL3	0	2216	27336	18768	1136	0
DL4	0	1416	8280	8672	2640	0
DL5	0	0	0	0	0	0
Tabela Comparativa das Profundidades - Porcentagens (FRAME 38)
	AV1
HEVC	DL0	DL1	DL2	DL3	DL4	DL5
DL1	0.00%	86.61%	11.61%	1.79%	0.00%	0.00%
DL2	0.00%	6.99%	77.71%	14.76%	0.53%	0.00%
DL3	0.00%	4.48%	55.27%	37.95%	2.30%	0.00%
DL4	0.00%	6.74%	39.41%	41.28%	12.57%	0.00%
DL5	-nan%	-nan%	-nan%	-nan%	-nan%	-nan%


Tabela Comparativa das Profundidades - Valores Absolutos (FRAME 39)
	AV1
HEVC	DL0	DL1	DL2	DL3	DL4	DL5
DL1	0	9660	3716	192	0	0
DL2	0	6450	39478	7392	120	0
DL3	0	2408	20680	21200	768	0
DL4	0	936	5016	4304	560	0
DL5	0	0	0	0	0	0
Tabela Comparativa das Profundidades - Porcentagens (FRAME 39)
	AV1
HEVC	DL0	DL1	DL2	DL3	DL4	DL5
DL1	0.00%	71.20%	27.39%	1.42%	0.00%	0.00%
DL2	0.00%	12.07%	73.87%	13.83%	0.22%	0.00%
DL3	0.00%	5.34%	45.90%	47.05%	1.70%	0.00%
DL4	0.00%	8.65%	46.38%	39.79%	5.18%	0.00%
DL5	-nan%	-nan%	-nan%	-nan%	-nan%	-nan%


Tabela Comparativa das Profundidades - Valores Absolutos (FRAME 40)
	AV1
HEVC	DL0	DL1	DL2	DL3	DL4	DL5
DL1	0	47740	4984	268	0	0
DL2	0	12300	31588	2384	192	0
DL3	0	2108	7620	5824	608	0
DL4	0	652	2636	2768	1208	0
DL5	0	0	0	0	0	0
Tabela Comparativa das Profundidades - Porcentagens (FRAME 40)
	AV1
HEVC	DL0	DL1	DL2	DL3	DL4	DL5
DL1	0.00%	90.09%	9.41%	0.51%	0.00%	0.00%
DL2	0.00%	26.47%	67.98%	5.13%	0.41%	0.00%
DL3	0.00%	13.04%	47.15%	36.04%	3.76%	0.00%
DL4	0.00%	8.98%	36.29%	38.11%	16.63%	0.00%
DL5	-nan%	-nan%	-nan%	-nan%	-nan%	-nan%


Tabela Comparativa das Profundidades - Valores Absolutos (FRAME 41)
	AV1
HEVC	DL0	DL1	DL2	DL3	DL4	DL5
DL1	0	45646	9906	256	0	0
DL2	0	12440	29576	2032	240	0
DL3	0	2240	8184	5216	664	0
DL4	0	1176	2472	1920	912	0
DL5	0	0	0	0	0	0
Tabela Comparativa das Profundidades - Porcentagens (FRAME 41)
	AV1
HEVC	DL0	DL1	DL2	DL3	DL4	DL5
DL1	0.00%	81.79%	17.75%	0.46%	0.00%	0.00%
DL2	0.00%	28.09%	66.78%	4.59%	0.54%	0.00%
DL3	0.00%	13.74%	50.20%	31.99%	4.07%	0.00%
DL4	0.00%	18.15%	38.15%	29.63%	14.07%	0.00%
DL5	-nan%	-nan%	-nan%	-nan%	-nan%	-nan%


Tabela Comparativa das Profundidades - Valores Absolutos (FRAME 42)
	AV1
HEVC	DL0	DL1	DL2	DL3	DL4	DL5
DL1	0	63762	4846	0	0	0
DL2	0	9164	21772	2464	264	0
DL3	0	1816	6312	5648	496	0
DL4	0	1040	2544	2016	736	0
DL5	0	0	0	0	0	0
Tabela Comparativa das Profundidades - Porcentagens (FRAME 42)
	AV1
HEVC	DL0	DL1	DL2	DL3	DL4	DL5
DL1	0.00%	92.94%	7.06%	0.00%	0.00%	0.00%
DL2	0.00%	27.22%	64.67%	7.32%	0.78%	0.00%
DL3	0.00%	12.72%	44.23%	39.57%	3.48%	0.00%
DL4	0.00%	16.41%	40.15%	31.82%	11.62%	0.00%
DL5	-nan%	-nan%	-nan%	-nan%	-nan%	-nan%


Tabela Comparativa das Profundidades - Valores Absolutos (FRAME 43)
	AV1
HEVC	DL0	DL1	DL2	DL3	DL4	DL5
DL1	0	80816	4112	320	0	0
DL2	0	7208	15128	1104	48	0
DL3	0	2152	4536	2512	208	0
DL4	0	1456	1824	928	528	0
DL5	0	0	0	0	0	0
Tabela Comparativa das Profundidades - Porcentagens (FRAME 43)
	AV1
HEVC	DL0	DL1	DL2	DL3	DL4	DL5
DL1	0.00%	94.80%	4.82%	0.38%	0.00%	0.00%
DL2	0.00%	30.69%	64.41%	4.70%	0.20%	0.00%
DL3	0.00%	22.87%	48.21%	26.70%	2.21%	0.00%
DL4	0.00%	30.74%	38.51%	19.59%	11.15%	0.00%
DL5	-nan%	-nan%	-nan%	-nan%	-nan%	-nan%


Tabela Comparativa das Profundidades - Valores Absolutos (FRAME 44)
	AV1
HEVC	DL0	DL1	DL2	DL3	DL4	DL5
DL1	0	73160	4672	432	72	0
DL2	0	9560	16328	1904	112	0
DL3	0	3064	3960	3792	272	0
DL4	0	1712	1568	1440	832	0
DL5	0	0	0	0	0	0
Tabela Comparativa das Profundidades - Porcentagens (FRAME 44)
	AV1
HEVC	DL0	DL1	DL2	DL3	DL4	DL5
DL1	0.00%	93.39%	5.96%	0.55%	0.09%	0.00%
DL2	0.00%	34.26%	58.51%	6.82%	0.40%	0.00%
DL3	0.00%	27.63%	35.71%	34.20%	2.45%	0.00%
DL4	0.00%	30.84%	28.24%	25.94%	14.99%	0.00%
DL5	-nan%	-nan%	-nan%	-nan%	-nan%	-nan%


Tabela Comparativa das Profundidades - Valores Absolutos (FRAME 45)
	AV1
HEVC	DL0	DL1	DL2	DL3	DL4	DL5
DL1	0	50244	7676	448	0	0
DL2	0	10634	29602	1920	84	0
DL3	0	2504	7336	5840	256	0
DL4	0	980	2756	1728	872	0
DL5	0	0	0	0	0	0
Tabela Comparativa das Profundidades - Porcentagens (FRAME 45)
	AV1
HEVC	DL0	DL1	DL2	DL3	DL4	DL5
DL1	0.00%	86.08%	13.15%	0.77%	0.00%	0.00%
DL2	0.00%	25.18%	70.08%	4.55%	0.20%	0.00%
DL3	0.00%	15.71%	46.03%	36.65%	1.61%	0.00%
DL4	0.00%	15.47%	43.50%	27.27%	13.76%	0.00%
DL5	-nan%	-nan%	-nan%	-nan%	-nan%	-nan%


Tabela Comparativa das Profundidades - Valores Absolutos (FRAME 46)
	AV1
HEVC	DL0	DL1	DL2	DL3	DL4	DL5
DL1	0	72448	6272	384	0	0
DL2	0	7808	22144	1712	208	0
DL3	0	768	4288	3440	304	0
DL4	0	384	1152	976	592	0
DL5	0	0	0	0	0	0
Tabela Comparativa das Profundidades - Porcentagens (FRAME 46)
	AV1
HEVC	DL0	DL1	DL2	DL3	DL4	DL5
DL1	0.00%	91.59%	7.93%	0.49%	0.00%	0.00%
DL2	0.00%	24.50%	69.48%	5.37%	0.65%	0.00%
DL3	0.00%	8.73%	48.73%	39.09%	3.45%	0.00%
DL4	0.00%	12.37%	37.11%	31.44%	19.07%	0.00%
DL5	-nan%	-nan%	-nan%	-nan%	-nan%	-nan%


Tabela Comparativa das Profundidades - Valores Absolutos (FRAME 47)
	AV1
HEVC	DL0	DL1	DL2	DL3	DL4	DL5
DL1	0	81366	4586	320	0	0
DL2	0	6364	14380	1584	72	0
DL3	0	2726	3176	3138	304	0
DL4	0	1464	1856	1040	504	0
DL5	0	0	0	0	0	0
Tabela Comparativa das Profundidades - Porcentagens (FRAME 47)
	AV1
HEVC	DL0	DL1	DL2	DL3	DL4	DL5
DL1	0.00%	94.31%	5.32%	0.37%	0.00%	0.00%
DL2	0.00%	28.41%	64.20%	7.07%	0.32%	0.00%
DL3	0.00%	29.17%	33.99%	33.58%	3.25%	0.00%
DL4	0.00%	30.10%	38.16%	21.38%	10.36%	0.00%
DL5	-nan%	-nan%	-nan%	-nan%	-nan%	-nan%


Tabela Comparativa das Profundidades - Valores Absolutos (FRAME 48)
	AV1
HEVC	DL0	DL1	DL2	DL3	DL4	DL5
DL1	0	53760	4160	192	0	0
DL2	0	16684	26852	1776	64	0
DL3	0	3984	5928	4424	112	0
DL4	0	1720	1680	1296	248	0
DL5	0	0	0	0	0	0
Tabela Comparativa das Profundidades - Porcentagens (FRAME 48)
	AV1
HEVC	DL0	DL1	DL2	DL3	DL4	DL5
DL1	0.00%	92.51%	7.16%	0.33%	0.00%	0.00%
DL2	0.00%	36.77%	59.18%	3.91%	0.14%	0.00%
DL3	0.00%	27.57%	41.03%	30.62%	0.78%	0.00%
DL4	0.00%	34.79%	33.98%	26.21%	5.02%	0.00%
DL5	-nan%	-nan%	-nan%	-nan%	-nan%	-nan%


Tabela Comparativa das Profundidades - Valores Absolutos (FRAME 49)
	AV1
HEVC	DL0	DL1	DL2	DL3	DL4	DL5
DL1	0	58692	7132	208	16	0
DL2	0	11536	26296	1280	56	0
DL3	0	1786	6366	3984	120	0
DL4	0	520	2736	1632	520	0
DL5	0	0	0	0	0	0
Tabela Comparativa das Profundidades - Porcentagens (FRAME 49)
	AV1
HEVC	DL0	DL1	DL2	DL3	DL4	DL5
DL1	0.00%	88.86%	10.80%	0.31%	0.02%	0.00%
DL2	0.00%	29.45%	67.14%	3.27%	0.14%	0.00%
DL3	0.00%	14.57%	51.94%	32.51%	0.98%	0.00%
DL4	0.00%	9.62%	50.59%	30.18%	9.62%	0.00%
DL5	-nan%	-nan%	-nan%	-nan%	-nan%	-nan%


Tabela Comparativa das Profundidades - Valores Absolutos (FRAME 50)
	AV1
HEVC	DL0	DL1	DL2	DL3	DL4	DL5
DL1	0	77924	3740	0	0	0
DL2	0	6000	17080	1512	112	0
DL3	0	1610	5118	3992	368	0
DL4	0	1048	2456	1232	688	0
DL5	0	0	0	0	0	0
Tabela Comparativa das Profundidades - Porcentagens (FRAME 50)
	AV1
HEVC	DL0	DL1	DL2	DL3	DL4	DL5
DL1	0.00%	95.42%	4.58%	0.00%	0.00%	0.00%
DL2	0.00%	24.29%	69.14%	6.12%	0.45%	0.00%
DL3	0.00%	14.52%	46.16%	36.00%	3.32%	0.00%
DL4	0.00%	19.32%	45.28%	22.71%	12.68%	0.00%
DL5	-nan%	-nan%	-nan%	-nan%	-nan%	-nan%


Tabela Comparativa das Profundidades - Valores Absolutos (FRAME 51)
	AV1
HEVC	DL0	DL1	DL2	DL3	DL4	DL5
DL1	0	76698	6118	336	48	0
DL2	0	6794	18302	1216	56	0
DL3	0	2368	3248	2512	176	0
DL4	0	1392	2016	1152	448	0
DL5	0	0	0	0	0	0
Tabela Comparativa das Profundidades - Porcentagens (FRAME 51)
	AV1
HEVC	DL0	DL1	DL2	DL3	DL4	DL5
DL1	0.00%	92.19%	7.35%	0.40%	0.06%	0.00%
DL2	0.00%	25.77%	69.41%	4.61%	0.21%	0.00%
DL3	0.00%	28.52%	39.11%	30.25%	2.12%	0.00%
DL4	0.00%	27.80%	40.26%	23.00%	8.95%	0.00%
DL5	-nan%	-nan%	-nan%	-nan%	-nan%	-nan%


Tabela Comparativa das Profundidades - Valores Absolutos (FRAME 52)
	AV1
HEVC	DL0	DL1	DL2	DL3	DL4	DL5
DL1	0	64800	5792	320	0	0
DL2	0	8780	25612	1872	88	0
DL3	0	2760	4888	2928	272	0
DL4	0	1688	1712	912	456	0
DL5	0	0	0	0	0	0
Tabela Comparativa das Profundidades - Porcentagens (FRAME 52)
	AV1
HEVC	DL0	DL1	DL2	DL3	DL4	DL5
DL1	0.00%	91.38%	8.17%	0.45%	0.00%	0.00%
DL2	0.00%	24.15%	70.46%	5.15%	0.24%	0.00%
DL3	0.00%	25.44%	45.06%	26.99%	2.51%	0.00%
DL4	0.00%	35.40%	35.91%	19.13%	9.56%	0.00%
DL5	-nan%	-nan%	-nan%	-nan%	-nan%	-nan%


Tabela Comparativa das Profundidades - Valores Absolutos (FRAME 53)
	AV1
HEVC	DL0	DL1	DL2	DL3	DL4	DL5
DL1	0	53274	7398	0	0	0
DL2	0	10698	27432	2518	184	0
DL3	0	2346	5904	6518	192	0
DL4	0	1072	2440	2280	624	0
DL5	0	0	0	0	0	0
Tabela Comparativa das Profundidades - Porcentagens (FRAME 53)
	AV1
HEVC	DL0	DL1	DL2	DL3	DL4	DL5
DL1	0.00%	87.81%	12.19%	0.00%	0.00%	0.00%
DL2	0.00%	26.20%	67.18%	6.17%	0.45%	0.00%
DL3	0.00%	15.68%	39.47%	43.57%	1.28%	0.00%
DL4	0.00%	16.71%	38.03%	35.54%	9.73%	0.00%
DL5	-nan%	-nan%	-nan%	-nan%	-nan%	-nan%


Tabela Comparativa das Profundidades - Valores Absolutos (FRAME 54)
	AV1
HEVC	DL0	DL1	DL2	DL3	DL4	DL5
DL1	0	73400	5960	496	16	0
DL2	0	8892	17364	1808	96	0
DL3	0	2112	3744	3952	352	0
DL4	0	1320	1792	992	584	0
DL5	0	0	0	0	0	0
Tabela Comparativa das Profundidades - Porcentagens (FRAME 54)
	AV1
HEVC	DL0	DL1	DL2	DL3	DL4	DL5
DL1	0.00%	91.90%	7.46%	0.62%	0.02%	0.00%
DL2	0.00%	31.58%	61.66%	6.42%	0.34%	0.00%
DL3	0.00%	20.79%	36.85%	38.90%	3.46%	0.00%
DL4	0.00%	28.16%	38.23%	21.16%	12.46%	0.00%
DL5	-nan%	-nan%	-nan%	-nan%	-nan%	-nan%


Tabela Comparativa das Profundidades - Valores Absolutos (FRAME 55)
	AV1
HEVC	DL0	DL1	DL2	DL3	DL4	DL5
DL1	0	84736	5312	64	0	0
DL2	0	6528	14336	1856	64	0
DL3	0	880	2160	3536	368	0
DL4	0	272	976	1040	752	0
DL5	0	0	0	0	0	0
Tabela Comparativa das Profundidades - Porcentagens (FRAME 55)
	AV1
HEVC	DL0	DL1	DL2	DL3	DL4	DL5
DL1	0.00%	94.03%	5.89%	0.07%	0.00%	0.00%
DL2	0.00%	28.65%	62.92%	8.15%	0.28%	0.00%
DL3	0.00%	12.67%	31.11%	50.92%	5.30%	0.00%
DL4	0.00%	8.95%	32.11%	34.21%	24.74%	0.00%
DL5	-nan%	-nan%	-nan%	-nan%	-nan%	-nan%


Tabela Comparativa das Profundidades - Valores Absolutos (FRAME 56)
	AV1
HEVC	DL0	DL1	DL2	DL3	DL4	DL5
DL1	0	10664	992	112	8	0
DL2	0	6644	37196	5024	224	0
DL3	0	3728	24016	18384	1040	0
DL4	0	1594	5134	5808	2312	0
DL5	0	0	0	0	0	0
Tabela Comparativa das Profundidades - Porcentagens (FRAME 56)
	AV1
HEVC	DL0	DL1	DL2	DL3	DL4	DL5
DL1	0.00%	90.56%	8.42%	0.95%	0.07%	0.00%
DL2	0.00%	13.53%	75.77%	10.23%	0.46%	0.00%
DL3	0.00%	7.90%	50.92%	38.98%	2.20%	0.00%
DL4	0.00%	10.74%	34.58%	39.12%	15.57%	0.00%
DL5	-nan%	-nan%	-nan%	-nan%	-nan%	-nan%


Tabela Comparativa das Profundidades - Valores Absolutos (FRAME 57)
	AV1
HEVC	DL0	DL1	DL2	DL3	DL4	DL5
DL1	0	57984	6272	256	0	0
DL2	0	13214	26914	1760	32	0
DL3	0	2208	5816	4040	32	0
DL4	0	936	2008	1248	160	0
DL5	0	0	0	0	0	0
Tabela Comparativa das Profundidades - Porcentagens (FRAME 57)
	AV1
HEVC	DL0	DL1	DL2	DL3	DL4	DL5
DL1	0.00%	89.88%	9.72%	0.40%	0.00%	0.00%
DL2	0.00%	31.52%	64.20%	4.20%	0.08%	0.00%
DL3	0.00%	18.25%	48.08%	33.40%	0.26%	0.00%
DL4	0.00%	21.51%	46.14%	28.68%	3.68%	0.00%
DL5	-nan%	-nan%	-nan%	-nan%	-nan%	-nan%


Tabela Comparativa das Profundidades - Valores Absolutos (FRAME 58)
	AV1
HEVC	DL0	DL1	DL2	DL3	DL4	DL5
DL1	0	57412	7036	576	0	0
DL2	0	12792	24664	1424	32	0
DL3	0	2524	7060	3376	304	0
DL4	0	840	2952	1360	528	0
DL5	0	0	0	0	0	0
Tabela Comparativa das Profundidades - Porcentagens (FRAME 58)
	AV1
HEVC	DL0	DL1	DL2	DL3	DL4	DL5
DL1	0.00%	88.29%	10.82%	0.89%	0.00%	0.00%
DL2	0.00%	32.87%	63.38%	3.66%	0.08%	0.00%
DL3	0.00%	19.03%	53.23%	25.45%	2.29%	0.00%
DL4	0.00%	14.79%	51.97%	23.94%	9.30%	0.00%
DL5	-nan%	-nan%	-nan%	-nan%	-nan%	-nan%


Tabela Comparativa das Profundidades - Valores Absolutos (FRAME 59)
	AV1
HEVC	DL0	DL1	DL2	DL3	DL4	DL5
DL1	0	71508	4844	192	0	0
DL2	0	7500	18972	1424	72	0
DL3	0	1496	5608	4608	544	0
DL4	0	720	2752	1616	1024	0
DL5	0	0	0	0	0	0
Tabela Comparativa das Profundidades - Porcentagens (FRAME 59)
	AV1
HEVC	DL0	DL1	DL2	DL3	DL4	DL5
DL1	0.00%	93.42%	6.33%	0.25%	0.00%	0.00%
DL2	0.00%	26.82%	67.83%	5.09%	0.26%	0.00%
DL3	0.00%	12.21%	45.76%	37.60%	4.44%	0.00%
DL4	0.00%	11.78%	45.03%	26.44%	16.75%	0.00%
DL5	-nan%	-nan%	-nan%	-nan%	-nan%	-nan%


Tabela Comparativa das Profundidades - Valores Absolutos (FRAME 60)
	AV1
HEVC	DL0	DL1	DL2	DL3	DL4	DL5
DL1	0	70116	4476	160	0	0
DL2	0	10026	20582	1968	128	0
DL3	0	1904	4192	4272	368	0
DL4	0	1088	1848	1152	600	0
DL5	0	0	0	0	0	0
Tabela Comparativa das Profundidades - Porcentagens (FRAME 60)
	AV1
HEVC	DL0	DL1	DL2	DL3	DL4	DL5
DL1	0.00%	93.80%	5.99%	0.21%	0.00%	0.00%
DL2	0.00%	30.66%	62.93%	6.02%	0.39%	0.00%
DL3	0.00%	17.73%	39.05%	39.79%	3.43%	0.00%
DL4	0.00%	23.21%	39.42%	24.57%	12.80%	0.00%
DL5	-nan%	-nan%	-nan%	-nan%	-nan%	-nan%


