Tabela Comparativa das Profundidades - Valores Absolutos (FRAME  1)
	AV1
HEVC	DL0	DL1	DL2	DL3	DL4	DL5
DL1	0	1024	512	432	80	0
DL2	0	320	8960	3584	2496	0
DL3	0	192	4720	16736	10832	0
DL4	0	256	5200	15392	52144	0
DL5	0	0	0	0	0	0
Tabela Comparativa das Profundidades - Porcentagens (FRAME  1)
	AV1
HEVC	DL0	DL1	DL2	DL3	DL4	DL5
DL1	0.00%	50.00%	25.00%	21.09%	3.91%	0.00%
DL2	0.00%	2.08%	58.33%	23.33%	16.25%	0.00%
DL3	0.00%	0.59%	14.53%	51.53%	33.35%	0.00%
DL4	0.00%	0.35%	7.12%	21.09%	71.44%	0.00%
DL5	-nan%	-nan%	-nan%	-nan%	-nan%	-nan%


Tabela Comparativa das Profundidades - Valores Absolutos (FRAME  2)
	AV1
HEVC	DL0	DL1	DL2	DL3	DL4	DL5
DL1	0	25172	1904	252	64	0
DL2	0	1744	15416	2488	384	0
DL3	0	1264	12260	15364	4072	0
DL4	0	1852	9598	16648	14398	0
DL5	0	0	0	0	0	0
Tabela Comparativa das Profundidades - Porcentagens (FRAME  2)
	AV1
HEVC	DL0	DL1	DL2	DL3	DL4	DL5
DL1	0.00%	91.90%	6.95%	0.92%	0.23%	0.00%
DL2	0.00%	8.71%	76.96%	12.42%	1.92%	0.00%
DL3	0.00%	3.83%	37.20%	46.61%	12.35%	0.00%
DL4	0.00%	4.36%	22.59%	39.18%	33.88%	0.00%
DL5	-nan%	-nan%	-nan%	-nan%	-nan%	-nan%


Tabela Comparativa das Profundidades - Valores Absolutos (FRAME  3)
	AV1
HEVC	DL0	DL1	DL2	DL3	DL4	DL5
DL1	0	32768	1920	368	16	0
DL2	0	3432	12148	2736	436	0
DL3	0	2896	11092	19760	4092	0
DL4	0	2764	6644	12158	9650	0
DL5	0	0	0	0	0	0
Tabela Comparativa das Profundidades - Porcentagens (FRAME  3)
	AV1
HEVC	DL0	DL1	DL2	DL3	DL4	DL5
DL1	0.00%	93.43%	5.47%	1.05%	0.05%	0.00%
DL2	0.00%	18.30%	64.78%	14.59%	2.33%	0.00%
DL3	0.00%	7.65%	29.31%	52.22%	10.81%	0.00%
DL4	0.00%	8.85%	21.28%	38.95%	30.91%	0.00%
DL5	-nan%	-nan%	-nan%	-nan%	-nan%	-nan%


Tabela Comparativa das Profundidades - Valores Absolutos (FRAME  4)
	AV1
HEVC	DL0	DL1	DL2	DL3	DL4	DL5
DL1	6144	24768	960	112	16	0
DL2	0	2476	19508	3232	320	0
DL3	0	1980	11168	22476	3672	0
DL4	0	1276	6296	10728	7748	0
DL5	0	0	0	0	0	0
Tabela Comparativa das Profundidades - Porcentagens (FRAME  4)
	AV1
HEVC	DL0	DL1	DL2	DL3	DL4	DL5
DL1	19.20%	77.40%	3.00%	0.35%	0.05%	0.00%
DL2	0.00%	9.70%	76.39%	12.66%	1.25%	0.00%
DL3	0.00%	5.04%	28.42%	57.20%	9.34%	0.00%
DL4	0.00%	4.90%	24.17%	41.19%	29.75%	0.00%
DL5	-nan%	-nan%	-nan%	-nan%	-nan%	-nan%


Tabela Comparativa das Profundidades - Valores Absolutos (FRAME  5)
	AV1
HEVC	DL0	DL1	DL2	DL3	DL4	DL5
DL1	8192	26712	2152	64	0	0
DL2	0	4932	19852	3576	376	0
DL3	0	3344	10880	18960	2816	0
DL4	0	2124	4252	8484	6164	0
DL5	0	0	0	0	0	0
Tabela Comparativa das Profundidades - Porcentagens (FRAME  5)
	AV1
HEVC	DL0	DL1	DL2	DL3	DL4	DL5
DL1	22.07%	71.96%	5.80%	0.17%	0.00%	0.00%
DL2	0.00%	17.16%	69.08%	12.44%	1.31%	0.00%
DL3	0.00%	9.29%	30.22%	52.67%	7.82%	0.00%
DL4	0.00%	10.10%	20.22%	40.35%	29.32%	0.00%
DL5	-nan%	-nan%	-nan%	-nan%	-nan%	-nan%


Tabela Comparativa das Profundidades - Valores Absolutos (FRAME  6)
	AV1
HEVC	DL0	DL1	DL2	DL3	DL4	DL5
DL1	9216	27392	1536	256	0	0
DL2	0	6992	22736	3684	444	0
DL3	0	3400	10044	16532	2184	0
DL4	0	1912	4666	7254	4632	0
DL5	0	0	0	0	0	0
Tabela Comparativa das Profundidades - Porcentagens (FRAME  6)
	AV1
HEVC	DL0	DL1	DL2	DL3	DL4	DL5
DL1	24.00%	71.33%	4.00%	0.67%	0.00%	0.00%
DL2	0.00%	20.65%	67.16%	10.88%	1.31%	0.00%
DL3	0.00%	10.57%	31.23%	51.41%	6.79%	0.00%
DL4	0.00%	10.36%	25.27%	39.29%	25.09%	0.00%
DL5	-nan%	-nan%	-nan%	-nan%	-nan%	-nan%


Tabela Comparativa das Profundidades - Valores Absolutos (FRAME  7)
	AV1
HEVC	DL0	DL1	DL2	DL3	DL4	DL5
DL1	6144	34432	4288	656	48	0
DL2	0	4540	23756	4048	360	0
DL3	0	4178	10154	15808	1332	0
DL4	0	1636	3662	5326	2512	0
DL5	0	0	0	0	0	0
Tabela Comparativa das Profundidades - Porcentagens (FRAME  7)
	AV1
HEVC	DL0	DL1	DL2	DL3	DL4	DL5
DL1	13.48%	75.56%	9.41%	1.44%	0.11%	0.00%
DL2	0.00%	13.88%	72.64%	12.38%	1.10%	0.00%
DL3	0.00%	13.28%	32.26%	50.23%	4.23%	0.00%
DL4	0.00%	12.45%	27.88%	40.55%	19.12%	0.00%
DL5	-nan%	-nan%	-nan%	-nan%	-nan%	-nan%


Tabela Comparativa das Profundidades - Valores Absolutos (FRAME  8)
	AV1
HEVC	DL0	DL1	DL2	DL3	DL4	DL5
DL1	3072	37344	1496	328	0	0
DL2	0	7568	24764	4588	200	0
DL3	0	3924	8902	15942	1600	0
DL4	0	1744	3692	4792	2924	0
DL5	0	0	0	0	0	0
Tabela Comparativa das Profundidades - Porcentagens (FRAME  8)
	AV1
HEVC	DL0	DL1	DL2	DL3	DL4	DL5
DL1	7.27%	88.41%	3.54%	0.78%	0.00%	0.00%
DL2	0.00%	20.39%	66.71%	12.36%	0.54%	0.00%
DL3	0.00%	12.92%	29.31%	52.50%	5.27%	0.00%
DL4	0.00%	13.26%	28.07%	36.44%	22.23%	0.00%
DL5	-nan%	-nan%	-nan%	-nan%	-nan%	-nan%


Tabela Comparativa das Profundidades - Valores Absolutos (FRAME  9)
	AV1
HEVC	DL0	DL1	DL2	DL3	DL4	DL5
DL1	1024	35824	720	64	0	0
DL2	0	6304	21040	3736	280	0
DL3	0	3888	10576	18300	2164	0
DL4	0	2208	4820	6788	5144	0
DL5	0	0	0	0	0	0
Tabela Comparativa das Profundidades - Porcentagens (FRAME  9)
	AV1
HEVC	DL0	DL1	DL2	DL3	DL4	DL5
DL1	2.72%	95.20%	1.91%	0.17%	0.00%	0.00%
DL2	0.00%	20.10%	67.09%	11.91%	0.89%	0.00%
DL3	0.00%	11.13%	30.28%	52.39%	6.20%	0.00%
DL4	0.00%	11.65%	25.42%	35.80%	27.13%	0.00%
DL5	-nan%	-nan%	-nan%	-nan%	-nan%	-nan%


Tabela Comparativa das Profundidades - Valores Absolutos (FRAME 10)
	AV1
HEVC	DL0	DL1	DL2	DL3	DL4	DL5
DL1	5888	38656	2496	304	16	0
DL2	192	5440	27136	4000	352	0
DL3	32	2112	8784	13008	2288	0
DL4	32	640	3312	4160	4032	0
DL5	0	0	0	0	0	0
Tabela Comparativa das Profundidades - Porcentagens (FRAME 10)
	AV1
HEVC	DL0	DL1	DL2	DL3	DL4	DL5
DL1	12.43%	81.62%	5.27%	0.64%	0.03%	0.00%
DL2	0.52%	14.66%	73.10%	10.78%	0.95%	0.00%
DL3	0.12%	8.05%	33.50%	49.60%	8.72%	0.00%
DL4	0.26%	5.26%	27.20%	34.17%	33.11%	0.00%
DL5	-nan%	-nan%	-nan%	-nan%	-nan%	-nan%


Tabela Comparativa das Profundidades - Valores Absolutos (FRAME 11)
	AV1
HEVC	DL0	DL1	DL2	DL3	DL4	DL5
DL1	13640	32936	1228	324	0	0
DL2	3732	5048	20372	3176	184	0
DL3	1436	2578	7104	15794	1712	0
DL4	820	1498	2956	4698	3644	0
DL5	0	0	0	0	0	0
Tabela Comparativa das Profundidades - Porcentagens (FRAME 11)
	AV1
HEVC	DL0	DL1	DL2	DL3	DL4	DL5
DL1	28.34%	68.43%	2.55%	0.67%	0.00%	0.00%
DL2	11.48%	15.53%	62.66%	9.77%	0.57%	0.00%
DL3	5.02%	9.01%	24.82%	55.18%	5.98%	0.00%
DL4	6.02%	11.00%	21.71%	34.50%	26.76%	0.00%
DL5	-nan%	-nan%	-nan%	-nan%	-nan%	-nan%


Tabela Comparativa das Profundidades - Valores Absolutos (FRAME 12)
	AV1
HEVC	DL0	DL1	DL2	DL3	DL4	DL5
DL1	10240	28808	872	16	0	0
DL2	0	6268	19560	2460	256	0
DL3	0	3422	9230	18352	2628	0
DL4	0	2048	3840	8680	6200	0
DL5	0	0	0	0	0	0
Tabela Comparativa das Profundidades - Porcentagens (FRAME 12)
	AV1
HEVC	DL0	DL1	DL2	DL3	DL4	DL5
DL1	25.64%	72.14%	2.18%	0.04%	0.00%	0.00%
DL2	0.00%	21.96%	68.53%	8.62%	0.90%	0.00%
DL3	0.00%	10.17%	27.44%	54.57%	7.81%	0.00%
DL4	0.00%	9.86%	18.49%	41.80%	29.85%	0.00%
DL5	-nan%	-nan%	-nan%	-nan%	-nan%	-nan%


Tabela Comparativa das Profundidades - Valores Absolutos (FRAME 13)
	AV1
HEVC	DL0	DL1	DL2	DL3	DL4	DL5
DL1	2048	30712	136	128	0	0
DL2	0	6620	22038	2962	188	0
DL3	0	3736	10502	20590	3156	0
DL4	0	2336	4274	7902	5552	0
DL5	0	0	0	0	0	0
Tabela Comparativa das Profundidades - Porcentagens (FRAME 13)
	AV1
HEVC	DL0	DL1	DL2	DL3	DL4	DL5
DL1	6.20%	93.00%	0.41%	0.39%	0.00%	0.00%
DL2	0.00%	20.81%	69.28%	9.31%	0.59%	0.00%
DL3	0.00%	9.84%	27.65%	54.21%	8.31%	0.00%
DL4	0.00%	11.64%	21.30%	39.38%	27.67%	0.00%
DL5	-nan%	-nan%	-nan%	-nan%	-nan%	-nan%


Tabela Comparativa das Profundidades - Valores Absolutos (FRAME 14)
	AV1
HEVC	DL0	DL1	DL2	DL3	DL4	DL5
DL1	2624	38904	2480	792	0	0
DL2	368	6440	18688	4452	388	0
DL3	508	3348	8746	15498	2956	0
DL4	344	2204	3614	6414	4112	0
DL5	0	0	0	0	0	0
Tabela Comparativa das Profundidades - Porcentagens (FRAME 14)
	AV1
HEVC	DL0	DL1	DL2	DL3	DL4	DL5
DL1	5.86%	86.84%	5.54%	1.77%	0.00%	0.00%
DL2	1.21%	21.23%	61.60%	14.68%	1.28%	0.00%
DL3	1.64%	10.78%	28.16%	49.90%	9.52%	0.00%
DL4	2.06%	13.21%	21.66%	38.43%	24.64%	0.00%
DL5	-nan%	-nan%	-nan%	-nan%	-nan%	-nan%


Tabela Comparativa das Profundidades - Valores Absolutos (FRAME 15)
	AV1
HEVC	DL0	DL1	DL2	DL3	DL4	DL5
DL1	7168	37240	3088	600	32	0
DL2	0	5572	24124	3788	308	0
DL3	0	4344	7912	12980	1836	0
DL4	0	2430	3202	4900	3356	0
DL5	0	0	0	0	0	0
Tabela Comparativa das Profundidades - Porcentagens (FRAME 15)
	AV1
HEVC	DL0	DL1	DL2	DL3	DL4	DL5
DL1	14.89%	77.38%	6.42%	1.25%	0.07%	0.00%
DL2	0.00%	16.49%	71.39%	11.21%	0.91%	0.00%
DL3	0.00%	16.05%	29.23%	47.95%	6.78%	0.00%
DL4	0.00%	17.50%	23.06%	35.28%	24.16%	0.00%
DL5	-nan%	-nan%	-nan%	-nan%	-nan%	-nan%


Tabela Comparativa das Profundidades - Valores Absolutos (FRAME 16)
	AV1
HEVC	DL0	DL1	DL2	DL3	DL4	DL5
DL1	3800	41600	3354	728	182	0
DL2	704	6152	22968	3704	136	0
DL3	346	3600	8164	13874	1616	0
DL4	192	1872	3322	3874	2692	0
DL5	0	0	0	0	0	0
Tabela Comparativa das Profundidades - Porcentagens (FRAME 16)
	AV1
HEVC	DL0	DL1	DL2	DL3	DL4	DL5
DL1	7.65%	83.76%	6.75%	1.47%	0.37%	0.00%
DL2	2.09%	18.27%	68.23%	11.00%	0.40%	0.00%
DL3	1.25%	13.04%	29.58%	50.27%	5.86%	0.00%
DL4	1.61%	15.66%	27.79%	32.41%	22.52%	0.00%
DL5	-nan%	-nan%	-nan%	-nan%	-nan%	-nan%


Tabela Comparativa das Profundidades - Valores Absolutos (FRAME 17)
	AV1
HEVC	DL0	DL1	DL2	DL3	DL4	DL5
DL1	0	33716	2140	232	8	0
DL2	0	5076	22128	4308	232	0
DL3	0	3988	9804	19920	2496	0
DL4	0	2036	4448	7648	4700	0
DL5	0	0	0	0	0	0
Tabela Comparativa das Profundidades - Porcentagens (FRAME 17)
	AV1
HEVC	DL0	DL1	DL2	DL3	DL4	DL5
DL1	0.00%	93.41%	5.93%	0.64%	0.02%	0.00%
DL2	0.00%	15.99%	69.71%	13.57%	0.73%	0.00%
DL3	0.00%	11.01%	27.08%	55.02%	6.89%	0.00%
DL4	0.00%	10.81%	23.62%	40.61%	24.96%	0.00%
DL5	-nan%	-nan%	-nan%	-nan%	-nan%	-nan%


Tabela Comparativa das Profundidades - Valores Absolutos (FRAME 18)
	AV1
HEVC	DL0	DL1	DL2	DL3	DL4	DL5
DL1	1024	39976	2776	480	32	0
DL2	0	5336	27278	4778	176	0
DL3	0	3688	9156	13544	1852	0
DL4	0	1754	3502	4516	3012	0
DL5	0	0	0	0	0	0
Tabela Comparativa das Profundidades - Porcentagens (FRAME 18)
	AV1
HEVC	DL0	DL1	DL2	DL3	DL4	DL5
DL1	2.31%	90.26%	6.27%	1.08%	0.07%	0.00%
DL2	0.00%	14.20%	72.61%	12.72%	0.47%	0.00%
DL3	0.00%	13.06%	32.42%	47.96%	6.56%	0.00%
DL4	0.00%	13.72%	27.39%	35.33%	23.56%	0.00%
DL5	-nan%	-nan%	-nan%	-nan%	-nan%	-nan%


Tabela Comparativa das Profundidades - Valores Absolutos (FRAME 19)
	AV1
HEVC	DL0	DL1	DL2	DL3	DL4	DL5
DL1	3072	40960	3200	592	48	0
DL2	0	3520	26112	5264	496	0
DL3	0	2080	7808	14400	2176	0
DL4	0	1056	2944	5376	3776	0
DL5	0	0	0	0	0	0
Tabela Comparativa das Profundidades - Porcentagens (FRAME 19)
	AV1
HEVC	DL0	DL1	DL2	DL3	DL4	DL5
DL1	6.42%	85.56%	6.68%	1.24%	0.10%	0.00%
DL2	0.00%	9.95%	73.78%	14.87%	1.40%	0.00%
DL3	0.00%	7.86%	29.50%	54.41%	8.22%	0.00%
DL4	0.00%	8.03%	22.38%	40.88%	28.71%	0.00%
DL5	-nan%	-nan%	-nan%	-nan%	-nan%	-nan%


Tabela Comparativa das Profundidades - Valores Absolutos (FRAME 20)
	AV1
HEVC	DL0	DL1	DL2	DL3	DL4	DL5
DL1	256	3368	208	460	60	0
DL2	2240	5724	8438	1894	840	0
DL3	3344	6746	10296	9314	2844	0
DL4	7472	9728	13278	19522	16848	0
DL5	0	0	0	0	0	0
Tabela Comparativa das Profundidades - Porcentagens (FRAME 20)
	AV1
HEVC	DL0	DL1	DL2	DL3	DL4	DL5
DL1	5.88%	77.39%	4.78%	10.57%	1.38%	0.00%
DL2	11.71%	29.91%	44.09%	9.90%	4.39%	0.00%
DL3	10.28%	20.73%	31.64%	28.62%	8.74%	0.00%
DL4	11.18%	14.55%	19.86%	29.20%	25.20%	0.00%
DL5	-nan%	-nan%	-nan%	-nan%	-nan%	-nan%


Tabela Comparativa das Profundidades - Valores Absolutos (FRAME 21)
	AV1
HEVC	DL0	DL1	DL2	DL3	DL4	DL5
DL1	9728	15872	576	128	64	0
DL2	1216	4560	13992	1656	336	0
DL3	1248	2820	12864	18756	3640	0
DL4	1316	2336	9248	13920	8604	0
DL5	0	0	0	0	0	0
Tabela Comparativa das Profundidades - Porcentagens (FRAME 21)
	AV1
HEVC	DL0	DL1	DL2	DL3	DL4	DL5
DL1	36.89%	60.19%	2.18%	0.49%	0.24%	0.00%
DL2	5.59%	20.96%	64.30%	7.61%	1.54%	0.00%
DL3	3.17%	7.17%	32.71%	47.69%	9.26%	0.00%
DL4	3.71%	6.59%	26.11%	39.30%	24.29%	0.00%
DL5	-nan%	-nan%	-nan%	-nan%	-nan%	-nan%


Tabela Comparativa das Profundidades - Valores Absolutos (FRAME 22)
	AV1
HEVC	DL0	DL1	DL2	DL3	DL4	DL5
DL1	12032	15104	1472	160	160	0
DL2	256	4336	18474	3174	512	0
DL3	0	2112	13360	22400	3632	0
DL4	0	1674	6666	9690	7666	0
DL5	0	0	0	0	0	0
Tabela Comparativa das Profundidades - Porcentagens (FRAME 22)
	AV1
HEVC	DL0	DL1	DL2	DL3	DL4	DL5
DL1	41.59%	52.21%	5.09%	0.55%	0.55%	0.00%
DL2	0.96%	16.21%	69.06%	11.86%	1.91%	0.00%
DL3	0.00%	5.09%	32.19%	53.97%	8.75%	0.00%
DL4	0.00%	6.51%	25.94%	37.71%	29.83%	0.00%
DL5	-nan%	-nan%	-nan%	-nan%	-nan%	-nan%


Tabela Comparativa das Profundidades - Valores Absolutos (FRAME 23)
	AV1
HEVC	DL0	DL1	DL2	DL3	DL4	DL5
DL1	11264	19968	1088	656	48	0
DL2	0	6396	22020	4420	316	0
DL3	0	2468	11116	19188	2220	0
DL4	0	1572	5344	8948	5848	0
DL5	0	0	0	0	0	0
Tabela Comparativa das Profundidades - Porcentagens (FRAME 23)
	AV1
HEVC	DL0	DL1	DL2	DL3	DL4	DL5
DL1	34.11%	60.47%	3.29%	1.99%	0.15%	0.00%
DL2	0.00%	19.29%	66.42%	13.33%	0.95%	0.00%
DL3	0.00%	7.05%	31.77%	54.84%	6.34%	0.00%
DL4	0.00%	7.24%	24.61%	41.21%	26.93%	0.00%
DL5	-nan%	-nan%	-nan%	-nan%	-nan%	-nan%


Tabela Comparativa das Profundidades - Valores Absolutos (FRAME 24)
	AV1
HEVC	DL0	DL1	DL2	DL3	DL4	DL5
DL1	6912	26416	1552	664	40	0
DL2	1192	3088	26568	5148	292	0
DL3	980	1680	12452	17848	1520	0
DL4	496	880	5472	6920	2760	0
DL5	0	0	0	0	0	0
Tabela Comparativa das Profundidades - Porcentagens (FRAME 24)
	AV1
HEVC	DL0	DL1	DL2	DL3	DL4	DL5
DL1	19.42%	74.24%	4.36%	1.87%	0.11%	0.00%
DL2	3.28%	8.51%	73.21%	14.19%	0.80%	0.00%
DL3	2.84%	4.87%	36.11%	51.76%	4.41%	0.00%
DL4	3.00%	5.32%	33.11%	41.87%	16.70%	0.00%
DL5	-nan%	-nan%	-nan%	-nan%	-nan%	-nan%


Tabela Comparativa das Profundidades - Valores Absolutos (FRAME 25)
	AV1
HEVC	DL0	DL1	DL2	DL3	DL4	DL5
DL1	5120	33124	3932	832	0	0
DL2	0	7384	26864	4736	184	0
DL3	0	3068	10588	13208	1328	0
DL4	0	1656	4536	3884	2436	0
DL5	0	0	0	0	0	0
Tabela Comparativa das Profundidades - Porcentagens (FRAME 25)
	AV1
HEVC	DL0	DL1	DL2	DL3	DL4	DL5
DL1	11.90%	77.02%	9.14%	1.93%	0.00%	0.00%
DL2	0.00%	18.85%	68.59%	12.09%	0.47%	0.00%
DL3	0.00%	10.88%	37.56%	46.85%	4.71%	0.00%
DL4	0.00%	13.24%	36.25%	31.04%	19.47%	0.00%
DL5	-nan%	-nan%	-nan%	-nan%	-nan%	-nan%


Tabela Comparativa das Profundidades - Valores Absolutos (FRAME 26)
	AV1
HEVC	DL0	DL1	DL2	DL3	DL4	DL5
DL1	5120	28468	4892	1168	32	0
DL2	0	5516	28256	5972	256	0
DL3	0	2316	11548	14224	1096	0
DL4	0	1484	4672	4688	3172	0
DL5	0	0	0	0	0	0
Tabela Comparativa das Profundidades - Porcentagens (FRAME 26)
	AV1
HEVC	DL0	DL1	DL2	DL3	DL4	DL5
DL1	12.90%	71.74%	12.33%	2.94%	0.08%	0.00%
DL2	0.00%	13.79%	70.64%	14.93%	0.64%	0.00%
DL3	0.00%	7.94%	39.57%	48.74%	3.76%	0.00%
DL4	0.00%	10.59%	33.33%	33.45%	22.63%	0.00%
DL5	-nan%	-nan%	-nan%	-nan%	-nan%	-nan%


Tabela Comparativa das Profundidades - Valores Absolutos (FRAME 27)
	AV1
HEVC	DL0	DL1	DL2	DL3	DL4	DL5
DL1	5120	22968	1904	984	256	0
DL2	0	4704	26194	4942	704	0
DL3	0	2280	11732	19592	2236	0
DL4	0	1392	4980	7852	5040	0
DL5	0	0	0	0	0	0
Tabela Comparativa das Profundidades - Porcentagens (FRAME 27)
	AV1
HEVC	DL0	DL1	DL2	DL3	DL4	DL5
DL1	16.39%	73.54%	6.10%	3.15%	0.82%	0.00%
DL2	0.00%	12.87%	71.68%	13.52%	1.93%	0.00%
DL3	0.00%	6.36%	32.73%	54.67%	6.24%	0.00%
DL4	0.00%	7.23%	25.85%	40.76%	26.16%	0.00%
DL5	-nan%	-nan%	-nan%	-nan%	-nan%	-nan%


Tabela Comparativa das Profundidades - Valores Absolutos (FRAME 28)
	AV1
HEVC	DL0	DL1	DL2	DL3	DL4	DL5
DL1	6144	35840	3584	768	0	0
DL2	0	4032	27904	5200	688	0
DL3	0	2048	9120	14000	1744	0
DL4	0	576	3808	4320	3104	0
DL5	0	0	0	0	0	0
Tabela Comparativa das Profundidades - Porcentagens (FRAME 28)
	AV1
HEVC	DL0	DL1	DL2	DL3	DL4	DL5
DL1	13.26%	77.35%	7.73%	1.66%	0.00%	0.00%
DL2	0.00%	10.66%	73.77%	13.75%	1.82%	0.00%
DL3	0.00%	7.61%	33.89%	52.02%	6.48%	0.00%
DL4	0.00%	4.88%	32.25%	36.59%	26.29%	0.00%
DL5	-nan%	-nan%	-nan%	-nan%	-nan%	-nan%


Tabela Comparativa das Profundidades - Valores Absolutos (FRAME 29)
	AV1
HEVC	DL0	DL1	DL2	DL3	DL4	DL5
DL1	12800	31488	2496	1064	24	0
DL2	792	5312	23160	4120	408	0
DL3	516	2228	10190	12938	1472	0
DL4	172	1108	4774	4678	3140	0
DL5	0	0	0	0	0	0
Tabela Comparativa das Profundidades - Porcentagens (FRAME 29)
	AV1
HEVC	DL0	DL1	DL2	DL3	DL4	DL5
DL1	26.74%	65.78%	5.21%	2.22%	0.05%	0.00%
DL2	2.34%	15.72%	68.54%	12.19%	1.21%	0.00%
DL3	1.89%	8.15%	37.27%	47.32%	5.38%	0.00%
DL4	1.24%	7.99%	34.41%	33.72%	22.64%	0.00%
DL5	-nan%	-nan%	-nan%	-nan%	-nan%	-nan%


Tabela Comparativa das Profundidades - Valores Absolutos (FRAME 30)
	AV1
HEVC	DL0	DL1	DL2	DL3	DL4	DL5
DL1	9216	24692	942	438	296	0
DL2	0	6276	24702	3218	620	0
DL3	0	3244	9880	16708	2632	0
DL4	0	1728	5018	7840	5430	0
DL5	0	0	0	0	0	0
Tabela Comparativa das Profundidades - Porcentagens (FRAME 30)
	AV1
HEVC	DL0	DL1	DL2	DL3	DL4	DL5
DL1	25.90%	69.39%	2.65%	1.23%	0.83%	0.00%
DL2	0.00%	18.03%	70.95%	9.24%	1.78%	0.00%
DL3	0.00%	9.99%	30.43%	51.47%	8.11%	0.00%
DL4	0.00%	8.63%	25.07%	39.17%	27.13%	0.00%
DL5	-nan%	-nan%	-nan%	-nan%	-nan%	-nan%


Tabela Comparativa das Profundidades - Valores Absolutos (FRAME 31)
	AV1
HEVC	DL0	DL1	DL2	DL3	DL4	DL5
DL1	14336	16384	1216	832	0	0
DL2	0	3504	23476	4748	208	0
DL3	0	2256	11040	20128	2176	0
DL4	0	1760	5588	9732	5496	0
DL5	0	0	0	0	0	0
Tabela Comparativa das Profundidades - Porcentagens (FRAME 31)
	AV1
HEVC	DL0	DL1	DL2	DL3	DL4	DL5
DL1	43.75%	50.00%	3.71%	2.54%	0.00%	0.00%
DL2	0.00%	10.97%	73.51%	14.87%	0.65%	0.00%
DL3	0.00%	6.34%	31.01%	56.54%	6.11%	0.00%
DL4	0.00%	7.80%	24.75%	43.11%	24.34%	0.00%
DL5	-nan%	-nan%	-nan%	-nan%	-nan%	-nan%


Tabela Comparativa das Profundidades - Valores Absolutos (FRAME 32)
	AV1
HEVC	DL0	DL1	DL2	DL3	DL4	DL5
DL1	3072	32256	2192	484	140	0
DL2	0	4808	27752	4952	504	0
DL3	0	2408	10504	15760	1840	0
DL4	0	1182	4718	6732	3576	0
DL5	0	0	0	0	0	0
Tabela Comparativa das Profundidades - Porcentagens (FRAME 32)
	AV1
HEVC	DL0	DL1	DL2	DL3	DL4	DL5
DL1	8.05%	84.56%	5.75%	1.27%	0.37%	0.00%
DL2	0.00%	12.65%	73.00%	13.03%	1.33%	0.00%
DL3	0.00%	7.89%	34.43%	51.65%	6.03%	0.00%
DL4	0.00%	7.29%	29.11%	41.54%	22.06%	0.00%
DL5	-nan%	-nan%	-nan%	-nan%	-nan%	-nan%


Tabela Comparativa das Profundidades - Valores Absolutos (FRAME 33)
	AV1
HEVC	DL0	DL1	DL2	DL3	DL4	DL5
DL1	7168	36368	1860	1012	184	0
DL2	0	3768	26788	5572	480	0
DL3	0	2516	9704	13208	1708	0
DL4	0	1128	4480	4010	2926	0
DL5	0	0	0	0	0	0
Tabela Comparativa das Profundidades - Porcentagens (FRAME 33)
	AV1
HEVC	DL0	DL1	DL2	DL3	DL4	DL5
DL1	15.38%	78.06%	3.99%	2.17%	0.39%	0.00%
DL2	0.00%	10.29%	73.18%	15.22%	1.31%	0.00%
DL3	0.00%	9.27%	35.76%	48.67%	6.29%	0.00%
DL4	0.00%	8.99%	35.71%	31.97%	23.33%	0.00%
DL5	-nan%	-nan%	-nan%	-nan%	-nan%	-nan%


Tabela Comparativa das Profundidades - Valores Absolutos (FRAME 34)
	AV1
HEVC	DL0	DL1	DL2	DL3	DL4	DL5
DL1	7168	35208	3100	844	16	0
DL2	0	6284	26084	4408	216	0
DL3	0	3504	8096	13300	1260	0
DL4	0	1936	4100	4532	2824	0
DL5	0	0	0	0	0	0
Tabela Comparativa das Profundidades - Porcentagens (FRAME 34)
	AV1
HEVC	DL0	DL1	DL2	DL3	DL4	DL5
DL1	15.47%	75.98%	6.69%	1.82%	0.03%	0.00%
DL2	0.00%	16.99%	70.51%	11.92%	0.58%	0.00%
DL3	0.00%	13.39%	30.95%	50.84%	4.82%	0.00%
DL4	0.00%	14.46%	30.62%	33.84%	21.09%	0.00%
DL5	-nan%	-nan%	-nan%	-nan%	-nan%	-nan%


Tabela Comparativa das Profundidades - Valores Absolutos (FRAME 35)
	AV1
HEVC	DL0	DL1	DL2	DL3	DL4	DL5
DL1	3072	22912	2108	52	16	0
DL2	0	5524	28048	5004	336	0
DL3	0	2788	11288	20132	2288	0
DL4	0	1136	5776	7504	4896	0
DL5	0	0	0	0	0	0
Tabela Comparativa das Profundidades - Porcentagens (FRAME 35)
	AV1
HEVC	DL0	DL1	DL2	DL3	DL4	DL5
DL1	10.91%	81.36%	7.49%	0.18%	0.06%	0.00%
DL2	0.00%	14.20%	72.08%	12.86%	0.86%	0.00%
DL3	0.00%	7.64%	30.93%	55.16%	6.27%	0.00%
DL4	0.00%	5.88%	29.91%	38.86%	25.35%	0.00%
DL5	-nan%	-nan%	-nan%	-nan%	-nan%	-nan%


Tabela Comparativa das Profundidades - Valores Absolutos (FRAME 36)
	AV1
HEVC	DL0	DL1	DL2	DL3	DL4	DL5
DL1	4096	32768	2944	624	16	0
DL2	0	9190	27354	5168	208	0
DL3	0	3752	7544	14164	1612	0
DL4	0	1808	4064	4248	3320	0
DL5	0	0	0	0	0	0
Tabela Comparativa das Profundidades - Porcentagens (FRAME 36)
	AV1
HEVC	DL0	DL1	DL2	DL3	DL4	DL5
DL1	10.13%	81.01%	7.28%	1.54%	0.04%	0.00%
DL2	0.00%	21.92%	65.25%	12.33%	0.50%	0.00%
DL3	0.00%	13.86%	27.87%	52.32%	5.95%	0.00%
DL4	0.00%	13.45%	30.24%	31.61%	24.70%	0.00%
DL5	-nan%	-nan%	-nan%	-nan%	-nan%	-nan%


Tabela Comparativa das Profundidades - Valores Absolutos (FRAME 37)
	AV1
HEVC	DL0	DL1	DL2	DL3	DL4	DL5
DL1	2048	41216	3136	576	128	0
DL2	0	4928	25728	5072	432	0
DL3	0	3056	8448	14320	1408	0
DL4	0	976	3264	4688	3456	0
DL5	0	0	0	0	0	0
Tabela Comparativa das Profundidades - Porcentagens (FRAME 37)
	AV1
HEVC	DL0	DL1	DL2	DL3	DL4	DL5
DL1	4.35%	87.50%	6.66%	1.22%	0.27%	0.00%
DL2	0.00%	13.63%	71.15%	14.03%	1.19%	0.00%
DL3	0.00%	11.22%	31.02%	52.59%	5.17%	0.00%
DL4	0.00%	7.88%	26.36%	37.86%	27.91%	0.00%
DL5	-nan%	-nan%	-nan%	-nan%	-nan%	-nan%


Tabela Comparativa das Profundidades - Valores Absolutos (FRAME 38)
	AV1
HEVC	DL0	DL1	DL2	DL3	DL4	DL5
DL1	0	24576	1968	528	64	0
DL2	0	5020	20436	2692	332	0
DL3	0	1872	12484	13032	2900	0
DL4	0	3088	8656	14828	10404	0
DL5	0	0	0	0	0	0
Tabela Comparativa das Profundidades - Porcentagens (FRAME 38)
	AV1
HEVC	DL0	DL1	DL2	DL3	DL4	DL5
DL1	0.00%	90.57%	7.25%	1.95%	0.24%	0.00%
DL2	0.00%	17.63%	71.76%	9.45%	1.17%	0.00%
DL3	0.00%	6.18%	41.22%	43.03%	9.57%	0.00%
DL4	0.00%	8.35%	23.41%	40.10%	28.14%	0.00%
DL5	-nan%	-nan%	-nan%	-nan%	-nan%	-nan%


Tabela Comparativa das Profundidades - Valores Absolutos (FRAME 39)
	AV1
HEVC	DL0	DL1	DL2	DL3	DL4	DL5
DL1	4096	26368	1024	0	0	0
DL2	0	4780	15148	2440	480	0
DL3	0	2940	13384	19304	2948	0
DL4	0	2320	7490	13026	7132	0
DL5	0	0	0	0	0	0
Tabela Comparativa das Profundidades - Porcentagens (FRAME 39)
	AV1
HEVC	DL0	DL1	DL2	DL3	DL4	DL5
DL1	13.01%	83.74%	3.25%	0.00%	0.00%	0.00%
DL2	0.00%	20.92%	66.30%	10.68%	2.10%	0.00%
DL3	0.00%	7.62%	34.70%	50.04%	7.64%	0.00%
DL4	0.00%	7.74%	24.99%	43.47%	23.80%	0.00%
DL5	-nan%	-nan%	-nan%	-nan%	-nan%	-nan%


Tabela Comparativa das Profundidades - Valores Absolutos (FRAME 40)
	AV1
HEVC	DL0	DL1	DL2	DL3	DL4	DL5
DL1	3072	26880	1408	128	0	0
DL2	0	3096	20112	3656	272	0
DL3	0	2132	12916	21360	3304	0
DL4	0	1348	5672	10336	7188	0
DL5	0	0	0	0	0	0
Tabela Comparativa das Profundidades - Porcentagens (FRAME 40)
	AV1
HEVC	DL0	DL1	DL2	DL3	DL4	DL5
DL1	9.76%	85.37%	4.47%	0.41%	0.00%	0.00%
DL2	0.00%	11.41%	74.12%	13.47%	1.00%	0.00%
DL3	0.00%	5.37%	32.52%	53.79%	8.32%	0.00%
DL4	0.00%	5.49%	23.11%	42.11%	29.29%	0.00%
DL5	-nan%	-nan%	-nan%	-nan%	-nan%	-nan%


Tabela Comparativa das Profundidades - Valores Absolutos (FRAME 41)
	AV1
HEVC	DL0	DL1	DL2	DL3	DL4	DL5
DL1	2048	31488	1664	320	64	0
DL2	0	3896	22368	4128	392	0
DL3	0	2520	11484	19432	2084	0
DL4	0	1296	5024	9048	5624	0
DL5	0	0	0	0	0	0
Tabela Comparativa das Profundidades - Porcentagens (FRAME 41)
	AV1
HEVC	DL0	DL1	DL2	DL3	DL4	DL5
DL1	5.76%	88.49%	4.68%	0.90%	0.18%	0.00%
DL2	0.00%	12.66%	72.66%	13.41%	1.27%	0.00%
DL3	0.00%	7.09%	32.33%	54.71%	5.87%	0.00%
DL4	0.00%	6.17%	23.93%	43.10%	26.79%	0.00%
DL5	-nan%	-nan%	-nan%	-nan%	-nan%	-nan%


Tabela Comparativa das Profundidades - Valores Absolutos (FRAME 42)
	AV1
HEVC	DL0	DL1	DL2	DL3	DL4	DL5
DL1	2048	32256	1848	440	16	0
DL2	0	6132	25428	3904	376	0
DL3	0	3816	11952	16196	1764	0
DL4	0	1916	5128	6472	3188	0
DL5	0	0	0	0	0	0
Tabela Comparativa das Profundidades - Porcentagens (FRAME 42)
	AV1
HEVC	DL0	DL1	DL2	DL3	DL4	DL5
DL1	5.59%	88.11%	5.05%	1.20%	0.04%	0.00%
DL2	0.00%	17.11%	70.95%	10.89%	1.05%	0.00%
DL3	0.00%	11.31%	35.44%	48.02%	5.23%	0.00%
DL4	0.00%	11.47%	30.70%	38.75%	19.09%	0.00%
DL5	-nan%	-nan%	-nan%	-nan%	-nan%	-nan%


Tabela Comparativa das Profundidades - Valores Absolutos (FRAME 43)
	AV1
HEVC	DL0	DL1	DL2	DL3	DL4	DL5
DL1	5328	35052	2144	636	104	0
DL2	1776	6404	24368	4476	352	0
DL3	868	3920	10284	12536	1256	0
DL4	600	1608	4320	4608	2240	0
DL5	0	0	0	0	0	0
Tabela Comparativa das Profundidades - Porcentagens (FRAME 43)
	AV1
HEVC	DL0	DL1	DL2	DL3	DL4	DL5
DL1	12.32%	81.02%	4.96%	1.47%	0.24%	0.00%
DL2	4.75%	17.13%	65.20%	11.98%	0.94%	0.00%
DL3	3.01%	13.58%	35.63%	43.43%	4.35%	0.00%
DL4	4.49%	12.02%	32.30%	34.45%	16.75%	0.00%
DL5	-nan%	-nan%	-nan%	-nan%	-nan%	-nan%


Tabela Comparativa das Profundidades - Valores Absolutos (FRAME 44)
	AV1
HEVC	DL0	DL1	DL2	DL3	DL4	DL5
DL1	5120	31888	1840	320	0	0
DL2	0	6220	27572	5012	364	0
DL3	0	3792	9892	14876	1584	0
DL4	0	1676	3928	5808	2988	0
DL5	0	0	0	0	0	0
Tabela Comparativa das Profundidades - Porcentagens (FRAME 44)
	AV1
HEVC	DL0	DL1	DL2	DL3	DL4	DL5
DL1	13.07%	81.41%	4.70%	0.82%	0.00%	0.00%
DL2	0.00%	15.88%	70.39%	12.80%	0.93%	0.00%
DL3	0.00%	12.58%	32.82%	49.35%	5.25%	0.00%
DL4	0.00%	11.64%	27.28%	40.33%	20.75%	0.00%
DL5	-nan%	-nan%	-nan%	-nan%	-nan%	-nan%


Tabela Comparativa das Profundidades - Valores Absolutos (FRAME 45)
	AV1
HEVC	DL0	DL1	DL2	DL3	DL4	DL5
DL1	8192	25364	1720	308	0	0
DL2	0	5292	21756	4296	208	0
DL3	0	3972	10396	20488	2584	0
DL4	0	2208	4292	6980	4824	0
DL5	0	0	0	0	0	0
Tabela Comparativa das Profundidades - Porcentagens (FRAME 45)
	AV1
HEVC	DL0	DL1	DL2	DL3	DL4	DL5
DL1	23.02%	71.28%	4.83%	0.87%	0.00%	0.00%
DL2	0.00%	16.77%	68.95%	13.62%	0.66%	0.00%
DL3	0.00%	10.61%	27.77%	54.72%	6.90%	0.00%
DL4	0.00%	12.06%	23.45%	38.13%	26.35%	0.00%
DL5	-nan%	-nan%	-nan%	-nan%	-nan%	-nan%


Tabela Comparativa das Profundidades - Valores Absolutos (FRAME 46)
	AV1
HEVC	DL0	DL1	DL2	DL3	DL4	DL5
DL1	9216	36096	2944	864	32	0
DL2	0	4416	24704	5056	192	0
DL3	0	2512	8592	15520	1328	0
DL4	0	1008	2672	5040	2688	0
DL5	0	0	0	0	0	0
Tabela Comparativa das Profundidades - Porcentagens (FRAME 46)
	AV1
HEVC	DL0	DL1	DL2	DL3	DL4	DL5
DL1	18.75%	73.44%	5.99%	1.76%	0.07%	0.00%
DL2	0.00%	12.85%	71.88%	14.71%	0.56%	0.00%
DL3	0.00%	8.99%	30.74%	55.52%	4.75%	0.00%
DL4	0.00%	8.84%	23.42%	44.18%	23.56%	0.00%
DL5	-nan%	-nan%	-nan%	-nan%	-nan%	-nan%


Tabela Comparativa das Profundidades - Valores Absolutos (FRAME 47)
	AV1
HEVC	DL0	DL1	DL2	DL3	DL4	DL5
DL1	9216	33924	1592	580	0	0
DL2	0	4992	25096	5712	424	0
DL3	0	2296	9232	14992	1224	0
DL4	0	1488	4148	4852	3112	0
DL5	0	0	0	0	0	0
Tabela Comparativa das Profundidades - Porcentagens (FRAME 47)
	AV1
HEVC	DL0	DL1	DL2	DL3	DL4	DL5
DL1	20.34%	74.87%	3.51%	1.28%	0.00%	0.00%
DL2	0.00%	13.78%	69.28%	15.77%	1.17%	0.00%
DL3	0.00%	8.28%	33.28%	54.04%	4.41%	0.00%
DL4	0.00%	10.94%	30.50%	35.68%	22.88%	0.00%
DL5	-nan%	-nan%	-nan%	-nan%	-nan%	-nan%


Tabela Comparativa das Profundidades - Valores Absolutos (FRAME 48)
	AV1
HEVC	DL0	DL1	DL2	DL3	DL4	DL5
DL1	3856	32512	2480	288	32	0
DL2	1728	4704	22648	3056	120	0
DL3	732	2912	10860	15348	1988	0
DL4	412	1632	5476	6852	5244	0
DL5	0	0	0	0	0	0
Tabela Comparativa das Profundidades - Porcentagens (FRAME 48)
	AV1
HEVC	DL0	DL1	DL2	DL3	DL4	DL5
DL1	9.84%	83.01%	6.33%	0.74%	0.08%	0.00%
DL2	5.36%	14.58%	70.21%	9.47%	0.37%	0.00%
DL3	2.30%	9.15%	34.11%	48.20%	6.24%	0.00%
DL4	2.10%	8.32%	27.92%	34.93%	26.73%	0.00%
DL5	-nan%	-nan%	-nan%	-nan%	-nan%	-nan%


Tabela Comparativa das Profundidades - Valores Absolutos (FRAME 49)
	AV1
HEVC	DL0	DL1	DL2	DL3	DL4	DL5
DL1	1536	29248	2496	240	16	0
DL2	1040	5468	25012	3376	304	0
DL3	848	2720	10532	17928	2756	0
DL4	416	1680	4524	7284	5456	0
DL5	0	0	0	0	0	0
Tabela Comparativa das Profundidades - Porcentagens (FRAME 49)
	AV1
HEVC	DL0	DL1	DL2	DL3	DL4	DL5
DL1	4.58%	87.21%	7.44%	0.72%	0.05%	0.00%
DL2	2.95%	15.53%	71.06%	9.59%	0.86%	0.00%
DL3	2.44%	7.82%	30.28%	51.54%	7.92%	0.00%
DL4	2.15%	8.68%	23.37%	37.62%	28.18%	0.00%
DL5	-nan%	-nan%	-nan%	-nan%	-nan%	-nan%


Tabela Comparativa das Profundidades - Valores Absolutos (FRAME 50)
	AV1
HEVC	DL0	DL1	DL2	DL3	DL4	DL5
DL1	8052	27916	2944	240	16	0
DL2	1840	5320	28528	3960	352	0
DL3	1136	2388	9488	14680	1524	0
DL4	612	1516	3940	5740	2688	0
DL5	0	0	0	0	0	0
Tabela Comparativa das Profundidades - Porcentagens (FRAME 50)
	AV1
HEVC	DL0	DL1	DL2	DL3	DL4	DL5
DL1	20.56%	71.27%	7.52%	0.61%	0.04%	0.00%
DL2	4.60%	13.30%	71.32%	9.90%	0.88%	0.00%
DL3	3.89%	8.17%	32.48%	50.25%	5.22%	0.00%
DL4	4.22%	10.46%	27.18%	39.60%	18.54%	0.00%
DL5	-nan%	-nan%	-nan%	-nan%	-nan%	-nan%


Tabela Comparativa das Profundidades - Valores Absolutos (FRAME 51)
	AV1
HEVC	DL0	DL1	DL2	DL3	DL4	DL5
DL1	7168	30872	3368	1312	32	0
DL2	0	5324	27080	4860	624	0
DL3	0	3572	10032	13636	1512	0
DL4	0	2004	4040	4540	2904	0
DL5	0	0	0	0	0	0
Tabela Comparativa das Profundidades - Porcentagens (FRAME 51)
	AV1
HEVC	DL0	DL1	DL2	DL3	DL4	DL5
DL1	16.77%	72.21%	7.88%	3.07%	0.07%	0.00%
DL2	0.00%	14.05%	71.47%	12.83%	1.65%	0.00%
DL3	0.00%	12.42%	34.89%	47.43%	5.26%	0.00%
DL4	0.00%	14.86%	29.95%	33.66%	21.53%	0.00%
DL5	-nan%	-nan%	-nan%	-nan%	-nan%	-nan%


Tabela Comparativa das Profundidades - Valores Absolutos (FRAME 52)
	AV1
HEVC	DL0	DL1	DL2	DL3	DL4	DL5
DL1	5120	36096	2112	416	32	0
DL2	0	5780	25982	5222	264	0
DL3	0	3712	9618	13818	1428	0
DL4	0	2240	3816	4448	2776	0
DL5	0	0	0	0	0	0
Tabela Comparativa das Profundidades - Porcentagens (FRAME 52)
	AV1
HEVC	DL0	DL1	DL2	DL3	DL4	DL5
DL1	11.70%	82.46%	4.82%	0.95%	0.07%	0.00%
DL2	0.00%	15.52%	69.75%	14.02%	0.71%	0.00%
DL3	0.00%	12.99%	33.66%	48.36%	5.00%	0.00%
DL4	0.00%	16.87%	28.73%	33.49%	20.90%	0.00%
DL5	-nan%	-nan%	-nan%	-nan%	-nan%	-nan%


Tabela Comparativa das Profundidades - Valores Absolutos (FRAME 53)
	AV1
HEVC	DL0	DL1	DL2	DL3	DL4	DL5
DL1	5552	25472	2640	320	64	0
DL2	1504	5776	22880	4660	444	0
DL3	944	2352	9438	19758	2564	0
DL4	464	1136	4768	7368	4776	0
DL5	0	0	0	0	0	0
Tabela Comparativa das Profundidades - Porcentagens (FRAME 53)
	AV1
HEVC	DL0	DL1	DL2	DL3	DL4	DL5
DL1	16.31%	74.81%	7.75%	0.94%	0.19%	0.00%
DL2	4.26%	16.38%	64.88%	13.21%	1.26%	0.00%
DL3	2.69%	6.71%	26.92%	56.36%	7.31%	0.00%
DL4	2.51%	6.14%	25.76%	39.80%	25.80%	0.00%
DL5	-nan%	-nan%	-nan%	-nan%	-nan%	-nan%


Tabela Comparativa das Profundidades - Valores Absolutos (FRAME 54)
	AV1
HEVC	DL0	DL1	DL2	DL3	DL4	DL5
DL1	4096	35656	4360	1120	80	0
DL2	0	5128	24536	4652	436	0
DL3	0	3660	10838	14486	1480	0
DL4	0	1434	3760	4286	2872	0
DL5	0	0	0	0	0	0
Tabela Comparativa das Profundidades - Porcentagens (FRAME 54)
	AV1
HEVC	DL0	DL1	DL2	DL3	DL4	DL5
DL1	9.04%	78.69%	9.62%	2.47%	0.18%	0.00%
DL2	0.00%	14.76%	70.60%	13.39%	1.25%	0.00%
DL3	0.00%	12.01%	35.58%	47.55%	4.86%	0.00%
DL4	0.00%	11.61%	30.44%	34.70%	23.25%	0.00%
DL5	-nan%	-nan%	-nan%	-nan%	-nan%	-nan%


Tabela Comparativa das Profundidades - Valores Absolutos (FRAME 55)
	AV1
HEVC	DL0	DL1	DL2	DL3	DL4	DL5
DL1	4096	39680	1856	448	0	0
DL2	0	3072	26496	5664	800	0
DL3	0	2000	8368	15552	1792	0
DL4	0	816	3152	5792	3296	0
DL5	0	0	0	0	0	0
Tabela Comparativa das Profundidades - Porcentagens (FRAME 55)
	AV1
HEVC	DL0	DL1	DL2	DL3	DL4	DL5
DL1	8.89%	86.11%	4.03%	0.97%	0.00%	0.00%
DL2	0.00%	8.53%	73.53%	15.72%	2.22%	0.00%
DL3	0.00%	7.22%	30.20%	56.12%	6.47%	0.00%
DL4	0.00%	6.25%	24.14%	44.36%	25.25%	0.00%
DL5	-nan%	-nan%	-nan%	-nan%	-nan%	-nan%


Tabela Comparativa das Profundidades - Valores Absolutos (FRAME 56)
	AV1
HEVC	DL0	DL1	DL2	DL3	DL4	DL5
DL1	4560	22960	1280	128	0	0
DL2	2176	6016	19176	2328	320	0
DL3	1248	3008	10772	15540	2792	0
DL4	576	2336	6552	12624	8488	0
DL5	0	0	0	0	0	0
Tabela Comparativa das Profundidades - Porcentagens (FRAME 56)
	AV1
HEVC	DL0	DL1	DL2	DL3	DL4	DL5
DL1	15.76%	79.37%	4.42%	0.44%	0.00%	0.00%
DL2	7.25%	20.04%	63.89%	7.76%	1.07%	0.00%
DL3	3.74%	9.02%	32.29%	46.58%	8.37%	0.00%
DL4	1.88%	7.64%	21.43%	41.29%	27.76%	0.00%
DL5	-nan%	-nan%	-nan%	-nan%	-nan%	-nan%


Tabela Comparativa das Profundidades - Valores Absolutos (FRAME 57)
	AV1
HEVC	DL0	DL1	DL2	DL3	DL4	DL5
DL1	3072	27392	404	588	32	0
DL2	0	4936	17976	2992	656	0
DL3	0	2496	11848	20916	4020	0
DL4	0	1592	5900	9832	8228	0
DL5	0	0	0	0	0	0
Tabela Comparativa das Profundidades - Porcentagens (FRAME 57)
	AV1
HEVC	DL0	DL1	DL2	DL3	DL4	DL5
DL1	9.76%	86.99%	1.28%	1.87%	0.10%	0.00%
DL2	0.00%	18.58%	67.68%	11.27%	2.47%	0.00%
DL3	0.00%	6.35%	30.16%	53.25%	10.23%	0.00%
DL4	0.00%	6.23%	23.09%	38.48%	32.20%	0.00%
DL5	-nan%	-nan%	-nan%	-nan%	-nan%	-nan%


Tabela Comparativa das Profundidades - Valores Absolutos (FRAME 58)
	AV1
HEVC	DL0	DL1	DL2	DL3	DL4	DL5
DL1	2492	31096	868	88	16	0
DL2	1776	3752	22956	4340	264	0
DL3	1164	1822	10558	19024	2392	0
DL4	572	1136	5048	8152	5364	0
DL5	0	0	0	0	0	0
Tabela Comparativa das Profundidades - Porcentagens (FRAME 58)
	AV1
HEVC	DL0	DL1	DL2	DL3	DL4	DL5
DL1	7.21%	89.98%	2.51%	0.25%	0.05%	0.00%
DL2	5.37%	11.34%	69.38%	13.12%	0.80%	0.00%
DL3	3.33%	5.21%	30.20%	54.42%	6.84%	0.00%
DL4	2.82%	5.60%	24.90%	40.21%	26.46%	0.00%
DL5	-nan%	-nan%	-nan%	-nan%	-nan%	-nan%


Tabela Comparativa das Profundidades - Valores Absolutos (FRAME 59)
	AV1
HEVC	DL0	DL1	DL2	DL3	DL4	DL5
DL1	1024	35656	3432	768	80	0
DL2	0	6376	25310	4626	424	0
DL3	0	3522	10516	13890	1752	0
DL4	0	1824	4376	5204	4100	0
DL5	0	0	0	0	0	0
Tabela Comparativa das Profundidades - Porcentagens (FRAME 59)
	AV1
HEVC	DL0	DL1	DL2	DL3	DL4	DL5
DL1	2.50%	87.05%	8.38%	1.88%	0.20%	0.00%
DL2	0.00%	17.36%	68.90%	12.59%	1.15%	0.00%
DL3	0.00%	11.87%	35.43%	46.80%	5.90%	0.00%
DL4	0.00%	11.76%	28.22%	33.57%	26.44%	0.00%
DL5	-nan%	-nan%	-nan%	-nan%	-nan%	-nan%


Tabela Comparativa das Profundidades - Valores Absolutos (FRAME 60)
	AV1
HEVC	DL0	DL1	DL2	DL3	DL4	DL5
DL1	3584	40064	1792	768	128	0
DL2	688	7216	22276	4164	280	0
DL3	352	3904	9256	13488	1560	0
DL4	224	2124	3932	4560	2520	0
DL5	0	0	0	0	0	0
Tabela Comparativa das Profundidades - Porcentagens (FRAME 60)
	AV1
HEVC	DL0	DL1	DL2	DL3	DL4	DL5
DL1	7.73%	86.46%	3.87%	1.66%	0.28%	0.00%
DL2	1.99%	20.84%	64.34%	12.03%	0.81%	0.00%
DL3	1.23%	13.67%	32.41%	47.23%	5.46%	0.00%
DL4	1.68%	15.90%	29.43%	34.13%	18.86%	0.00%
DL5	-nan%	-nan%	-nan%	-nan%	-nan%	-nan%


