Tabela Comparativa das Profundidades - Valores Absolutos (FRAME  1)
	AV1
HEVC	DL0	DL1	DL2	DL3	DL4	DL5
DL1	0	1024	512	432	80	0
DL2	0	320	9024	3680	2336	0
DL3	0	192	5568	16384	10336	0
DL4	0	256	5568	15936	51232	0
DL5	0	0	0	0	0	0
Tabela Comparativa das Profundidades - Porcentagens (FRAME  1)
	AV1
HEVC	DL0	DL1	DL2	DL3	DL4	DL5
DL1	0.00%	50.00%	25.00%	21.09%	3.91%	0.00%
DL2	0.00%	2.08%	58.75%	23.96%	15.21%	0.00%
DL3	0.00%	0.59%	17.14%	50.44%	31.82%	0.00%
DL4	0.00%	0.35%	7.63%	21.83%	70.19%	0.00%
DL5	-nan%	-nan%	-nan%	-nan%	-nan%	-nan%


Tabela Comparativa das Profundidades - Valores Absolutos (FRAME  2)
	AV1
HEVC	DL0	DL1	DL2	DL3	DL4	DL5
DL1	512	25088	1600	128	64	0
DL2	412	1872	15472	2084	192	0
DL3	1292	1160	12960	14028	3520	0
DL4	2164	1840	8670	16930	12892	0
DL5	0	0	0	0	0	0
Tabela Comparativa das Profundidades - Porcentagens (FRAME  2)
	AV1
HEVC	DL0	DL1	DL2	DL3	DL4	DL5
DL1	1.87%	91.59%	5.84%	0.47%	0.23%	0.00%
DL2	2.06%	9.35%	77.24%	10.40%	0.96%	0.00%
DL3	3.92%	3.52%	39.32%	42.56%	10.68%	0.00%
DL4	5.09%	4.33%	20.40%	39.84%	30.34%	0.00%
DL5	-nan%	-nan%	-nan%	-nan%	-nan%	-nan%


Tabela Comparativa das Profundidades - Valores Absolutos (FRAME  3)
	AV1
HEVC	DL0	DL1	DL2	DL3	DL4	DL5
DL1	0	32768	1984	304	16	0
DL2	0	3436	12512	2452	352	0
DL3	0	2572	13520	18456	3292	0
DL4	0	2248	8688	11800	8480	0
DL5	0	0	0	0	0	0
Tabela Comparativa das Profundidades - Porcentagens (FRAME  3)
	AV1
HEVC	DL0	DL1	DL2	DL3	DL4	DL5
DL1	0.00%	93.43%	5.66%	0.87%	0.05%	0.00%
DL2	0.00%	18.32%	66.72%	13.08%	1.88%	0.00%
DL3	0.00%	6.80%	35.73%	48.77%	8.70%	0.00%
DL4	0.00%	7.20%	27.83%	37.80%	27.17%	0.00%
DL5	-nan%	-nan%	-nan%	-nan%	-nan%	-nan%


Tabela Comparativa das Profundidades - Valores Absolutos (FRAME  4)
	AV1
HEVC	DL0	DL1	DL2	DL3	DL4	DL5
DL1	9216	21504	1152	112	16	0
DL2	0	2784	19424	3080	248	0
DL3	0	2072	13662	20886	2676	0
DL4	0	1420	6938	10594	7096	0
DL5	0	0	0	0	0	0
Tabela Comparativa das Profundidades - Porcentagens (FRAME  4)
	AV1
HEVC	DL0	DL1	DL2	DL3	DL4	DL5
DL1	28.80%	67.20%	3.60%	0.35%	0.05%	0.00%
DL2	0.00%	10.90%	76.07%	12.06%	0.97%	0.00%
DL3	0.00%	5.27%	34.77%	53.15%	6.81%	0.00%
DL4	0.00%	5.45%	26.64%	40.67%	27.24%	0.00%
DL5	-nan%	-nan%	-nan%	-nan%	-nan%	-nan%


Tabela Comparativa das Profundidades - Valores Absolutos (FRAME  5)
	AV1
HEVC	DL0	DL1	DL2	DL3	DL4	DL5
DL1	8960	26744	1344	72	0	0
DL2	192	5668	19976	2700	200	0
DL3	64	4116	12488	17108	2224	0
DL4	0	1956	5232	8896	4940	0
DL5	0	0	0	0	0	0
Tabela Comparativa das Profundidades - Porcentagens (FRAME  5)
	AV1
HEVC	DL0	DL1	DL2	DL3	DL4	DL5
DL1	24.14%	72.05%	3.62%	0.19%	0.00%	0.00%
DL2	0.67%	19.72%	69.52%	9.40%	0.70%	0.00%
DL3	0.18%	11.43%	34.69%	47.52%	6.18%	0.00%
DL4	0.00%	9.30%	24.89%	42.31%	23.50%	0.00%
DL5	-nan%	-nan%	-nan%	-nan%	-nan%	-nan%


Tabela Comparativa das Profundidades - Valores Absolutos (FRAME  6)
	AV1
HEVC	DL0	DL1	DL2	DL3	DL4	DL5
DL1	10240	26624	1344	192	0	0
DL2	0	8400	22112	3200	144	0
DL3	0	3916	12280	14466	1498	0
DL4	0	1996	5736	7004	3728	0
DL5	0	0	0	0	0	0
Tabela Comparativa das Profundidades - Porcentagens (FRAME  6)
	AV1
HEVC	DL0	DL1	DL2	DL3	DL4	DL5
DL1	26.67%	69.33%	3.50%	0.50%	0.00%	0.00%
DL2	0.00%	24.81%	65.31%	9.45%	0.43%	0.00%
DL3	0.00%	12.18%	38.18%	44.98%	4.66%	0.00%
DL4	0.00%	10.81%	31.07%	37.93%	20.19%	0.00%
DL5	-nan%	-nan%	-nan%	-nan%	-nan%	-nan%


Tabela Comparativa das Profundidades - Valores Absolutos (FRAME  7)
	AV1
HEVC	DL0	DL1	DL2	DL3	DL4	DL5
DL1	9984	32128	3008	448	0	0
DL2	256	5684	23736	2884	144	0
DL3	0	4868	11848	13764	992	0
DL4	0	1682	4398	4792	2264	0
DL5	0	0	0	0	0	0
Tabela Comparativa das Profundidades - Porcentagens (FRAME  7)
	AV1
HEVC	DL0	DL1	DL2	DL3	DL4	DL5
DL1	21.91%	70.51%	6.60%	0.98%	0.00%	0.00%
DL2	0.78%	17.38%	72.58%	8.82%	0.44%	0.00%
DL3	0.00%	15.47%	37.65%	43.73%	3.15%	0.00%
DL4	0.00%	12.80%	33.48%	36.48%	17.24%	0.00%
DL5	-nan%	-nan%	-nan%	-nan%	-nan%	-nan%


Tabela Comparativa das Profundidades - Valores Absolutos (FRAME  8)
	AV1
HEVC	DL0	DL1	DL2	DL3	DL4	DL5
DL1	7168	33472	1280	320	0	0
DL2	0	8008	25252	3648	212	0
DL3	0	3736	10466	14950	1216	0
DL4	0	1912	3640	5060	2540	0
DL5	0	0	0	0	0	0
Tabela Comparativa das Profundidades - Porcentagens (FRAME  8)
	AV1
HEVC	DL0	DL1	DL2	DL3	DL4	DL5
DL1	16.97%	79.24%	3.03%	0.76%	0.00%	0.00%
DL2	0.00%	21.57%	68.03%	9.83%	0.57%	0.00%
DL3	0.00%	12.30%	34.46%	49.23%	4.00%	0.00%
DL4	0.00%	14.54%	27.68%	38.47%	19.31%	0.00%
DL5	-nan%	-nan%	-nan%	-nan%	-nan%	-nan%


Tabela Comparativa das Profundidades - Valores Absolutos (FRAME  9)
	AV1
HEVC	DL0	DL1	DL2	DL3	DL4	DL5
DL1	4096	32672	800	64	0	0
DL2	0	6704	22328	2192	136	0
DL3	0	4168	12152	17072	1536	0
DL4	0	2128	5592	6856	4384	0
DL5	0	0	0	0	0	0
Tabela Comparativa das Profundidades - Porcentagens (FRAME  9)
	AV1
HEVC	DL0	DL1	DL2	DL3	DL4	DL5
DL1	10.88%	86.82%	2.13%	0.17%	0.00%	0.00%
DL2	0.00%	21.38%	71.20%	6.99%	0.43%	0.00%
DL3	0.00%	11.93%	34.79%	48.88%	4.40%	0.00%
DL4	0.00%	11.22%	29.49%	36.16%	23.12%	0.00%
DL5	-nan%	-nan%	-nan%	-nan%	-nan%	-nan%


Tabela Comparativa das Profundidades - Valores Absolutos (FRAME 10)
	AV1
HEVC	DL0	DL1	DL2	DL3	DL4	DL5
DL1	15104	29952	2048	240	16	0
DL2	192	5952	27648	3120	208	0
DL3	32	2112	9728	12592	1760	0
DL4	32	640	3648	4240	3616	0
DL5	0	0	0	0	0	0
Tabela Comparativa das Profundidades - Porcentagens (FRAME 10)
	AV1
HEVC	DL0	DL1	DL2	DL3	DL4	DL5
DL1	31.89%	63.24%	4.32%	0.51%	0.03%	0.00%
DL2	0.52%	16.03%	74.48%	8.41%	0.56%	0.00%
DL3	0.12%	8.05%	37.10%	48.02%	6.71%	0.00%
DL4	0.26%	5.26%	29.96%	34.82%	29.70%	0.00%
DL5	-nan%	-nan%	-nan%	-nan%	-nan%	-nan%


Tabela Comparativa das Profundidades - Valores Absolutos (FRAME 11)
	AV1
HEVC	DL0	DL1	DL2	DL3	DL4	DL5
DL1	13440	33002	1622	64	0	0
DL2	2720	5366	22098	2192	136	0
DL3	704	2848	9616	14156	1300	0
DL4	320	1672	3720	4816	3088	0
DL5	0	0	0	0	0	0
Tabela Comparativa das Profundidades - Porcentagens (FRAME 11)
	AV1
HEVC	DL0	DL1	DL2	DL3	DL4	DL5
DL1	27.93%	68.57%	3.37%	0.13%	0.00%	0.00%
DL2	8.37%	16.50%	67.97%	6.74%	0.42%	0.00%
DL3	2.46%	9.95%	33.59%	49.46%	4.54%	0.00%
DL4	2.35%	12.28%	27.32%	35.37%	22.68%	0.00%
DL5	-nan%	-nan%	-nan%	-nan%	-nan%	-nan%


Tabela Comparativa das Profundidades - Valores Absolutos (FRAME 12)
	AV1
HEVC	DL0	DL1	DL2	DL3	DL4	DL5
DL1	6912	31888	1128	8	0	0
DL2	192	5936	20252	2004	160	0
DL3	48	3306	12166	16208	1904	0
DL4	16	1784	4944	9008	5016	0
DL5	0	0	0	0	0	0
Tabela Comparativa das Profundidades - Porcentagens (FRAME 12)
	AV1
HEVC	DL0	DL1	DL2	DL3	DL4	DL5
DL1	17.31%	79.85%	2.82%	0.02%	0.00%	0.00%
DL2	0.67%	20.80%	70.95%	7.02%	0.56%	0.00%
DL3	0.14%	9.83%	36.17%	48.19%	5.66%	0.00%
DL4	0.08%	8.59%	23.81%	43.37%	24.15%	0.00%
DL5	-nan%	-nan%	-nan%	-nan%	-nan%	-nan%


Tabela Comparativa das Profundidades - Valores Absolutos (FRAME 13)
	AV1
HEVC	DL0	DL1	DL2	DL3	DL4	DL5
DL1	11264	21504	192	64	0	0
DL2	0	6512	23264	1920	112	0
DL3	0	3568	13392	18592	2432	0
DL4	0	1892	5712	7588	4872	0
DL5	0	0	0	0	0	0
Tabela Comparativa das Profundidades - Porcentagens (FRAME 13)
	AV1
HEVC	DL0	DL1	DL2	DL3	DL4	DL5
DL1	34.11%	65.12%	0.58%	0.19%	0.00%	0.00%
DL2	0.00%	20.47%	73.14%	6.04%	0.35%	0.00%
DL3	0.00%	9.39%	35.26%	48.95%	6.40%	0.00%
DL4	0.00%	9.43%	28.47%	37.82%	24.28%	0.00%
DL5	-nan%	-nan%	-nan%	-nan%	-nan%	-nan%


Tabela Comparativa das Profundidades - Valores Absolutos (FRAME 14)
	AV1
HEVC	DL0	DL1	DL2	DL3	DL4	DL5
DL1	11264	31636	1516	384	0	0
DL2	0	7936	18830	3298	272	0
DL3	0	3596	10346	14938	2176	0
DL4	0	2240	4548	6356	3544	0
DL5	0	0	0	0	0	0
Tabela Comparativa das Profundidades - Porcentagens (FRAME 14)
	AV1
HEVC	DL0	DL1	DL2	DL3	DL4	DL5
DL1	25.14%	70.62%	3.38%	0.86%	0.00%	0.00%
DL2	0.00%	26.16%	62.07%	10.87%	0.90%	0.00%
DL3	0.00%	11.58%	33.31%	48.10%	7.01%	0.00%
DL4	0.00%	13.42%	27.25%	38.09%	21.24%	0.00%
DL5	-nan%	-nan%	-nan%	-nan%	-nan%	-nan%


Tabela Comparativa das Profundidades - Valores Absolutos (FRAME 15)
	AV1
HEVC	DL0	DL1	DL2	DL3	DL4	DL5
DL1	12288	33184	2400	256	0	0
DL2	0	7356	23278	2938	220	0
DL3	0	4632	8886	12066	1488	0
DL4	0	2488	3732	5084	2584	0
DL5	0	0	0	0	0	0
Tabela Comparativa das Profundidades - Porcentagens (FRAME 15)
	AV1
HEVC	DL0	DL1	DL2	DL3	DL4	DL5
DL1	25.53%	68.95%	4.99%	0.53%	0.00%	0.00%
DL2	0.00%	21.77%	68.89%	8.69%	0.65%	0.00%
DL3	0.00%	17.11%	32.82%	44.57%	5.50%	0.00%
DL4	0.00%	17.91%	26.87%	36.61%	18.61%	0.00%
DL5	-nan%	-nan%	-nan%	-nan%	-nan%	-nan%


Tabela Comparativa das Profundidades - Valores Absolutos (FRAME 16)
	AV1
HEVC	DL0	DL1	DL2	DL3	DL4	DL5
DL1	6144	39272	3276	860	112	0
DL2	0	7616	23096	2904	48	0
DL3	0	4344	9948	12028	1280	0
DL4	0	2304	3536	3784	2328	0
DL5	0	0	0	0	0	0
Tabela Comparativa das Profundidades - Porcentagens (FRAME 16)
	AV1
HEVC	DL0	DL1	DL2	DL3	DL4	DL5
DL1	12.37%	79.08%	6.60%	1.73%	0.23%	0.00%
DL2	0.00%	22.62%	68.61%	8.63%	0.14%	0.00%
DL3	0.00%	15.74%	36.04%	43.58%	4.64%	0.00%
DL4	0.00%	19.28%	29.59%	31.66%	19.48%	0.00%
DL5	-nan%	-nan%	-nan%	-nan%	-nan%	-nan%


Tabela Comparativa das Profundidades - Valores Absolutos (FRAME 17)
	AV1
HEVC	DL0	DL1	DL2	DL3	DL4	DL5
DL1	2048	32644	1336	68	0	0
DL2	0	6318	22102	3260	64	0
DL3	0	4334	11748	18526	1600	0
DL4	0	2216	4912	7896	3808	0
DL5	0	0	0	0	0	0
Tabela Comparativa das Profundidades - Porcentagens (FRAME 17)
	AV1
HEVC	DL0	DL1	DL2	DL3	DL4	DL5
DL1	5.67%	90.44%	3.70%	0.19%	0.00%	0.00%
DL2	0.00%	19.90%	69.63%	10.27%	0.20%	0.00%
DL3	0.00%	11.97%	32.45%	51.17%	4.42%	0.00%
DL4	0.00%	11.77%	26.08%	41.93%	20.22%	0.00%
DL5	-nan%	-nan%	-nan%	-nan%	-nan%	-nan%


Tabela Comparativa das Profundidades - Valores Absolutos (FRAME 18)
	AV1
HEVC	DL0	DL1	DL2	DL3	DL4	DL5
DL1	8192	32848	2912	320	16	0
DL2	0	6560	27696	3208	104	0
DL3	0	4110	10240	12498	1392	0
DL4	0	2014	3696	4414	2660	0
DL5	0	0	0	0	0	0
Tabela Comparativa das Profundidades - Porcentagens (FRAME 18)
	AV1
HEVC	DL0	DL1	DL2	DL3	DL4	DL5
DL1	18.50%	74.17%	6.58%	0.72%	0.04%	0.00%
DL2	0.00%	17.46%	73.72%	8.54%	0.28%	0.00%
DL3	0.00%	14.55%	36.26%	44.26%	4.93%	0.00%
DL4	0.00%	15.75%	28.91%	34.53%	20.81%	0.00%
DL5	-nan%	-nan%	-nan%	-nan%	-nan%	-nan%


Tabela Comparativa das Profundidades - Valores Absolutos (FRAME 19)
	AV1
HEVC	DL0	DL1	DL2	DL3	DL4	DL5
DL1	9216	35584	2816	224	32	0
DL2	0	3520	27456	4112	304	0
DL3	0	2080	9168	13600	1616	0
DL4	0	1056	3248	5568	3280	0
DL5	0	0	0	0	0	0
Tabela Comparativa das Profundidades - Porcentagens (FRAME 19)
	AV1
HEVC	DL0	DL1	DL2	DL3	DL4	DL5
DL1	19.25%	74.33%	5.88%	0.47%	0.07%	0.00%
DL2	0.00%	9.95%	77.58%	11.62%	0.86%	0.00%
DL3	0.00%	7.86%	34.64%	51.39%	6.11%	0.00%
DL4	0.00%	8.03%	24.70%	42.34%	24.94%	0.00%
DL5	-nan%	-nan%	-nan%	-nan%	-nan%	-nan%


Tabela Comparativa das Profundidades - Valores Absolutos (FRAME 20)
	AV1
HEVC	DL0	DL1	DL2	DL3	DL4	DL5
DL1	256	3840	192	64	0	0
DL2	2048	7208	7896	1344	640	0
DL3	3200	7896	11222	8086	2140	0
DL4	7808	10526	16762	18844	12908	0
DL5	0	0	0	0	0	0
Tabela Comparativa das Profundidades - Porcentagens (FRAME 20)
	AV1
HEVC	DL0	DL1	DL2	DL3	DL4	DL5
DL1	5.88%	88.24%	4.41%	1.47%	0.00%	0.00%
DL2	10.70%	37.67%	41.26%	7.02%	3.34%	0.00%
DL3	9.83%	24.26%	34.48%	24.85%	6.58%	0.00%
DL4	11.68%	15.75%	25.07%	28.19%	19.31%	0.00%
DL5	-nan%	-nan%	-nan%	-nan%	-nan%	-nan%


Tabela Comparativa das Profundidades - Valores Absolutos (FRAME 21)
	AV1
HEVC	DL0	DL1	DL2	DL3	DL4	DL5
DL1	10752	15104	320	144	48	0
DL2	1216	5816	13188	1284	256	0
DL3	1536	3080	15786	16230	2696	0
DL4	1576	2016	11588	13072	7172	0
DL5	0	0	0	0	0	0
Tabela Comparativa das Profundidades - Porcentagens (FRAME 21)
	AV1
HEVC	DL0	DL1	DL2	DL3	DL4	DL5
DL1	40.78%	57.28%	1.21%	0.55%	0.18%	0.00%
DL2	5.59%	26.73%	60.61%	5.90%	1.18%	0.00%
DL3	3.91%	7.83%	40.14%	41.27%	6.86%	0.00%
DL4	4.45%	5.69%	32.71%	36.90%	20.25%	0.00%
DL5	-nan%	-nan%	-nan%	-nan%	-nan%	-nan%


Tabela Comparativa das Profundidades - Valores Absolutos (FRAME 22)
	AV1
HEVC	DL0	DL1	DL2	DL3	DL4	DL5
DL1	12032	15104	1536	96	160	0
DL2	256	4768	19104	2416	208	0
DL3	0	2576	16960	19152	2816	0
DL4	0	1952	7620	9808	6316	0
DL5	0	0	0	0	0	0
Tabela Comparativa das Profundidades - Porcentagens (FRAME 22)
	AV1
HEVC	DL0	DL1	DL2	DL3	DL4	DL5
DL1	41.59%	52.21%	5.31%	0.33%	0.55%	0.00%
DL2	0.96%	17.82%	71.41%	9.03%	0.78%	0.00%
DL3	0.00%	6.21%	40.86%	46.14%	6.78%	0.00%
DL4	0.00%	7.60%	29.65%	38.17%	24.58%	0.00%
DL5	-nan%	-nan%	-nan%	-nan%	-nan%	-nan%


Tabela Comparativa das Profundidades - Valores Absolutos (FRAME 23)
	AV1
HEVC	DL0	DL1	DL2	DL3	DL4	DL5
DL1	13056	18176	1408	384	0	0
DL2	192	6256	22960	3576	168	0
DL3	64	2434	13322	17596	1576	0
DL4	0	1436	6164	9336	4776	0
DL5	0	0	0	0	0	0
Tabela Comparativa das Profundidades - Porcentagens (FRAME 23)
	AV1
HEVC	DL0	DL1	DL2	DL3	DL4	DL5
DL1	39.53%	55.04%	4.26%	1.16%	0.00%	0.00%
DL2	0.58%	18.87%	69.26%	10.79%	0.51%	0.00%
DL3	0.18%	6.96%	38.07%	50.29%	4.50%	0.00%
DL4	0.00%	6.61%	28.39%	43.00%	22.00%	0.00%
DL5	-nan%	-nan%	-nan%	-nan%	-nan%	-nan%


Tabela Comparativa das Profundidades - Valores Absolutos (FRAME 24)
	AV1
HEVC	DL0	DL1	DL2	DL3	DL4	DL5
DL1	12032	20668	2112	724	48	0
DL2	192	4060	27776	4076	184	0
DL3	64	2124	15344	15820	1128	0
DL4	0	1320	6308	6592	2308	0
DL5	0	0	0	0	0	0
Tabela Comparativa das Profundidades - Porcentagens (FRAME 24)
	AV1
HEVC	DL0	DL1	DL2	DL3	DL4	DL5
DL1	33.81%	58.08%	5.94%	2.03%	0.13%	0.00%
DL2	0.53%	11.19%	76.54%	11.23%	0.51%	0.00%
DL3	0.19%	6.16%	44.50%	45.88%	3.27%	0.00%
DL4	0.00%	7.99%	38.17%	39.88%	13.96%	0.00%
DL5	-nan%	-nan%	-nan%	-nan%	-nan%	-nan%


Tabela Comparativa das Profundidades - Valores Absolutos (FRAME 25)
	AV1
HEVC	DL0	DL1	DL2	DL3	DL4	DL5
DL1	10240	28504	3624	640	0	0
DL2	0	8204	27420	3488	56	0
DL3	0	3496	11584	12112	1000	0
DL4	0	1760	4808	3952	1992	0
DL5	0	0	0	0	0	0
Tabela Comparativa das Profundidades - Porcentagens (FRAME 25)
	AV1
HEVC	DL0	DL1	DL2	DL3	DL4	DL5
DL1	23.81%	66.28%	8.43%	1.49%	0.00%	0.00%
DL2	0.00%	20.95%	70.01%	8.91%	0.14%	0.00%
DL3	0.00%	12.40%	41.09%	42.96%	3.55%	0.00%
DL4	0.00%	14.07%	38.43%	31.59%	15.92%	0.00%
DL5	-nan%	-nan%	-nan%	-nan%	-nan%	-nan%


Tabela Comparativa das Profundidades - Valores Absolutos (FRAME 26)
	AV1
HEVC	DL0	DL1	DL2	DL3	DL4	DL5
DL1	6144	28000	4944	592	0	0
DL2	0	6900	29136	3708	256	0
DL3	0	3044	12368	12912	860	0
DL4	0	1648	4832	4760	2776	0
DL5	0	0	0	0	0	0
Tabela Comparativa das Profundidades - Porcentagens (FRAME 26)
	AV1
HEVC	DL0	DL1	DL2	DL3	DL4	DL5
DL1	15.48%	70.56%	12.46%	1.49%	0.00%	0.00%
DL2	0.00%	17.25%	72.84%	9.27%	0.64%	0.00%
DL3	0.00%	10.43%	42.38%	44.24%	2.95%	0.00%
DL4	0.00%	11.76%	34.47%	33.96%	19.81%	0.00%
DL5	-nan%	-nan%	-nan%	-nan%	-nan%	-nan%


Tabela Comparativa das Profundidades - Valores Absolutos (FRAME 27)
	AV1
HEVC	DL0	DL1	DL2	DL3	DL4	DL5
DL1	8192	19904	2096	736	304	0
DL2	0	5056	27256	3644	588	0
DL3	0	2320	13562	18350	1608	0
DL4	0	1552	5600	7592	4520	0
DL5	0	0	0	0	0	0
Tabela Comparativa das Profundidades - Porcentagens (FRAME 27)
	AV1
HEVC	DL0	DL1	DL2	DL3	DL4	DL5
DL1	26.23%	63.73%	6.71%	2.36%	0.97%	0.00%
DL2	0.00%	13.84%	74.58%	9.97%	1.61%	0.00%
DL3	0.00%	6.47%	37.84%	51.20%	4.49%	0.00%
DL4	0.00%	8.06%	29.07%	39.41%	23.46%	0.00%
DL5	-nan%	-nan%	-nan%	-nan%	-nan%	-nan%


Tabela Comparativa das Profundidades - Valores Absolutos (FRAME 28)
	AV1
HEVC	DL0	DL1	DL2	DL3	DL4	DL5
DL1	9216	32512	4096	512	0	0
DL2	0	3968	28864	4656	336	0
DL3	0	2112	10400	13088	1312	0
DL4	0	576	4128	4544	2560	0
DL5	0	0	0	0	0	0
Tabela Comparativa das Profundidades - Porcentagens (FRAME 28)
	AV1
HEVC	DL0	DL1	DL2	DL3	DL4	DL5
DL1	19.89%	70.17%	8.84%	1.10%	0.00%	0.00%
DL2	0.00%	10.49%	76.31%	12.31%	0.89%	0.00%
DL3	0.00%	7.85%	38.64%	48.63%	4.88%	0.00%
DL4	0.00%	4.88%	34.96%	38.48%	21.68%	0.00%
DL5	-nan%	-nan%	-nan%	-nan%	-nan%	-nan%


Tabela Comparativa das Profundidades - Valores Absolutos (FRAME 29)
	AV1
HEVC	DL0	DL1	DL2	DL3	DL4	DL5
DL1	12800	32640	2112	288	32	0
DL2	1960	5108	23668	2816	240	0
DL3	928	2336	10388	12540	1152	0
DL4	472	1092	4976	4476	2856	0
DL5	0	0	0	0	0	0
Tabela Comparativa das Profundidades - Porcentagens (FRAME 29)
	AV1
HEVC	DL0	DL1	DL2	DL3	DL4	DL5
DL1	26.74%	68.18%	4.41%	0.60%	0.07%	0.00%
DL2	5.80%	15.12%	70.04%	8.33%	0.71%	0.00%
DL3	3.39%	8.54%	37.99%	45.86%	4.21%	0.00%
DL4	3.40%	7.87%	35.87%	32.27%	20.59%	0.00%
DL5	-nan%	-nan%	-nan%	-nan%	-nan%	-nan%


Tabela Comparativa das Profundidades - Valores Absolutos (FRAME 30)
	AV1
HEVC	DL0	DL1	DL2	DL3	DL4	DL5
DL1	6144	27424	1256	472	288	0
DL2	0	7188	24404	2720	504	0
DL3	0	3416	11476	15840	1732	0
DL4	0	1900	5612	8108	4396	0
DL5	0	0	0	0	0	0
Tabela Comparativa das Profundidades - Porcentagens (FRAME 30)
	AV1
HEVC	DL0	DL1	DL2	DL3	DL4	DL5
DL1	17.27%	77.07%	3.53%	1.33%	0.81%	0.00%
DL2	0.00%	20.65%	70.09%	7.81%	1.45%	0.00%
DL3	0.00%	10.52%	35.35%	48.79%	5.34%	0.00%
DL4	0.00%	9.49%	28.04%	40.51%	21.96%	0.00%
DL5	-nan%	-nan%	-nan%	-nan%	-nan%	-nan%


Tabela Comparativa das Profundidades - Valores Absolutos (FRAME 31)
	AV1
HEVC	DL0	DL1	DL2	DL3	DL4	DL5
DL1	12288	18688	1280	512	0	0
DL2	0	3616	24448	3680	192	0
DL3	0	2400	12796	18892	1512	0
DL4	0	1792	6460	9672	4652	0
DL5	0	0	0	0	0	0
Tabela Comparativa das Profundidades - Porcentagens (FRAME 31)
	AV1
HEVC	DL0	DL1	DL2	DL3	DL4	DL5
DL1	37.50%	57.03%	3.91%	1.56%	0.00%	0.00%
DL2	0.00%	11.32%	76.55%	11.52%	0.60%	0.00%
DL3	0.00%	6.74%	35.94%	53.07%	4.25%	0.00%
DL4	0.00%	7.94%	28.61%	42.84%	20.61%	0.00%
DL5	-nan%	-nan%	-nan%	-nan%	-nan%	-nan%


Tabela Comparativa das Profundidades - Valores Absolutos (FRAME 32)
	AV1
HEVC	DL0	DL1	DL2	DL3	DL4	DL5
DL1	7168	28928	1452	500	96	0
DL2	0	4564	28908	4208	336	0
DL3	0	2592	11604	15096	1220	0
DL4	0	1232	5224	6590	3162	0
DL5	0	0	0	0	0	0
Tabela Comparativa das Profundidades - Porcentagens (FRAME 32)
	AV1
HEVC	DL0	DL1	DL2	DL3	DL4	DL5
DL1	18.79%	75.84%	3.81%	1.31%	0.25%	0.00%
DL2	0.00%	12.01%	76.04%	11.07%	0.88%	0.00%
DL3	0.00%	8.50%	38.03%	49.48%	4.00%	0.00%
DL4	0.00%	7.60%	32.23%	40.66%	19.51%	0.00%
DL5	-nan%	-nan%	-nan%	-nan%	-nan%	-nan%


Tabela Comparativa das Profundidades - Valores Absolutos (FRAME 33)
	AV1
HEVC	DL0	DL1	DL2	DL3	DL4	DL5
DL1	9216	35196	1728	356	96	0
DL2	0	4376	27932	4072	228	0
DL3	0	2764	10360	12664	1348	0
DL4	0	1244	4596	4184	2520	0
DL5	0	0	0	0	0	0
Tabela Comparativa das Profundidades - Porcentagens (FRAME 33)
	AV1
HEVC	DL0	DL1	DL2	DL3	DL4	DL5
DL1	19.78%	75.54%	3.71%	0.76%	0.21%	0.00%
DL2	0.00%	11.95%	76.30%	11.12%	0.62%	0.00%
DL3	0.00%	10.19%	38.18%	46.67%	4.97%	0.00%
DL4	0.00%	9.92%	36.64%	33.35%	20.09%	0.00%
DL5	-nan%	-nan%	-nan%	-nan%	-nan%	-nan%


Tabela Comparativa das Profundidades - Valores Absolutos (FRAME 34)
	AV1
HEVC	DL0	DL1	DL2	DL3	DL4	DL5
DL1	7936	34752	2944	704	0	0
DL2	256	5712	27028	3908	88	0
DL3	0	3016	9936	12424	784	0
DL4	0	1816	4304	4720	2552	0
DL5	0	0	0	0	0	0
Tabela Comparativa das Profundidades - Porcentagens (FRAME 34)
	AV1
HEVC	DL0	DL1	DL2	DL3	DL4	DL5
DL1	17.13%	75.00%	6.35%	1.52%	0.00%	0.00%
DL2	0.69%	15.44%	73.06%	10.56%	0.24%	0.00%
DL3	0.00%	11.53%	37.98%	47.49%	3.00%	0.00%
DL4	0.00%	13.56%	32.14%	35.24%	19.06%	0.00%
DL5	-nan%	-nan%	-nan%	-nan%	-nan%	-nan%


Tabela Comparativa das Profundidades - Valores Absolutos (FRAME 35)
	AV1
HEVC	DL0	DL1	DL2	DL3	DL4	DL5
DL1	5120	21376	1536	112	16	0
DL2	0	7728	27628	3340	216	0
DL3	0	3344	13808	17852	1492	0
DL4	0	1286	6630	7324	4072	0
DL5	0	0	0	0	0	0
Tabela Comparativa das Profundidades - Porcentagens (FRAME 35)
	AV1
HEVC	DL0	DL1	DL2	DL3	DL4	DL5
DL1	18.18%	75.91%	5.45%	0.40%	0.06%	0.00%
DL2	0.00%	19.86%	71.00%	8.58%	0.56%	0.00%
DL3	0.00%	9.16%	37.83%	48.91%	4.09%	0.00%
DL4	0.00%	6.66%	34.33%	37.92%	21.09%	0.00%
DL5	-nan%	-nan%	-nan%	-nan%	-nan%	-nan%


Tabela Comparativa das Profundidades - Valores Absolutos (FRAME 36)
	AV1
HEVC	DL0	DL1	DL2	DL3	DL4	DL5
DL1	6144	30336	3584	384	0	0
DL2	0	6864	30752	4176	128	0
DL3	0	2792	9760	13308	1212	0
DL4	0	1624	4512	4216	3088	0
DL5	0	0	0	0	0	0
Tabela Comparativa das Profundidades - Porcentagens (FRAME 36)
	AV1
HEVC	DL0	DL1	DL2	DL3	DL4	DL5
DL1	15.19%	75.00%	8.86%	0.95%	0.00%	0.00%
DL2	0.00%	16.37%	73.36%	9.96%	0.31%	0.00%
DL3	0.00%	10.31%	36.05%	49.16%	4.48%	0.00%
DL4	0.00%	12.08%	33.57%	31.37%	22.98%	0.00%
DL5	-nan%	-nan%	-nan%	-nan%	-nan%	-nan%


Tabela Comparativa das Profundidades - Valores Absolutos (FRAME 37)
	AV1
HEVC	DL0	DL1	DL2	DL3	DL4	DL5
DL1	3072	40704	3136	192	0	0
DL2	0	5056	27456	3440	208	0
DL3	0	3136	10144	13168	784	0
DL4	0	1024	3680	4944	2736	0
DL5	0	0	0	0	0	0
Tabela Comparativa das Profundidades - Porcentagens (FRAME 37)
	AV1
HEVC	DL0	DL1	DL2	DL3	DL4	DL5
DL1	6.52%	86.41%	6.66%	0.41%	0.00%	0.00%
DL2	0.00%	13.98%	75.93%	9.51%	0.58%	0.00%
DL3	0.00%	11.52%	37.25%	48.35%	2.88%	0.00%
DL4	0.00%	8.27%	29.72%	39.92%	22.09%	0.00%
DL5	-nan%	-nan%	-nan%	-nan%	-nan%	-nan%


Tabela Comparativa das Profundidades - Valores Absolutos (FRAME 38)
	AV1
HEVC	DL0	DL1	DL2	DL3	DL4	DL5
DL1	0	25392	1368	344	32	0
DL2	0	6736	19420	2028	296	0
DL3	0	2840	13896	11440	2112	0
DL4	0	3512	10544	14296	8624	0
DL5	0	0	0	0	0	0
Tabela Comparativa das Profundidades - Porcentagens (FRAME 38)
	AV1
HEVC	DL0	DL1	DL2	DL3	DL4	DL5
DL1	0.00%	93.57%	5.04%	1.27%	0.12%	0.00%
DL2	0.00%	23.65%	68.19%	7.12%	1.04%	0.00%
DL3	0.00%	9.38%	45.88%	37.77%	6.97%	0.00%
DL4	0.00%	9.50%	28.52%	38.66%	23.32%	0.00%
DL5	-nan%	-nan%	-nan%	-nan%	-nan%	-nan%


Tabela Comparativa das Profundidades - Valores Absolutos (FRAME 39)
	AV1
HEVC	DL0	DL1	DL2	DL3	DL4	DL5
DL1	4096	26880	512	0	0	0
DL2	0	3904	15376	3096	472	0
DL3	0	2244	16784	17704	1844	0
DL4	0	1688	9502	12874	5904	0
DL5	0	0	0	0	0	0
Tabela Comparativa das Profundidades - Porcentagens (FRAME 39)
	AV1
HEVC	DL0	DL1	DL2	DL3	DL4	DL5
DL1	13.01%	85.37%	1.63%	0.00%	0.00%	0.00%
DL2	0.00%	17.09%	67.30%	13.55%	2.07%	0.00%
DL3	0.00%	5.82%	43.51%	45.89%	4.78%	0.00%
DL4	0.00%	5.63%	31.71%	42.96%	19.70%	0.00%
DL5	-nan%	-nan%	-nan%	-nan%	-nan%	-nan%


Tabela Comparativa das Profundidades - Valores Absolutos (FRAME 40)
	AV1
HEVC	DL0	DL1	DL2	DL3	DL4	DL5
DL1	10240	19200	1920	128	0	0
DL2	0	2752	20904	3272	208	0
DL3	0	2032	15900	19740	2040	0
DL4	0	1308	7084	10200	5952	0
DL5	0	0	0	0	0	0
Tabela Comparativa das Profundidades - Porcentagens (FRAME 40)
	AV1
HEVC	DL0	DL1	DL2	DL3	DL4	DL5
DL1	32.52%	60.98%	6.10%	0.41%	0.00%	0.00%
DL2	0.00%	10.14%	77.03%	12.06%	0.77%	0.00%
DL3	0.00%	5.12%	40.04%	49.71%	5.14%	0.00%
DL4	0.00%	5.33%	28.86%	41.56%	24.25%	0.00%
DL5	-nan%	-nan%	-nan%	-nan%	-nan%	-nan%


Tabela Comparativa das Profundidades - Valores Absolutos (FRAME 41)
	AV1
HEVC	DL0	DL1	DL2	DL3	DL4	DL5
DL1	12288	21248	1536	448	64	0
DL2	0	3376	23716	3380	312	0
DL3	0	2592	13252	18148	1528	0
DL4	0	1296	5728	9104	4864	0
DL5	0	0	0	0	0	0
Tabela Comparativa das Profundidades - Porcentagens (FRAME 41)
	AV1
HEVC	DL0	DL1	DL2	DL3	DL4	DL5
DL1	34.53%	59.71%	4.32%	1.26%	0.18%	0.00%
DL2	0.00%	10.97%	77.04%	10.98%	1.01%	0.00%
DL3	0.00%	7.30%	37.31%	51.09%	4.30%	0.00%
DL4	0.00%	6.17%	27.29%	43.37%	23.17%	0.00%
DL5	-nan%	-nan%	-nan%	-nan%	-nan%	-nan%


Tabela Comparativa das Profundidades - Valores Absolutos (FRAME 42)
	AV1
HEVC	DL0	DL1	DL2	DL3	DL4	DL5
DL1	9216	25088	2036	252	16	0
DL2	0	3904	28816	2912	208	0
DL3	0	2656	14388	15236	1448	0
DL4	0	1632	5648	6604	2820	0
DL5	0	0	0	0	0	0
Tabela Comparativa das Profundidades - Porcentagens (FRAME 42)
	AV1
HEVC	DL0	DL1	DL2	DL3	DL4	DL5
DL1	25.17%	68.53%	5.56%	0.69%	0.04%	0.00%
DL2	0.00%	10.89%	80.40%	8.12%	0.58%	0.00%
DL3	0.00%	7.87%	42.66%	45.17%	4.29%	0.00%
DL4	0.00%	9.77%	33.81%	39.54%	16.88%	0.00%
DL5	-nan%	-nan%	-nan%	-nan%	-nan%	-nan%


Tabela Comparativa das Profundidades - Valores Absolutos (FRAME 43)
	AV1
HEVC	DL0	DL1	DL2	DL3	DL4	DL5
DL1	8960	29676	3852	606	170	0
DL2	192	6888	26376	3664	256	0
DL3	64	4592	11644	11524	1040	0
DL4	0	2076	4904	4596	1800	0
DL5	0	0	0	0	0	0
Tabela Comparativa das Profundidades - Porcentagens (FRAME 43)
	AV1
HEVC	DL0	DL1	DL2	DL3	DL4	DL5
DL1	20.71%	68.59%	8.90%	1.40%	0.39%	0.00%
DL2	0.51%	18.43%	70.57%	9.80%	0.68%	0.00%
DL3	0.22%	15.91%	40.34%	39.93%	3.60%	0.00%
DL4	0.00%	15.52%	36.66%	34.36%	13.46%	0.00%
DL5	-nan%	-nan%	-nan%	-nan%	-nan%	-nan%


Tabela Comparativa das Profundidades - Valores Absolutos (FRAME 44)
	AV1
HEVC	DL0	DL1	DL2	DL3	DL4	DL5
DL1	7136	30464	1312	256	0	0
DL2	1632	5332	27656	4348	200	0
DL3	960	3344	10348	14476	1016	0
DL4	496	1424	4100	6132	2248	0
DL5	0	0	0	0	0	0
Tabela Comparativa das Profundidades - Porcentagens (FRAME 44)
	AV1
HEVC	DL0	DL1	DL2	DL3	DL4	DL5
DL1	18.22%	77.78%	3.35%	0.65%	0.00%	0.00%
DL2	4.17%	13.61%	70.61%	11.10%	0.51%	0.00%
DL3	3.18%	11.09%	34.33%	48.02%	3.37%	0.00%
DL4	3.44%	9.89%	28.47%	42.58%	15.61%	0.00%
DL5	-nan%	-nan%	-nan%	-nan%	-nan%	-nan%


Tabela Comparativa das Profundidades - Valores Absolutos (FRAME 45)
	AV1
HEVC	DL0	DL1	DL2	DL3	DL4	DL5
DL1	9164	25628	728	64	0	0
DL2	1088	5472	21616	3264	112	0
DL3	1440	3024	12512	18788	1676	0
DL4	640	1620	4848	7220	3976	0
DL5	0	0	0	0	0	0
Tabela Comparativa das Profundidades - Porcentagens (FRAME 45)
	AV1
HEVC	DL0	DL1	DL2	DL3	DL4	DL5
DL1	25.75%	72.02%	2.05%	0.18%	0.00%	0.00%
DL2	3.45%	17.34%	68.51%	10.34%	0.35%	0.00%
DL3	3.85%	8.08%	33.42%	50.18%	4.48%	0.00%
DL4	3.50%	8.85%	26.49%	39.44%	21.72%	0.00%
DL5	-nan%	-nan%	-nan%	-nan%	-nan%	-nan%


Tabela Comparativa das Profundidades - Valores Absolutos (FRAME 46)
	AV1
HEVC	DL0	DL1	DL2	DL3	DL4	DL5
DL1	10240	35840	2688	384	0	0
DL2	0	4736	25344	4112	176	0
DL3	0	2688	9744	14560	960	0
DL4	0	1024	2928	5072	2384	0
DL5	0	0	0	0	0	0
Tabela Comparativa das Profundidades - Porcentagens (FRAME 46)
	AV1
HEVC	DL0	DL1	DL2	DL3	DL4	DL5
DL1	20.83%	72.92%	5.47%	0.78%	0.00%	0.00%
DL2	0.00%	13.78%	73.74%	11.96%	0.51%	0.00%
DL3	0.00%	9.62%	34.86%	52.09%	3.43%	0.00%
DL4	0.00%	8.98%	25.67%	44.46%	20.90%	0.00%
DL5	-nan%	-nan%	-nan%	-nan%	-nan%	-nan%


Tabela Comparativa das Profundidades - Valores Absolutos (FRAME 47)
	AV1
HEVC	DL0	DL1	DL2	DL3	DL4	DL5
DL1	12288	30464	1648	912	0	0
DL2	0	4960	25952	5028	284	0
DL3	0	2224	10656	13816	1048	0
DL4	0	1392	4544	4848	2816	0
DL5	0	0	0	0	0	0
Tabela Comparativa das Profundidades - Porcentagens (FRAME 47)
	AV1
HEVC	DL0	DL1	DL2	DL3	DL4	DL5
DL1	27.12%	67.23%	3.64%	2.01%	0.00%	0.00%
DL2	0.00%	13.69%	71.64%	13.88%	0.78%	0.00%
DL3	0.00%	8.02%	38.41%	49.80%	3.78%	0.00%
DL4	0.00%	10.24%	33.41%	35.65%	20.71%	0.00%
DL5	-nan%	-nan%	-nan%	-nan%	-nan%	-nan%


Tabela Comparativa das Profundidades - Valores Absolutos (FRAME 48)
	AV1
HEVC	DL0	DL1	DL2	DL3	DL4	DL5
DL1	4864	30928	2800	560	16	0
DL2	192	5120	24152	2680	112	0
DL3	48	3184	12400	14608	1600	0
DL4	16	1888	6072	7096	4544	0
DL5	0	0	0	0	0	0
Tabela Comparativa das Profundidades - Porcentagens (FRAME 48)
	AV1
HEVC	DL0	DL1	DL2	DL3	DL4	DL5
DL1	12.42%	78.96%	7.15%	1.43%	0.04%	0.00%
DL2	0.60%	15.87%	74.88%	8.31%	0.35%	0.00%
DL3	0.15%	10.00%	38.94%	45.88%	5.03%	0.00%
DL4	0.08%	9.62%	30.95%	36.17%	23.16%	0.00%
DL5	-nan%	-nan%	-nan%	-nan%	-nan%	-nan%


Tabela Comparativa das Profundidades - Valores Absolutos (FRAME 49)
	AV1
HEVC	DL0	DL1	DL2	DL3	DL4	DL5
DL1	8192	23376	1904	48	16	0
DL2	448	5064	26916	2616	156	0
DL3	336	3152	13136	16152	2008	0
DL4	240	1670	5422	7624	4404	0
DL5	0	0	0	0	0	0
Tabela Comparativa das Profundidades - Porcentagens (FRAME 49)
	AV1
HEVC	DL0	DL1	DL2	DL3	DL4	DL5
DL1	24.43%	69.70%	5.68%	0.14%	0.05%	0.00%
DL2	1.27%	14.39%	76.47%	7.43%	0.44%	0.00%
DL3	0.97%	9.06%	37.76%	46.44%	5.77%	0.00%
DL4	1.24%	8.63%	28.01%	39.38%	22.75%	0.00%
DL5	-nan%	-nan%	-nan%	-nan%	-nan%	-nan%


Tabela Comparativa das Profundidades - Valores Absolutos (FRAME 50)
	AV1
HEVC	DL0	DL1	DL2	DL3	DL4	DL5
DL1	9696	27148	2324	0	0	0
DL2	1264	7192	28008	3220	316	0
DL3	688	2916	10672	13712	1228	0
DL4	432	1668	4336	5644	2416	0
DL5	0	0	0	0	0	0
Tabela Comparativa das Profundidades - Porcentagens (FRAME 50)
	AV1
HEVC	DL0	DL1	DL2	DL3	DL4	DL5
DL1	24.75%	69.31%	5.93%	0.00%	0.00%	0.00%
DL2	3.16%	17.98%	70.02%	8.05%	0.79%	0.00%
DL3	2.35%	9.98%	36.53%	46.93%	4.20%	0.00%
DL4	2.98%	11.51%	29.91%	38.93%	16.67%	0.00%
DL5	-nan%	-nan%	-nan%	-nan%	-nan%	-nan%


Tabela Comparativa das Profundidades - Valores Absolutos (FRAME 51)
	AV1
HEVC	DL0	DL1	DL2	DL3	DL4	DL5
DL1	8192	30224	3376	944	16	0
DL2	0	5768	27648	4020	452	0
DL3	0	3028	11740	12976	1008	0
DL4	0	1572	4720	5020	2176	0
DL5	0	0	0	0	0	0
Tabela Comparativa das Profundidades - Porcentagens (FRAME 51)
	AV1
HEVC	DL0	DL1	DL2	DL3	DL4	DL5
DL1	19.16%	70.70%	7.90%	2.21%	0.04%	0.00%
DL2	0.00%	15.22%	72.97%	10.61%	1.19%	0.00%
DL3	0.00%	10.53%	40.83%	45.13%	3.51%	0.00%
DL4	0.00%	11.65%	34.99%	37.22%	16.13%	0.00%
DL5	-nan%	-nan%	-nan%	-nan%	-nan%	-nan%


Tabela Comparativa das Profundidades - Valores Absolutos (FRAME 52)
	AV1
HEVC	DL0	DL1	DL2	DL3	DL4	DL5
DL1	5120	35456	3008	176	16	0
DL2	0	4712	28730	3650	156	0
DL3	0	2880	12198	12450	1048	0
DL4	0	2032	4328	4416	2504	0
DL5	0	0	0	0	0	0
Tabela Comparativa das Profundidades - Porcentagens (FRAME 52)
	AV1
HEVC	DL0	DL1	DL2	DL3	DL4	DL5
DL1	11.70%	80.99%	6.87%	0.40%	0.04%	0.00%
DL2	0.00%	12.65%	77.13%	9.80%	0.42%	0.00%
DL3	0.00%	10.08%	42.69%	43.57%	3.67%	0.00%
DL4	0.00%	15.30%	32.59%	33.25%	18.86%	0.00%
DL5	-nan%	-nan%	-nan%	-nan%	-nan%	-nan%


Tabela Comparativa das Profundidades - Valores Absolutos (FRAME 53)
	AV1
HEVC	DL0	DL1	DL2	DL3	DL4	DL5
DL1	6016	26176	1472	368	16	0
DL2	1956	6000	22860	4304	144	0
DL3	1168	2560	10748	18820	1760	0
DL4	848	1120	4748	7560	4236	0
DL5	0	0	0	0	0	0
Tabela Comparativa das Profundidades - Porcentagens (FRAME 53)
	AV1
HEVC	DL0	DL1	DL2	DL3	DL4	DL5
DL1	17.67%	76.88%	4.32%	1.08%	0.05%	0.00%
DL2	5.55%	17.01%	64.83%	12.21%	0.41%	0.00%
DL3	3.33%	7.30%	30.66%	53.69%	5.02%	0.00%
DL4	4.58%	6.05%	25.65%	40.84%	22.88%	0.00%
DL5	-nan%	-nan%	-nan%	-nan%	-nan%	-nan%


Tabela Comparativa das Profundidades - Valores Absolutos (FRAME 54)
	AV1
HEVC	DL0	DL1	DL2	DL3	DL4	DL5
DL1	2048	37284	4828	1152	0	0
DL2	0	5056	25544	4056	96	0
DL3	0	3540	12604	13456	864	0
DL4	0	1464	4112	4480	2296	0
DL5	0	0	0	0	0	0
Tabela Comparativa das Profundidades - Porcentagens (FRAME 54)
	AV1
HEVC	DL0	DL1	DL2	DL3	DL4	DL5
DL1	4.52%	82.28%	10.66%	2.54%	0.00%	0.00%
DL2	0.00%	14.55%	73.50%	11.67%	0.28%	0.00%
DL3	0.00%	11.62%	41.37%	44.17%	2.84%	0.00%
DL4	0.00%	11.85%	33.29%	36.27%	18.59%	0.00%
DL5	-nan%	-nan%	-nan%	-nan%	-nan%	-nan%


Tabela Comparativa das Profundidades - Valores Absolutos (FRAME 55)
	AV1
HEVC	DL0	DL1	DL2	DL3	DL4	DL5
DL1	10240	34048	1536	256	0	0
DL2	0	3584	27840	4272	336	0
DL3	0	2000	9664	14832	1216	0
DL4	0	816	3392	6000	2848	0
DL5	0	0	0	0	0	0
Tabela Comparativa das Profundidades - Porcentagens (FRAME 55)
	AV1
HEVC	DL0	DL1	DL2	DL3	DL4	DL5
DL1	22.22%	73.89%	3.33%	0.56%	0.00%	0.00%
DL2	0.00%	9.95%	77.26%	11.86%	0.93%	0.00%
DL3	0.00%	7.22%	34.87%	53.52%	4.39%	0.00%
DL4	0.00%	6.25%	25.98%	45.96%	21.81%	0.00%
DL5	-nan%	-nan%	-nan%	-nan%	-nan%	-nan%


Tabela Comparativa das Profundidades - Valores Absolutos (FRAME 56)
	AV1
HEVC	DL0	DL1	DL2	DL3	DL4	DL5
DL1	8668	19072	1188	0	0	0
DL2	2260	7072	18588	1944	152	0
DL3	1328	3888	11888	14396	1860	0
DL4	640	2576	7548	12468	7344	0
DL5	0	0	0	0	0	0
Tabela Comparativa das Profundidades - Porcentagens (FRAME 56)
	AV1
HEVC	DL0	DL1	DL2	DL3	DL4	DL5
DL1	29.96%	65.93%	4.11%	0.00%	0.00%	0.00%
DL2	7.53%	23.56%	61.93%	6.48%	0.51%	0.00%
DL3	3.98%	11.65%	35.64%	43.15%	5.58%	0.00%
DL4	2.09%	8.42%	24.69%	40.78%	24.02%	0.00%
DL5	-nan%	-nan%	-nan%	-nan%	-nan%	-nan%


Tabela Comparativa das Profundidades - Valores Absolutos (FRAME 57)
	AV1
HEVC	DL0	DL1	DL2	DL3	DL4	DL5
DL1	4352	26624	0	512	0	0
DL2	1576	5952	16752	1912	368	0
DL3	1232	2298	15104	17926	2720	0
DL4	1064	1150	6788	9730	6820	0
DL5	0	0	0	0	0	0
Tabela Comparativa das Profundidades - Porcentagens (FRAME 57)
	AV1
HEVC	DL0	DL1	DL2	DL3	DL4	DL5
DL1	13.82%	84.55%	0.00%	1.63%	0.00%	0.00%
DL2	5.93%	22.41%	63.07%	7.20%	1.39%	0.00%
DL3	3.14%	5.85%	38.45%	45.64%	6.92%	0.00%
DL4	4.16%	4.50%	26.57%	38.08%	26.69%	0.00%
DL5	-nan%	-nan%	-nan%	-nan%	-nan%	-nan%


Tabela Comparativa das Profundidades - Valores Absolutos (FRAME 58)
	AV1
HEVC	DL0	DL1	DL2	DL3	DL4	DL5
DL1	2048	31200	1064	192	56	0
DL2	0	4488	24808	3552	240	0
DL3	0	2336	12288	18256	2080	0
DL4	0	1520	5664	8456	4632	0
DL5	0	0	0	0	0	0
Tabela Comparativa das Profundidades - Porcentagens (FRAME 58)
	AV1
HEVC	DL0	DL1	DL2	DL3	DL4	DL5
DL1	5.93%	90.28%	3.08%	0.56%	0.16%	0.00%
DL2	0.00%	13.56%	74.98%	10.74%	0.73%	0.00%
DL3	0.00%	6.68%	35.15%	52.22%	5.95%	0.00%
DL4	0.00%	7.50%	27.94%	41.71%	22.85%	0.00%
DL5	-nan%	-nan%	-nan%	-nan%	-nan%	-nan%


Tabela Comparativa das Profundidades - Valores Absolutos (FRAME 59)
	AV1
HEVC	DL0	DL1	DL2	DL3	DL4	DL5
DL1	2048	34720	3872	240	80	0
DL2	0	6192	27208	3056	280	0
DL3	0	3304	11664	13104	1608	0
DL4	0	1648	5056	5156	3644	0
DL5	0	0	0	0	0	0
Tabela Comparativa das Profundidades - Porcentagens (FRAME 59)
	AV1
HEVC	DL0	DL1	DL2	DL3	DL4	DL5
DL1	5.00%	84.77%	9.45%	0.59%	0.20%	0.00%
DL2	0.00%	16.86%	74.06%	8.32%	0.76%	0.00%
DL3	0.00%	11.13%	39.30%	44.15%	5.42%	0.00%
DL4	0.00%	10.63%	32.61%	33.26%	23.50%	0.00%
DL5	-nan%	-nan%	-nan%	-nan%	-nan%	-nan%


Tabela Comparativa das Profundidades - Valores Absolutos (FRAME 60)
	AV1
HEVC	DL0	DL1	DL2	DL3	DL4	DL5
DL1	6656	37760	1216	608	96	0
DL2	704	7248	23632	2792	248	0
DL3	352	3684	10760	12676	1088	0
DL4	224	1968	4644	4668	1856	0
DL5	0	0	0	0	0	0
Tabela Comparativa das Profundidades - Porcentagens (FRAME 60)
	AV1
HEVC	DL0	DL1	DL2	DL3	DL4	DL5
DL1	14.36%	81.49%	2.62%	1.31%	0.21%	0.00%
DL2	2.03%	20.93%	68.25%	8.06%	0.72%	0.00%
DL3	1.23%	12.90%	37.68%	44.38%	3.81%	0.00%
DL4	1.68%	14.73%	34.76%	34.94%	13.89%	0.00%
DL5	-nan%	-nan%	-nan%	-nan%	-nan%	-nan%


