Tabela Comparativa das Profundidades - Valores Absolutos (FRAME  1)
	AV1
HEVC	DL0	DL1	DL2	DL3	DL4	DL5
DL1	0	4864	2688	112	16	0
DL2	0	4096	29824	4128	1504	0
DL3	0	1280	8848	18416	5712	0
DL4	0	256	6640	12224	22272	0
DL5	0	0	0	0	0	0
Tabela Comparativa das Profundidades - Porcentagens (FRAME  1)
	AV1
HEVC	DL0	DL1	DL2	DL3	DL4	DL5
DL1	0.00%	63.33%	35.00%	1.46%	0.21%	0.00%
DL2	0.00%	10.36%	75.40%	10.44%	3.80%	0.00%
DL3	0.00%	3.74%	25.83%	53.76%	16.67%	0.00%
DL4	0.00%	0.62%	16.04%	29.53%	53.81%	0.00%
DL5	-nan%	-nan%	-nan%	-nan%	-nan%	-nan%


Tabela Comparativa das Profundidades - Valores Absolutos (FRAME  2)
	AV1
HEVC	DL0	DL1	DL2	DL3	DL4	DL5
DL1	0	768	704	832	0	0
DL2	0	1464	23392	8012	860	0
DL3	0	1844	16672	23320	4132	0
DL4	0	2536	10382	15840	12122	0
DL5	0	0	0	0	0	0
Tabela Comparativa das Profundidades - Porcentagens (FRAME  2)
	AV1
HEVC	DL0	DL1	DL2	DL3	DL4	DL5
DL1	0.00%	33.33%	30.56%	36.11%	0.00%	0.00%
DL2	0.00%	4.34%	69.35%	23.75%	2.55%	0.00%
DL3	0.00%	4.01%	36.27%	50.73%	8.99%	0.00%
DL4	0.00%	6.20%	25.40%	38.75%	29.65%	0.00%
DL5	-nan%	-nan%	-nan%	-nan%	-nan%	-nan%


Tabela Comparativa das Profundidades - Valores Absolutos (FRAME  3)
	AV1
HEVC	DL0	DL1	DL2	DL3	DL4	DL5
DL1	0	3328	704	320	0	0
DL2	0	1728	23720	7760	1544	0
DL3	0	1152	19348	25324	4608	0
DL4	0	448	10576	15008	7312	0
DL5	0	0	0	0	0	0
Tabela Comparativa das Profundidades - Porcentagens (FRAME  3)
	AV1
HEVC	DL0	DL1	DL2	DL3	DL4	DL5
DL1	0.00%	76.47%	16.18%	7.35%	0.00%	0.00%
DL2	0.00%	4.97%	68.26%	22.33%	4.44%	0.00%
DL3	0.00%	2.28%	38.36%	50.21%	9.14%	0.00%
DL4	0.00%	1.34%	31.72%	45.01%	21.93%	0.00%
DL5	-nan%	-nan%	-nan%	-nan%	-nan%	-nan%


Tabela Comparativa das Profundidades - Valores Absolutos (FRAME  4)
	AV1
HEVC	DL0	DL1	DL2	DL3	DL4	DL5
DL1	3584	4608	320	192	0	0
DL2	512	3264	24448	8192	448	0
DL3	0	1348	19666	28366	3628	0
DL4	0	240	7406	11822	4836	0
DL5	0	0	0	0	0	0
Tabela Comparativa das Profundidades - Porcentagens (FRAME  4)
	AV1
HEVC	DL0	DL1	DL2	DL3	DL4	DL5
DL1	41.18%	52.94%	3.68%	2.21%	0.00%	0.00%
DL2	1.39%	8.85%	66.32%	22.22%	1.22%	0.00%
DL3	0.00%	2.54%	37.10%	53.51%	6.84%	0.00%
DL4	0.00%	0.99%	30.47%	48.64%	19.90%	0.00%
DL5	-nan%	-nan%	-nan%	-nan%	-nan%	-nan%


Tabela Comparativa das Profundidades - Valores Absolutos (FRAME  5)
	AV1
HEVC	DL0	DL1	DL2	DL3	DL4	DL5
DL1	3072	11520	768	512	0	0
DL2	0	3384	29470	5922	328	0
DL3	0	2186	18732	25642	2896	0
DL4	0	444	5002	9278	3724	0
DL5	0	0	0	0	0	0
Tabela Comparativa das Profundidades - Porcentagens (FRAME  5)
	AV1
HEVC	DL0	DL1	DL2	DL3	DL4	DL5
DL1	19.35%	72.58%	4.84%	3.23%	0.00%	0.00%
DL2	0.00%	8.65%	75.36%	15.14%	0.84%	0.00%
DL3	0.00%	4.42%	37.88%	51.85%	5.86%	0.00%
DL4	0.00%	2.41%	27.11%	50.29%	20.19%	0.00%
DL5	-nan%	-nan%	-nan%	-nan%	-nan%	-nan%


Tabela Comparativa das Profundidades - Valores Absolutos (FRAME  6)
	AV1
HEVC	DL0	DL1	DL2	DL3	DL4	DL5
DL1	2048	23680	2520	168	0	0
DL2	0	6152	27092	5440	164	0
DL3	0	2124	14752	22488	2188	0
DL4	0	988	3914	7394	1768	0
DL5	0	0	0	0	0	0
Tabela Comparativa das Profundidades - Porcentagens (FRAME  6)
	AV1
HEVC	DL0	DL1	DL2	DL3	DL4	DL5
DL1	7.21%	83.33%	8.87%	0.59%	0.00%	0.00%
DL2	0.00%	15.84%	69.74%	14.00%	0.42%	0.00%
DL3	0.00%	5.11%	35.50%	54.12%	5.27%	0.00%
DL4	0.00%	7.03%	27.83%	52.57%	12.57%	0.00%
DL5	-nan%	-nan%	-nan%	-nan%	-nan%	-nan%


Tabela Comparativa das Profundidades - Valores Absolutos (FRAME  7)
	AV1
HEVC	DL0	DL1	DL2	DL3	DL4	DL5
DL1	1024	22272	3392	192	0	0
DL2	0	7792	41924	6708	280	0
DL3	0	2196	15076	11880	800	0
DL4	0	776	4348	3416	804	0
DL5	0	0	0	0	0	0
Tabela Comparativa das Profundidades - Porcentagens (FRAME  7)
	AV1
HEVC	DL0	DL1	DL2	DL3	DL4	DL5
DL1	3.81%	82.86%	12.62%	0.71%	0.00%	0.00%
DL2	0.00%	13.74%	73.93%	11.83%	0.49%	0.00%
DL3	0.00%	7.33%	50.33%	39.66%	2.67%	0.00%
DL4	0.00%	8.30%	46.53%	36.56%	8.60%	0.00%
DL5	-nan%	-nan%	-nan%	-nan%	-nan%	-nan%


Tabela Comparativa das Profundidades - Valores Absolutos (FRAME  8)
	AV1
HEVC	DL0	DL1	DL2	DL3	DL4	DL5
DL1	1024	12168	3732	884	112	0
DL2	0	7064	51684	7632	308	0
DL3	0	1952	14868	12108	656	0
DL4	0	566	3858	3332	932	0
DL5	0	0	0	0	0	0
Tabela Comparativa das Profundidades - Porcentagens (FRAME  8)
	AV1
HEVC	DL0	DL1	DL2	DL3	DL4	DL5
DL1	5.71%	67.90%	20.83%	4.93%	0.63%	0.00%
DL2	0.00%	10.59%	77.50%	11.44%	0.46%	0.00%
DL3	0.00%	6.60%	50.26%	40.93%	2.22%	0.00%
DL4	0.00%	6.51%	44.41%	38.35%	10.73%	0.00%
DL5	-nan%	-nan%	-nan%	-nan%	-nan%	-nan%


Tabela Comparativa das Profundidades - Valores Absolutos (FRAME  9)
	AV1
HEVC	DL0	DL1	DL2	DL3	DL4	DL5
DL1	0	2816	896	352	32	0
DL2	0	2800	41596	9236	512	0
DL3	0	1052	23476	26236	1748	0
DL4	0	628	3916	5724	1860	0
DL5	0	0	0	0	0	0
Tabela Comparativa das Profundidades - Porcentagens (FRAME  9)
	AV1
HEVC	DL0	DL1	DL2	DL3	DL4	DL5
DL1	0.00%	68.75%	21.88%	8.59%	0.78%	0.00%
DL2	0.00%	5.17%	76.82%	17.06%	0.95%	0.00%
DL3	0.00%	2.00%	44.71%	49.96%	3.33%	0.00%
DL4	0.00%	5.18%	32.29%	47.20%	15.34%	0.00%
DL5	-nan%	-nan%	-nan%	-nan%	-nan%	-nan%


Tabela Comparativa das Profundidades - Valores Absolutos (FRAME 10)
	AV1
HEVC	DL0	DL1	DL2	DL3	DL4	DL5
DL1	0	20736	5248	576	64	0
DL2	0	5632	52288	8288	96	0
DL3	0	1232	13008	10784	464	0
DL4	0	48	2160	1920	336	0
DL5	0	0	0	0	0	0
Tabela Comparativa das Profundidades - Porcentagens (FRAME 10)
	AV1
HEVC	DL0	DL1	DL2	DL3	DL4	DL5
DL1	0.00%	77.88%	19.71%	2.16%	0.24%	0.00%
DL2	0.00%	8.49%	78.86%	12.50%	0.14%	0.00%
DL3	0.00%	4.83%	51.04%	42.31%	1.82%	0.00%
DL4	0.00%	1.08%	48.39%	43.01%	7.53%	0.00%
DL5	-nan%	-nan%	-nan%	-nan%	-nan%	-nan%


Tabela Comparativa das Profundidades - Valores Absolutos (FRAME 11)
	AV1
HEVC	DL0	DL1	DL2	DL3	DL4	DL5
DL1	0	12688	5104	1152	0	0
DL2	0	8548	55792	6656	364	0
DL3	0	2064	14020	8720	524	0
DL4	0	616	3474	2662	496	0
DL5	0	0	0	0	0	0
Tabela Comparativa das Profundidades - Porcentagens (FRAME 11)
	AV1
HEVC	DL0	DL1	DL2	DL3	DL4	DL5
DL1	0.00%	66.98%	26.94%	6.08%	0.00%	0.00%
DL2	0.00%	11.98%	78.18%	9.33%	0.51%	0.00%
DL3	0.00%	8.15%	55.35%	34.43%	2.07%	0.00%
DL4	0.00%	8.50%	47.93%	36.73%	6.84%	0.00%
DL5	-nan%	-nan%	-nan%	-nan%	-nan%	-nan%


Tabela Comparativa das Profundidades - Valores Absolutos (FRAME 12)
	AV1
HEVC	DL0	DL1	DL2	DL3	DL4	DL5
DL1	0	4864	872	392	16	0
DL2	0	4072	40732	9092	440	0
DL3	0	1576	21366	23210	1944	0
DL4	0	896	5350	6142	1916	0
DL5	0	0	0	0	0	0
Tabela Comparativa das Profundidades - Porcentagens (FRAME 12)
	AV1
HEVC	DL0	DL1	DL2	DL3	DL4	DL5
DL1	0.00%	79.17%	14.19%	6.38%	0.26%	0.00%
DL2	0.00%	7.49%	74.96%	16.73%	0.81%	0.00%
DL3	0.00%	3.28%	44.42%	48.26%	4.04%	0.00%
DL4	0.00%	6.26%	37.40%	42.94%	13.39%	0.00%
DL5	-nan%	-nan%	-nan%	-nan%	-nan%	-nan%


Tabela Comparativa das Profundidades - Valores Absolutos (FRAME 13)
	AV1
HEVC	DL0	DL1	DL2	DL3	DL4	DL5
DL1	0	3072	1408	128	0	0
DL2	0	2176	41048	8820	180	0
DL3	0	716	18352	31728	2084	0
DL4	0	108	3430	7774	1856	0
DL5	0	0	0	0	0	0
Tabela Comparativa das Profundidades - Porcentagens (FRAME 13)
	AV1
HEVC	DL0	DL1	DL2	DL3	DL4	DL5
DL1	0.00%	66.67%	30.56%	2.78%	0.00%	0.00%
DL2	0.00%	4.17%	78.60%	16.89%	0.34%	0.00%
DL3	0.00%	1.35%	34.70%	60.00%	3.94%	0.00%
DL4	0.00%	0.82%	26.05%	59.04%	14.09%	0.00%
DL5	-nan%	-nan%	-nan%	-nan%	-nan%	-nan%


Tabela Comparativa das Profundidades - Valores Absolutos (FRAME 14)
	AV1
HEVC	DL0	DL1	DL2	DL3	DL4	DL5
DL1	256	9728	3904	448	0	0
DL2	1376	4408	46772	6660	176	0
DL3	1588	1328	15636	19388	1516	0
DL4	604	336	2816	4676	1264	0
DL5	0	0	0	0	0	0
Tabela Comparativa das Profundidades - Porcentagens (FRAME 14)
	AV1
HEVC	DL0	DL1	DL2	DL3	DL4	DL5
DL1	1.79%	67.86%	27.23%	3.12%	0.00%	0.00%
DL2	2.32%	7.42%	78.75%	11.21%	0.30%	0.00%
DL3	4.02%	3.37%	39.63%	49.14%	3.84%	0.00%
DL4	6.23%	3.47%	29.04%	48.23%	13.04%	0.00%
DL5	-nan%	-nan%	-nan%	-nan%	-nan%	-nan%


Tabela Comparativa das Profundidades - Valores Absolutos (FRAME 15)
	AV1
HEVC	DL0	DL1	DL2	DL3	DL4	DL5
DL1	0	15824	4720	448	0	0
DL2	0	8992	50936	7104	232	0
DL3	0	3000	13296	11024	424	0
DL4	0	1164	3028	2204	484	0
DL5	0	0	0	0	0	0
Tabela Comparativa das Profundidades - Porcentagens (FRAME 15)
	AV1
HEVC	DL0	DL1	DL2	DL3	DL4	DL5
DL1	0.00%	75.38%	22.48%	2.13%	0.00%	0.00%
DL2	0.00%	13.37%	75.73%	10.56%	0.34%	0.00%
DL3	0.00%	10.81%	47.92%	39.73%	1.53%	0.00%
DL4	0.00%	16.92%	44.01%	32.03%	7.03%	0.00%
DL5	-nan%	-nan%	-nan%	-nan%	-nan%	-nan%


Tabela Comparativa das Profundidades - Valores Absolutos (FRAME 16)
	AV1
HEVC	DL0	DL1	DL2	DL3	DL4	DL5
DL1	0	9200	2464	112	0	0
DL2	0	5456	46480	10592	384	0
DL3	0	2342	14886	21388	824	0
DL4	0	448	3088	4324	892	0
DL5	0	0	0	0	0	0
Tabela Comparativa das Profundidades - Porcentagens (FRAME 16)
	AV1
HEVC	DL0	DL1	DL2	DL3	DL4	DL5
DL1	0.00%	78.12%	20.92%	0.95%	0.00%	0.00%
DL2	0.00%	8.67%	73.88%	16.84%	0.61%	0.00%
DL3	0.00%	5.94%	37.74%	54.23%	2.09%	0.00%
DL4	0.00%	5.12%	35.28%	49.41%	10.19%	0.00%
DL5	-nan%	-nan%	-nan%	-nan%	-nan%	-nan%


Tabela Comparativa das Profundidades - Valores Absolutos (FRAME 17)
	AV1
HEVC	DL0	DL1	DL2	DL3	DL4	DL5
DL1	0	4672	1216	0	0	0
DL2	0	2936	44610	9334	400	0
DL3	0	2712	18478	26710	1716	0
DL4	0	576	3208	4876	1436	0
DL5	0	0	0	0	0	0
Tabela Comparativa das Profundidades - Porcentagens (FRAME 17)
	AV1
HEVC	DL0	DL1	DL2	DL3	DL4	DL5
DL1	0.00%	79.35%	20.65%	0.00%	0.00%	0.00%
DL2	0.00%	5.13%	77.88%	16.30%	0.70%	0.00%
DL3	0.00%	5.47%	37.24%	53.83%	3.46%	0.00%
DL4	0.00%	5.71%	31.77%	48.30%	14.22%	0.00%
DL5	-nan%	-nan%	-nan%	-nan%	-nan%	-nan%


Tabela Comparativa das Profundidades - Valores Absolutos (FRAME 18)
	AV1
HEVC	DL0	DL1	DL2	DL3	DL4	DL5
DL1	0	7936	3520	512	64	0
DL2	0	4376	53004	7996	672	0
DL3	0	1700	14892	17192	1656	0
DL4	0	712	2900	4392	1356	0
DL5	0	0	0	0	0	0
Tabela Comparativa das Profundidades - Porcentagens (FRAME 18)
	AV1
HEVC	DL0	DL1	DL2	DL3	DL4	DL5
DL1	0.00%	65.96%	29.26%	4.26%	0.53%	0.00%
DL2	0.00%	6.63%	80.25%	12.11%	1.02%	0.00%
DL3	0.00%	4.80%	42.02%	48.51%	4.67%	0.00%
DL4	0.00%	7.61%	30.98%	46.92%	14.49%	0.00%
DL5	-nan%	-nan%	-nan%	-nan%	-nan%	-nan%


Tabela Comparativa das Profundidades - Valores Absolutos (FRAME 19)
	AV1
HEVC	DL0	DL1	DL2	DL3	DL4	DL5
DL1	0	13056	6656	0	0	0
DL2	0	7104	65920	5792	96	0
DL3	0	544	11520	9216	256	0
DL4	0	32	960	1328	400	0
DL5	0	0	0	0	0	0
Tabela Comparativa das Profundidades - Porcentagens (FRAME 19)
	AV1
HEVC	DL0	DL1	DL2	DL3	DL4	DL5
DL1	0.00%	66.23%	33.77%	0.00%	0.00%	0.00%
DL2	0.00%	9.00%	83.54%	7.34%	0.12%	0.00%
DL3	0.00%	2.53%	53.49%	42.79%	1.19%	0.00%
DL4	0.00%	1.18%	35.29%	48.82%	14.71%	0.00%
DL5	-nan%	-nan%	-nan%	-nan%	-nan%	-nan%


Tabela Comparativa das Profundidades - Valores Absolutos (FRAME 20)
	AV1
HEVC	DL0	DL1	DL2	DL3	DL4	DL5
DL1	0	3752	3592	452	140	0
DL2	0	3088	32288	6240	1328	0
DL3	0	1368	14400	13020	3388	0
DL4	0	1152	12324	15232	11116	0
DL5	0	0	0	0	0	0
Tabela Comparativa das Profundidades - Porcentagens (FRAME 20)
	AV1
HEVC	DL0	DL1	DL2	DL3	DL4	DL5
DL1	0.00%	47.28%	45.26%	5.70%	1.76%	0.00%
DL2	0.00%	7.19%	75.19%	14.53%	3.09%	0.00%
DL3	0.00%	4.25%	44.75%	40.46%	10.53%	0.00%
DL4	0.00%	2.89%	30.95%	38.25%	27.91%	0.00%
DL5	-nan%	-nan%	-nan%	-nan%	-nan%	-nan%


Tabela Comparativa das Profundidades - Valores Absolutos (FRAME 21)
	AV1
HEVC	DL0	DL1	DL2	DL3	DL4	DL5
DL1	0	1536	256	0	0	0
DL2	0	1676	27544	7672	1380	0
DL3	0	1260	20184	23258	2626	0
DL4	0	1316	11052	15846	7274	0
DL5	0	0	0	0	0	0
Tabela Comparativa das Profundidades - Porcentagens (FRAME 21)
	AV1
HEVC	DL0	DL1	DL2	DL3	DL4	DL5
DL1	0.00%	85.71%	14.29%	0.00%	0.00%	0.00%
DL2	0.00%	4.38%	71.97%	20.05%	3.61%	0.00%
DL3	0.00%	2.66%	42.65%	49.14%	5.55%	0.00%
DL4	0.00%	3.71%	31.14%	44.65%	20.50%	0.00%
DL5	-nan%	-nan%	-nan%	-nan%	-nan%	-nan%


Tabela Comparativa das Profundidades - Valores Absolutos (FRAME 22)
	AV1
HEVC	DL0	DL1	DL2	DL3	DL4	DL5
DL1	0	512	1280	0	0	0
DL2	0	744	29784	8108	596	0
DL3	0	432	22372	31580	3440	0
DL4	0	72	6456	12364	5140	0
DL5	0	0	0	0	0	0
Tabela Comparativa das Profundidades - Porcentagens (FRAME 22)
	AV1
HEVC	DL0	DL1	DL2	DL3	DL4	DL5
DL1	0.00%	28.57%	71.43%	0.00%	0.00%	0.00%
DL2	0.00%	1.90%	75.92%	20.67%	1.52%	0.00%
DL3	0.00%	0.75%	38.69%	54.61%	5.95%	0.00%
DL4	0.00%	0.30%	26.86%	51.45%	21.39%	0.00%
DL5	-nan%	-nan%	-nan%	-nan%	-nan%	-nan%


Tabela Comparativa das Profundidades - Valores Absolutos (FRAME 23)
	AV1
HEVC	DL0	DL1	DL2	DL3	DL4	DL5
DL1	0	3328	1280	256	0	0
DL2	0	1848	38244	6648	684	0
DL3	0	1920	19296	30380	3300	0
DL4	0	272	3396	8900	3128	0
DL5	0	0	0	0	0	0
Tabela Comparativa das Profundidades - Porcentagens (FRAME 23)
	AV1
HEVC	DL0	DL1	DL2	DL3	DL4	DL5
DL1	0.00%	68.42%	26.32%	5.26%	0.00%	0.00%
DL2	0.00%	3.90%	80.64%	14.02%	1.44%	0.00%
DL3	0.00%	3.50%	35.15%	55.34%	6.01%	0.00%
DL4	0.00%	1.73%	21.64%	56.70%	19.93%	0.00%
DL5	-nan%	-nan%	-nan%	-nan%	-nan%	-nan%


Tabela Comparativa das Profundidades - Valores Absolutos (FRAME 24)
	AV1
HEVC	DL0	DL1	DL2	DL3	DL4	DL5
DL1	0	3584	2048	512	0	0
DL2	0	3632	48452	7704	500	0
DL3	0	784	20558	23270	1516	0
DL4	0	336	3940	4884	1160	0
DL5	0	0	0	0	0	0
Tabela Comparativa das Profundidades - Porcentagens (FRAME 24)
	AV1
HEVC	DL0	DL1	DL2	DL3	DL4	DL5
DL1	0.00%	58.33%	33.33%	8.33%	0.00%	0.00%
DL2	0.00%	6.02%	80.37%	12.78%	0.83%	0.00%
DL3	0.00%	1.70%	44.57%	50.45%	3.29%	0.00%
DL4	0.00%	3.26%	38.18%	47.33%	11.24%	0.00%
DL5	-nan%	-nan%	-nan%	-nan%	-nan%	-nan%


Tabela Comparativa das Profundidades - Valores Absolutos (FRAME 25)
	AV1
HEVC	DL0	DL1	DL2	DL3	DL4	DL5
DL1	0	7680	5128	496	8	0
DL2	0	5584	48784	8472	392	0
DL3	0	1416	16680	18072	1240	0
DL4	0	320	3084	4344	1180	0
DL5	0	0	0	0	0	0
Tabela Comparativa das Profundidades - Porcentagens (FRAME 25)
	AV1
HEVC	DL0	DL1	DL2	DL3	DL4	DL5
DL1	0.00%	57.69%	38.52%	3.73%	0.06%	0.00%
DL2	0.00%	8.83%	77.15%	13.40%	0.62%	0.00%
DL3	0.00%	3.79%	44.59%	48.31%	3.31%	0.00%
DL4	0.00%	3.58%	34.54%	48.66%	13.22%	0.00%
DL5	-nan%	-nan%	-nan%	-nan%	-nan%	-nan%


Tabela Comparativa das Profundidades - Valores Absolutos (FRAME 26)
	AV1
HEVC	DL0	DL1	DL2	DL3	DL4	DL5
DL1	0	11584	4992	320	0	0
DL2	0	7980	61840	5956	640	0
DL3	0	2144	12588	8204	456	0
DL4	0	556	2876	2224	520	0
DL5	0	0	0	0	0	0
Tabela Comparativa das Profundidades - Porcentagens (FRAME 26)
	AV1
HEVC	DL0	DL1	DL2	DL3	DL4	DL5
DL1	0.00%	68.56%	29.55%	1.89%	0.00%	0.00%
DL2	0.00%	10.44%	80.93%	7.79%	0.84%	0.00%
DL3	0.00%	9.17%	53.81%	35.07%	1.95%	0.00%
DL4	0.00%	9.00%	46.57%	36.01%	8.42%	0.00%
DL5	-nan%	-nan%	-nan%	-nan%	-nan%	-nan%


Tabela Comparativa das Profundidades - Valores Absolutos (FRAME 27)
	AV1
HEVC	DL0	DL1	DL2	DL3	DL4	DL5
DL1	0	3584	1280	0	0	0
DL2	0	1728	46566	10606	492	0
DL3	0	580	18648	26156	1848	0
DL4	0	92	3724	5902	1674	0
DL5	0	0	0	0	0	0
Tabela Comparativa das Profundidades - Porcentagens (FRAME 27)
	AV1
HEVC	DL0	DL1	DL2	DL3	DL4	DL5
DL1	0.00%	73.68%	26.32%	0.00%	0.00%	0.00%
DL2	0.00%	2.91%	78.40%	17.86%	0.83%	0.00%
DL3	0.00%	1.23%	39.48%	55.38%	3.91%	0.00%
DL4	0.00%	0.81%	32.69%	51.81%	14.69%	0.00%
DL5	-nan%	-nan%	-nan%	-nan%	-nan%	-nan%


Tabela Comparativa das Profundidades - Valores Absolutos (FRAME 28)
	AV1
HEVC	DL0	DL1	DL2	DL3	DL4	DL5
DL1	0	16896	6400	256	0	0
DL2	0	8192	56896	7104	256	0
DL3	0	1696	11312	10128	576	0
DL4	0	96	720	1872	480	0
DL5	0	0	0	0	0	0
Tabela Comparativa das Profundidades - Porcentagens (FRAME 28)
	AV1
HEVC	DL0	DL1	DL2	DL3	DL4	DL5
DL1	0.00%	71.74%	27.17%	1.09%	0.00%	0.00%
DL2	0.00%	11.31%	78.53%	9.81%	0.35%	0.00%
DL3	0.00%	7.15%	47.71%	42.71%	2.43%	0.00%
DL4	0.00%	3.03%	22.73%	59.09%	15.15%	0.00%
DL5	-nan%	-nan%	-nan%	-nan%	-nan%	-nan%


Tabela Comparativa das Profundidades - Valores Absolutos (FRAME 29)
	AV1
HEVC	DL0	DL1	DL2	DL3	DL4	DL5
DL1	0	14848	6432	480	0	0
DL2	0	7672	54452	6960	356	0
DL3	0	1948	11724	10640	680	0
DL4	0	532	2270	3222	664	0
DL5	0	0	0	0	0	0
Tabela Comparativa das Profundidades - Porcentagens (FRAME 29)
	AV1
HEVC	DL0	DL1	DL2	DL3	DL4	DL5
DL1	0.00%	68.24%	29.56%	2.21%	0.00%	0.00%
DL2	0.00%	11.05%	78.42%	10.02%	0.51%	0.00%
DL3	0.00%	7.79%	46.91%	42.57%	2.72%	0.00%
DL4	0.00%	7.95%	33.94%	48.18%	9.93%	0.00%
DL5	-nan%	-nan%	-nan%	-nan%	-nan%	-nan%


Tabela Comparativa das Profundidades - Valores Absolutos (FRAME 30)
	AV1
HEVC	DL0	DL1	DL2	DL3	DL4	DL5
DL1	0	5896	1784	0	0	0
DL2	0	4352	37260	6708	320	0
DL3	0	2852	21284	26486	1906	0
DL4	0	476	5052	6820	1684	0
DL5	0	0	0	0	0	0
Tabela Comparativa das Profundidades - Porcentagens (FRAME 30)
	AV1
HEVC	DL0	DL1	DL2	DL3	DL4	DL5
DL1	0.00%	76.77%	23.23%	0.00%	0.00%	0.00%
DL2	0.00%	8.95%	76.60%	13.79%	0.66%	0.00%
DL3	0.00%	5.43%	40.52%	50.42%	3.63%	0.00%
DL4	0.00%	3.39%	36.00%	48.60%	12.00%	0.00%
DL5	-nan%	-nan%	-nan%	-nan%	-nan%	-nan%


Tabela Comparativa das Profundidades - Valores Absolutos (FRAME 31)
	AV1
HEVC	DL0	DL1	DL2	DL3	DL4	DL5
DL1	0	5376	2496	64	0	0
DL2	0	3936	38656	6688	384	0
DL3	0	2284	21424	26852	1760	0
DL4	0	544	3920	6776	1720	0
DL5	0	0	0	0	0	0
Tabela Comparativa das Profundidades - Porcentagens (FRAME 31)
	AV1
HEVC	DL0	DL1	DL2	DL3	DL4	DL5
DL1	0.00%	67.74%	31.45%	0.81%	0.00%	0.00%
DL2	0.00%	7.93%	77.84%	13.47%	0.77%	0.00%
DL3	0.00%	4.37%	40.95%	51.32%	3.36%	0.00%
DL4	0.00%	4.20%	30.25%	52.28%	13.27%	0.00%
DL5	-nan%	-nan%	-nan%	-nan%	-nan%	-nan%


Tabela Comparativa das Profundidades - Valores Absolutos (FRAME 32)
	AV1
HEVC	DL0	DL1	DL2	DL3	DL4	DL5
DL1	0	13312	4220	276	112	0
DL2	0	8560	41856	7416	664	0
DL3	0	1680	13872	18968	2264	0
DL4	0	496	2580	4932	1672	0
DL5	0	0	0	0	0	0
Tabela Comparativa das Profundidades - Porcentagens (FRAME 32)
	AV1
HEVC	DL0	DL1	DL2	DL3	DL4	DL5
DL1	0.00%	74.29%	23.55%	1.54%	0.63%	0.00%
DL2	0.00%	14.63%	71.55%	12.68%	1.14%	0.00%
DL3	0.00%	4.57%	37.71%	51.57%	6.15%	0.00%
DL4	0.00%	5.12%	26.65%	50.95%	17.27%	0.00%
DL5	-nan%	-nan%	-nan%	-nan%	-nan%	-nan%


Tabela Comparativa das Profundidades - Valores Absolutos (FRAME 33)
	AV1
HEVC	DL0	DL1	DL2	DL3	DL4	DL5
DL1	0	16908	7294	622	8	0
DL2	0	10516	52654	6662	248	0
DL3	0	2844	10446	7792	390	0
DL4	0	848	2258	2778	612	0
DL5	0	0	0	0	0	0
Tabela Comparativa das Profundidades - Porcentagens (FRAME 33)
	AV1
HEVC	DL0	DL1	DL2	DL3	DL4	DL5
DL1	0.00%	68.09%	29.37%	2.50%	0.03%	0.00%
DL2	0.00%	15.01%	75.13%	9.51%	0.35%	0.00%
DL3	0.00%	13.25%	48.65%	36.29%	1.82%	0.00%
DL4	0.00%	13.05%	34.76%	42.76%	9.42%	0.00%
DL5	-nan%	-nan%	-nan%	-nan%	-nan%	-nan%


Tabela Comparativa das Profundidades - Valores Absolutos (FRAME 34)
	AV1
HEVC	DL0	DL1	DL2	DL3	DL4	DL5
DL1	0	14816	3536	268	68	0
DL2	0	8040	55792	6400	744	0
DL3	0	1760	14972	8652	728	0
DL4	0	644	3444	2224	792	0
DL5	0	0	0	0	0	0
Tabela Comparativa das Profundidades - Porcentagens (FRAME 34)
	AV1
HEVC	DL0	DL1	DL2	DL3	DL4	DL5
DL1	0.00%	79.28%	18.92%	1.43%	0.36%	0.00%
DL2	0.00%	11.33%	78.61%	9.02%	1.05%	0.00%
DL3	0.00%	6.74%	57.34%	33.13%	2.79%	0.00%
DL4	0.00%	9.07%	48.48%	31.31%	11.15%	0.00%
DL5	-nan%	-nan%	-nan%	-nan%	-nan%	-nan%


Tabela Comparativa das Profundidades - Valores Absolutos (FRAME 35)
	AV1
HEVC	DL0	DL1	DL2	DL3	DL4	DL5
DL1	0	6656	1536	256	0	0
DL2	0	1632	43224	8344	240	0
DL3	0	924	22230	24942	1216	0
DL4	0	340	4034	6086	1220	0
DL5	0	0	0	0	0	0
Tabela Comparativa das Profundidades - Porcentagens (FRAME 35)
	AV1
HEVC	DL0	DL1	DL2	DL3	DL4	DL5
DL1	0.00%	78.79%	18.18%	3.03%	0.00%	0.00%
DL2	0.00%	3.05%	80.88%	15.61%	0.45%	0.00%
DL3	0.00%	1.87%	45.08%	50.58%	2.47%	0.00%
DL4	0.00%	2.91%	34.54%	52.11%	10.45%	0.00%
DL5	-nan%	-nan%	-nan%	-nan%	-nan%	-nan%


Tabela Comparativa das Profundidades - Valores Absolutos (FRAME 36)
	AV1
HEVC	DL0	DL1	DL2	DL3	DL4	DL5
DL1	0	17408	3072	768	0	0
DL2	0	8944	60964	4724	184	0
DL3	0	2192	11300	8016	172	0
DL4	0	436	2576	1768	356	0
DL5	0	0	0	0	0	0
Tabela Comparativa das Profundidades - Porcentagens (FRAME 36)
	AV1
HEVC	DL0	DL1	DL2	DL3	DL4	DL5
DL1	0.00%	81.93%	14.46%	3.61%	0.00%	0.00%
DL2	0.00%	11.95%	81.49%	6.31%	0.25%	0.00%
DL3	0.00%	10.11%	52.12%	36.97%	0.79%	0.00%
DL4	0.00%	8.49%	50.16%	34.42%	6.93%	0.00%
DL5	-nan%	-nan%	-nan%	-nan%	-nan%	-nan%


Tabela Comparativa das Profundidades - Valores Absolutos (FRAME 37)
	AV1
HEVC	DL0	DL1	DL2	DL3	DL4	DL5
DL1	0	14848	7552	128	0	0
DL2	0	8576	62656	5920	352	0
DL3	0	1456	10400	7744	272	0
DL4	0	208	992	1408	368	0
DL5	0	0	0	0	0	0
Tabela Comparativa das Profundidades - Porcentagens (FRAME 37)
	AV1
HEVC	DL0	DL1	DL2	DL3	DL4	DL5
DL1	0.00%	65.91%	33.52%	0.57%	0.00%	0.00%
DL2	0.00%	11.07%	80.84%	7.64%	0.45%	0.00%
DL3	0.00%	7.33%	52.33%	38.97%	1.37%	0.00%
DL4	0.00%	6.99%	33.33%	47.31%	12.37%	0.00%
DL5	-nan%	-nan%	-nan%	-nan%	-nan%	-nan%


Tabela Comparativa das Profundidades - Valores Absolutos (FRAME 38)
	AV1
HEVC	DL0	DL1	DL2	DL3	DL4	DL5
DL1	0	836	320	124	0	0
DL2	0	3172	24696	6860	344	0
DL3	0	1616	21578	24522	4124	0
DL4	0	680	8610	14802	10596	0
DL5	0	0	0	0	0	0
Tabela Comparativa das Profundidades - Porcentagens (FRAME 38)
	AV1
HEVC	DL0	DL1	DL2	DL3	DL4	DL5
DL1	0.00%	65.31%	25.00%	9.69%	0.00%	0.00%
DL2	0.00%	9.04%	70.42%	19.56%	0.98%	0.00%
DL3	0.00%	3.12%	41.62%	47.30%	7.96%	0.00%
DL4	0.00%	1.96%	24.82%	42.67%	30.55%	0.00%
DL5	-nan%	-nan%	-nan%	-nan%	-nan%	-nan%


Tabela Comparativa das Profundidades - Valores Absolutos (FRAME 39)
	AV1
HEVC	DL0	DL1	DL2	DL3	DL4	DL5
DL1	0	1536	768	0	0	0
DL2	0	3512	28832	6808	592	0
DL3	0	2308	19848	22830	3926	0
DL4	0	984	9784	14136	7016	0
DL5	0	0	0	0	0	0
Tabela Comparativa das Profundidades - Porcentagens (FRAME 39)
	AV1
HEVC	DL0	DL1	DL2	DL3	DL4	DL5
DL1	0.00%	66.67%	33.33%	0.00%	0.00%	0.00%
DL2	0.00%	8.84%	72.54%	17.13%	1.49%	0.00%
DL3	0.00%	4.72%	40.58%	46.68%	8.03%	0.00%
DL4	0.00%	3.08%	30.65%	44.29%	21.98%	0.00%
DL5	-nan%	-nan%	-nan%	-nan%	-nan%	-nan%


Tabela Comparativa das Profundidades - Valores Absolutos (FRAME 40)
	AV1
HEVC	DL0	DL1	DL2	DL3	DL4	DL5
DL1	0	3584	896	128	0	0
DL2	0	2720	29732	7108	504	0
DL3	0	2416	21228	29552	2260	0
DL4	0	656	6488	12096	3512	0
DL5	0	0	0	0	0	0
Tabela Comparativa das Profundidades - Porcentagens (FRAME 40)
	AV1
HEVC	DL0	DL1	DL2	DL3	DL4	DL5
DL1	0.00%	77.78%	19.44%	2.78%	0.00%	0.00%
DL2	0.00%	6.79%	74.21%	17.74%	1.26%	0.00%
DL3	0.00%	4.36%	38.28%	53.29%	4.08%	0.00%
DL4	0.00%	2.88%	28.52%	53.16%	15.44%	0.00%
DL5	-nan%	-nan%	-nan%	-nan%	-nan%	-nan%


Tabela Comparativa das Profundidades - Valores Absolutos (FRAME 41)
	AV1
HEVC	DL0	DL1	DL2	DL3	DL4	DL5
DL1	0	4864	1280	0	0	0
DL2	0	2200	35170	6374	288	0
DL3	0	868	22054	27982	2360	0
DL4	0	316	5020	11070	3034	0
DL5	0	0	0	0	0	0
Tabela Comparativa das Profundidades - Porcentagens (FRAME 41)
	AV1
HEVC	DL0	DL1	DL2	DL3	DL4	DL5
DL1	0.00%	79.17%	20.83%	0.00%	0.00%	0.00%
DL2	0.00%	5.00%	79.87%	14.48%	0.65%	0.00%
DL3	0.00%	1.63%	41.41%	52.53%	4.43%	0.00%
DL4	0.00%	1.63%	25.82%	56.94%	15.61%	0.00%
DL5	-nan%	-nan%	-nan%	-nan%	-nan%	-nan%


Tabela Comparativa das Profundidades - Valores Absolutos (FRAME 42)
	AV1
HEVC	DL0	DL1	DL2	DL3	DL4	DL5
DL1	0	8960	3012	316	0	0
DL2	0	4144	39956	8572	192	0
DL3	0	1296	19774	25558	1084	0
DL4	0	224	3446	5070	1276	0
DL5	0	0	0	0	0	0
Tabela Comparativa das Profundidades - Porcentagens (FRAME 42)
	AV1
HEVC	DL0	DL1	DL2	DL3	DL4	DL5
DL1	0.00%	72.92%	24.51%	2.57%	0.00%	0.00%
DL2	0.00%	7.84%	75.58%	16.22%	0.36%	0.00%
DL3	0.00%	2.72%	41.44%	53.57%	2.27%	0.00%
DL4	0.00%	2.24%	34.40%	50.62%	12.74%	0.00%
DL5	-nan%	-nan%	-nan%	-nan%	-nan%	-nan%


Tabela Comparativa das Profundidades - Valores Absolutos (FRAME 43)
	AV1
HEVC	DL0	DL1	DL2	DL3	DL4	DL5
DL1	0	13984	5376	352	0	0
DL2	0	9123	52501	7080	160	0
DL3	0	2776	15836	8552	772	0
DL4	0	959	2869	1916	624	0
DL5	0	0	0	0	0	0
Tabela Comparativa das Profundidades - Porcentagens (FRAME 43)
	AV1
HEVC	DL0	DL1	DL2	DL3	DL4	DL5
DL1	0.00%	70.94%	27.27%	1.79%	0.00%	0.00%
DL2	0.00%	13.25%	76.24%	10.28%	0.23%	0.00%
DL3	0.00%	9.94%	56.69%	30.61%	2.76%	0.00%
DL4	0.00%	15.06%	45.05%	30.09%	9.80%	0.00%
DL5	-nan%	-nan%	-nan%	-nan%	-nan%	-nan%


Tabela Comparativa das Profundidades - Valores Absolutos (FRAME 44)
	AV1
HEVC	DL0	DL1	DL2	DL3	DL4	DL5
DL1	0	10964	5996	448	0	0
DL2	0	7376	63872	5192	168	0
DL3	0	1776	13888	6936	392	0
DL4	0	524	3156	1908	284	0
DL5	0	0	0	0	0	0
Tabela Comparativa das Profundidades - Porcentagens (FRAME 44)
	AV1
HEVC	DL0	DL1	DL2	DL3	DL4	DL5
DL1	0.00%	62.98%	34.44%	2.57%	0.00%	0.00%
DL2	0.00%	9.63%	83.38%	6.78%	0.22%	0.00%
DL3	0.00%	7.72%	60.40%	30.17%	1.70%	0.00%
DL4	0.00%	8.92%	53.75%	32.49%	4.84%	0.00%
DL5	-nan%	-nan%	-nan%	-nan%	-nan%	-nan%


Tabela Comparativa das Profundidades - Valores Absolutos (FRAME 45)
	AV1
HEVC	DL0	DL1	DL2	DL3	DL4	DL5
DL1	0	2816	1344	448	0	0
DL2	0	3192	41432	12788	380	0
DL3	0	2488	19876	26040	1452	0
DL4	0	616	3148	5824	1036	0
DL5	0	0	0	0	0	0
Tabela Comparativa das Profundidades - Porcentagens (FRAME 45)
	AV1
HEVC	DL0	DL1	DL2	DL3	DL4	DL5
DL1	0.00%	61.11%	29.17%	9.72%	0.00%	0.00%
DL2	0.00%	5.52%	71.69%	22.13%	0.66%	0.00%
DL3	0.00%	4.99%	39.87%	52.23%	2.91%	0.00%
DL4	0.00%	5.80%	29.63%	54.82%	9.75%	0.00%
DL5	-nan%	-nan%	-nan%	-nan%	-nan%	-nan%


Tabela Comparativa das Profundidades - Valores Absolutos (FRAME 46)
	AV1
HEVC	DL0	DL1	DL2	DL3	DL4	DL5
DL1	0	16384	6784	384	0	0
DL2	0	7232	61056	5584	240	0
DL3	0	1360	12704	7600	368	0
DL4	0	112	1760	912	400	0
DL5	0	0	0	0	0	0
Tabela Comparativa das Profundidades - Porcentagens (FRAME 46)
	AV1
HEVC	DL0	DL1	DL2	DL3	DL4	DL5
DL1	0.00%	69.57%	28.80%	1.63%	0.00%	0.00%
DL2	0.00%	9.76%	82.38%	7.53%	0.32%	0.00%
DL3	0.00%	6.17%	57.66%	34.50%	1.67%	0.00%
DL4	0.00%	3.52%	55.28%	28.64%	12.56%	0.00%
DL5	-nan%	-nan%	-nan%	-nan%	-nan%	-nan%


Tabela Comparativa das Profundidades - Valores Absolutos (FRAME 47)
	AV1
HEVC	DL0	DL1	DL2	DL3	DL4	DL5
DL1	0	15044	7452	288	0	0
DL2	0	8640	60792	5920	232	0
DL3	0	1528	11000	6868	364	0
DL4	0	548	2136	1772	296	0
DL5	0	0	0	0	0	0
Tabela Comparativa das Profundidades - Porcentagens (FRAME 47)
	AV1
HEVC	DL0	DL1	DL2	DL3	DL4	DL5
DL1	0.00%	66.03%	32.71%	1.26%	0.00%	0.00%
DL2	0.00%	11.43%	80.43%	7.83%	0.31%	0.00%
DL3	0.00%	7.73%	55.67%	34.76%	1.84%	0.00%
DL4	0.00%	11.53%	44.95%	37.29%	6.23%	0.00%
DL5	-nan%	-nan%	-nan%	-nan%	-nan%	-nan%


Tabela Comparativa das Profundidades - Valores Absolutos (FRAME 48)
	AV1
HEVC	DL0	DL1	DL2	DL3	DL4	DL5
DL1	0	4560	1904	176	16	0
DL2	0	5264	44920	7988	452	0
DL3	0	1776	19880	20408	1328	0
DL4	0	836	6160	6116	1096	0
DL5	0	0	0	0	0	0
Tabela Comparativa das Profundidades - Porcentagens (FRAME 48)
	AV1
HEVC	DL0	DL1	DL2	DL3	DL4	DL5
DL1	0.00%	68.51%	28.61%	2.64%	0.24%	0.00%
DL2	0.00%	8.98%	76.62%	13.63%	0.77%	0.00%
DL3	0.00%	4.09%	45.81%	47.03%	3.06%	0.00%
DL4	0.00%	5.88%	43.36%	43.05%	7.71%	0.00%
DL5	-nan%	-nan%	-nan%	-nan%	-nan%	-nan%


Tabela Comparativa das Profundidades - Valores Absolutos (FRAME 49)
	AV1
HEVC	DL0	DL1	DL2	DL3	DL4	DL5
DL1	0	6400	1088	704	0	0
DL2	0	3152	41508	7348	344	0
DL3	0	2660	21504	24564	1304	0
DL4	0	552	3854	6110	1788	0
DL5	0	0	0	0	0	0
Tabela Comparativa das Profundidades - Porcentagens (FRAME 49)
	AV1
HEVC	DL0	DL1	DL2	DL3	DL4	DL5
DL1	0.00%	78.12%	13.28%	8.59%	0.00%	0.00%
DL2	0.00%	6.02%	79.29%	14.04%	0.66%	0.00%
DL3	0.00%	5.32%	42.98%	49.10%	2.61%	0.00%
DL4	0.00%	4.49%	31.32%	49.66%	14.53%	0.00%
DL5	-nan%	-nan%	-nan%	-nan%	-nan%	-nan%


Tabela Comparativa das Profundidades - Valores Absolutos (FRAME 50)
	AV1
HEVC	DL0	DL1	DL2	DL3	DL4	DL5
DL1	0	15112	3384	192	0	0
DL2	0	5944	47936	8652	316	0
DL3	0	1488	13016	18244	1156	0
DL4	0	300	2356	4096	688	0
DL5	0	0	0	0	0	0
Tabela Comparativa das Profundidades - Porcentagens (FRAME 50)
	AV1
HEVC	DL0	DL1	DL2	DL3	DL4	DL5
DL1	0.00%	80.86%	18.11%	1.03%	0.00%	0.00%
DL2	0.00%	9.46%	76.27%	13.77%	0.50%	0.00%
DL3	0.00%	4.39%	38.39%	53.81%	3.41%	0.00%
DL4	0.00%	4.03%	31.67%	55.05%	9.25%	0.00%
DL5	-nan%	-nan%	-nan%	-nan%	-nan%	-nan%


Tabela Comparativa das Profundidades - Valores Absolutos (FRAME 51)
	AV1
HEVC	DL0	DL1	DL2	DL3	DL4	DL5
DL1	0	16544	6064	432	0	0
DL2	0	7490	63442	4676	168	0
DL3	0	1714	10662	5932	476	0
DL4	0	908	2312	1544	516	0
DL5	0	0	0	0	0	0
Tabela Comparativa das Profundidades - Porcentagens (FRAME 51)
	AV1
HEVC	DL0	DL1	DL2	DL3	DL4	DL5
DL1	0.00%	71.81%	26.32%	1.88%	0.00%	0.00%
DL2	0.00%	9.88%	83.72%	6.17%	0.22%	0.00%
DL3	0.00%	9.12%	56.76%	31.58%	2.53%	0.00%
DL4	0.00%	17.20%	43.79%	29.24%	9.77%	0.00%
DL5	-nan%	-nan%	-nan%	-nan%	-nan%	-nan%


Tabela Comparativa das Profundidades - Valores Absolutos (FRAME 52)
	AV1
HEVC	DL0	DL1	DL2	DL3	DL4	DL5
DL1	0	10664	3584	600	0	0
DL2	0	7520	56504	6792	32	0
DL3	0	2128	15144	12888	368	0
DL4	0	588	2472	3076	520	0
DL5	0	0	0	0	0	0
Tabela Comparativa das Profundidades - Porcentagens (FRAME 52)
	AV1
HEVC	DL0	DL1	DL2	DL3	DL4	DL5
DL1	0.00%	71.82%	24.14%	4.04%	0.00%	0.00%
DL2	0.00%	10.61%	79.75%	9.59%	0.05%	0.00%
DL3	0.00%	6.97%	49.61%	42.22%	1.21%	0.00%
DL4	0.00%	8.83%	37.14%	46.21%	7.81%	0.00%
DL5	-nan%	-nan%	-nan%	-nan%	-nan%	-nan%


Tabela Comparativa das Profundidades - Valores Absolutos (FRAME 53)
	AV1
HEVC	DL0	DL1	DL2	DL3	DL4	DL5
DL1	0	3072	2752	64	0	0
DL2	0	2616	50536	7952	144	0
DL3	0	1544	20550	24490	424	0
DL4	0	244	3480	4440	572	0
DL5	0	0	0	0	0	0
Tabela Comparativa das Profundidades - Porcentagens (FRAME 53)
	AV1
HEVC	DL0	DL1	DL2	DL3	DL4	DL5
DL1	0.00%	52.17%	46.74%	1.09%	0.00%	0.00%
DL2	0.00%	4.27%	82.51%	12.98%	0.24%	0.00%
DL3	0.00%	3.28%	43.72%	52.10%	0.90%	0.00%
DL4	0.00%	2.79%	39.84%	50.82%	6.55%	0.00%
DL5	-nan%	-nan%	-nan%	-nan%	-nan%	-nan%


Tabela Comparativa das Profundidades - Valores Absolutos (FRAME 54)
	AV1
HEVC	DL0	DL1	DL2	DL3	DL4	DL5
DL1	0	12160	7104	448	0	0
DL2	0	7464	65720	3920	272	0
DL3	0	1728	12544	5968	368	0
DL4	0	496	2904	1400	384	0
DL5	0	0	0	0	0	0
Tabela Comparativa das Profundidades - Porcentagens (FRAME 54)
	AV1
HEVC	DL0	DL1	DL2	DL3	DL4	DL5
DL1	0.00%	61.69%	36.04%	2.27%	0.00%	0.00%
DL2	0.00%	9.65%	84.94%	5.07%	0.35%	0.00%
DL3	0.00%	8.39%	60.87%	28.96%	1.79%	0.00%
DL4	0.00%	9.57%	56.02%	27.01%	7.41%	0.00%
DL5	-nan%	-nan%	-nan%	-nan%	-nan%	-nan%


Tabela Comparativa das Profundidades - Valores Absolutos (FRAME 55)
	AV1
HEVC	DL0	DL1	DL2	DL3	DL4	DL5
DL1	0	16896	5632	256	0	0
DL2	0	9664	68736	3632	16	0
DL3	0	1280	8496	6208	112	0
DL4	0	64	656	1056	176	0
DL5	0	0	0	0	0	0
Tabela Comparativa das Profundidades - Porcentagens (FRAME 55)
	AV1
HEVC	DL0	DL1	DL2	DL3	DL4	DL5
DL1	0.00%	74.16%	24.72%	1.12%	0.00%	0.00%
DL2	0.00%	11.78%	83.78%	4.43%	0.02%	0.00%
DL3	0.00%	7.95%	52.78%	38.57%	0.70%	0.00%
DL4	0.00%	3.28%	33.61%	54.10%	9.02%	0.00%
DL5	-nan%	-nan%	-nan%	-nan%	-nan%	-nan%


Tabela Comparativa das Profundidades - Valores Absolutos (FRAME 56)
	AV1
HEVC	DL0	DL1	DL2	DL3	DL4	DL5
DL1	0	1352	1976	736	32	0
DL2	0	1688	29748	8148	928	0
DL3	0	1328	20800	22688	3872	0
DL4	0	744	7436	12928	8476	0
DL5	0	0	0	0	0	0
Tabela Comparativa das Profundidades - Porcentagens (FRAME 56)
	AV1
HEVC	DL0	DL1	DL2	DL3	DL4	DL5
DL1	0.00%	33.01%	48.24%	17.97%	0.78%	0.00%
DL2	0.00%	4.17%	73.43%	20.11%	2.29%	0.00%
DL3	0.00%	2.73%	42.72%	46.60%	7.95%	0.00%
DL4	0.00%	2.51%	25.14%	43.70%	28.65%	0.00%
DL5	-nan%	-nan%	-nan%	-nan%	-nan%	-nan%


Tabela Comparativa das Profundidades - Valores Absolutos (FRAME 57)
	AV1
HEVC	DL0	DL1	DL2	DL3	DL4	DL5
DL1	0	2560	1728	64	0	0
DL2	0	2240	38732	8088	604	0
DL3	0	752	21585	20667	2132	0
DL4	0	336	8580	9764	5048	0
DL5	0	0	0	0	0	0
Tabela Comparativa das Profundidades - Porcentagens (FRAME 57)
	AV1
HEVC	DL0	DL1	DL2	DL3	DL4	DL5
DL1	0.00%	58.82%	39.71%	1.47%	0.00%	0.00%
DL2	0.00%	4.51%	77.99%	16.29%	1.22%	0.00%
DL3	0.00%	1.67%	47.82%	45.79%	4.72%	0.00%
DL4	0.00%	1.42%	36.16%	41.15%	21.27%	0.00%
DL5	-nan%	-nan%	-nan%	-nan%	-nan%	-nan%


Tabela Comparativa das Profundidades - Valores Absolutos (FRAME 58)
	AV1
HEVC	DL0	DL1	DL2	DL3	DL4	DL5
DL1	0	4608	960	64	0	0
DL2	0	3536	41408	8960	304	0
DL3	0	1200	19808	28168	1768	0
DL4	0	288	3412	6648	1748	0
DL5	0	0	0	0	0	0
Tabela Comparativa das Profundidades - Porcentagens (FRAME 58)
	AV1
HEVC	DL0	DL1	DL2	DL3	DL4	DL5
DL1	0.00%	81.82%	17.05%	1.14%	0.00%	0.00%
DL2	0.00%	6.52%	76.39%	16.53%	0.56%	0.00%
DL3	0.00%	2.36%	38.88%	55.29%	3.47%	0.00%
DL4	0.00%	2.38%	28.21%	54.96%	14.45%	0.00%
DL5	-nan%	-nan%	-nan%	-nan%	-nan%	-nan%


Tabela Comparativa das Profundidades - Valores Absolutos (FRAME 59)
	AV1
HEVC	DL0	DL1	DL2	DL3	DL4	DL5
DL1	0	6656	2496	320	0	0
DL2	0	6136	46942	7146	192	0
DL3	0	2028	19216	22162	866	0
DL4	0	492	3472	3936	820	0
DL5	0	0	0	0	0	0
Tabela Comparativa das Profundidades - Porcentagens (FRAME 59)
	AV1
HEVC	DL0	DL1	DL2	DL3	DL4	DL5
DL1	0.00%	70.27%	26.35%	3.38%	0.00%	0.00%
DL2	0.00%	10.16%	77.70%	11.83%	0.32%	0.00%
DL3	0.00%	4.58%	43.40%	50.06%	1.96%	0.00%
DL4	0.00%	5.64%	39.82%	45.14%	9.40%	0.00%
DL5	-nan%	-nan%	-nan%	-nan%	-nan%	-nan%


Tabela Comparativa das Profundidades - Valores Absolutos (FRAME 60)
	AV1
HEVC	DL0	DL1	DL2	DL3	DL4	DL5
DL1	0	11912	4280	688	16	0
DL2	0	5528	47148	8748	208	0
DL3	0	2160	17532	17204	544	0
DL4	0	416	2468	3384	644	0
DL5	0	0	0	0	0	0
Tabela Comparativa das Profundidades - Porcentagens (FRAME 60)
	AV1
HEVC	DL0	DL1	DL2	DL3	DL4	DL5
DL1	0.00%	70.50%	25.33%	4.07%	0.09%	0.00%
DL2	0.00%	8.97%	76.50%	14.19%	0.34%	0.00%
DL3	0.00%	5.77%	46.83%	45.95%	1.45%	0.00%
DL4	0.00%	6.02%	35.71%	48.96%	9.32%	0.00%
DL5	-nan%	-nan%	-nan%	-nan%	-nan%	-nan%


