Tabela Comparativa das Profundidades - Valores Absolutos (FRAME  1)
	AV1
HEVC	DL0	DL1	DL2	DL3	DL4	DL5
DL1	0	136704	12736	1664	192	0
DL2	0	22592	161152	19568	4496	0
DL3	0	7392	42896	54704	9632	0
DL4	0	2528	10608	19104	18320	0
DL5	0	0	0	0	0	0
Tabela Comparativa das Profundidades - Porcentagens (FRAME  1)
	AV1
HEVC	DL0	DL1	DL2	DL3	DL4	DL5
DL1	0.00%	90.36%	8.42%	1.10%	0.13%	0.00%
DL2	0.00%	10.87%	77.55%	9.42%	2.16%	0.00%
DL3	0.00%	6.45%	37.42%	47.72%	8.40%	0.00%
DL4	0.00%	5.00%	20.98%	37.78%	36.23%	0.00%
DL5	-nan%	-nan%	-nan%	-nan%	-nan%	-nan%


Tabela Comparativa das Profundidades - Valores Absolutos (FRAME  2)
	AV1
HEVC	DL0	DL1	DL2	DL3	DL4	DL5
DL1	0	202496	20224	1232	48	0
DL2	0	49600	136236	7172	592	0
DL3	0	11412	50250	18712	1642	0
DL4	0	1806	15332	6294	1240	0
DL5	0	0	0	0	0	0
Tabela Comparativa das Profundidades - Porcentagens (FRAME  2)
	AV1
HEVC	DL0	DL1	DL2	DL3	DL4	DL5
DL1	0.00%	90.40%	9.03%	0.55%	0.02%	0.00%
DL2	0.00%	25.62%	70.37%	3.70%	0.31%	0.00%
DL3	0.00%	13.91%	61.27%	22.82%	2.00%	0.00%
DL4	0.00%	7.32%	62.14%	25.51%	5.03%	0.00%
DL5	-nan%	-nan%	-nan%	-nan%	-nan%	-nan%


Tabela Comparativa das Profundidades - Valores Absolutos (FRAME  3)
	AV1
HEVC	DL0	DL1	DL2	DL3	DL4	DL5
DL1	0	172800	13184	624	16	0
DL2	0	44920	147302	8818	880	0
DL3	0	12320	67440	19600	1760	0
DL4	0	1760	21904	8480	2480	0
DL5	0	0	0	0	0	0
Tabela Comparativa das Profundidades - Porcentagens (FRAME  3)
	AV1
HEVC	DL0	DL1	DL2	DL3	DL4	DL5
DL1	0.00%	92.59%	7.06%	0.33%	0.01%	0.00%
DL2	0.00%	22.25%	72.95%	4.37%	0.44%	0.00%
DL3	0.00%	12.18%	66.69%	19.38%	1.74%	0.00%
DL4	0.00%	5.08%	63.26%	24.49%	7.16%	0.00%
DL5	-nan%	-nan%	-nan%	-nan%	-nan%	-nan%


Tabela Comparativa das Profundidades - Valores Absolutos (FRAME  4)
	AV1
HEVC	DL0	DL1	DL2	DL3	DL4	DL5
DL1	3584	221440	18432	624	144	0
DL2	256	50686	124690	9616	608	0
DL3	256	12334	42754	20096	1488	0
DL4	0	1024	9168	5424	1664	0
DL5	0	0	0	0	0	0
Tabela Comparativa das Profundidades - Porcentagens (FRAME  4)
	AV1
HEVC	DL0	DL1	DL2	DL3	DL4	DL5
DL1	1.47%	90.67%	7.55%	0.26%	0.06%	0.00%
DL2	0.14%	27.27%	67.09%	5.17%	0.33%	0.00%
DL3	0.33%	16.03%	55.58%	26.12%	1.93%	0.00%
DL4	0.00%	5.93%	53.06%	31.39%	9.63%	0.00%
DL5	-nan%	-nan%	-nan%	-nan%	-nan%	-nan%


Tabela Comparativa das Profundidades - Valores Absolutos (FRAME  5)
	AV1
HEVC	DL0	DL1	DL2	DL3	DL4	DL5
DL1	0	282880	14528	832	0	0
DL2	0	54784	102096	9024	304	0
DL3	0	11776	24432	15104	848	0
DL4	0	896	3280	2784	720	0
DL5	0	0	0	0	0	0
Tabela Comparativa das Profundidades - Porcentagens (FRAME  5)
	AV1
HEVC	DL0	DL1	DL2	DL3	DL4	DL5
DL1	0.00%	94.85%	4.87%	0.28%	0.00%	0.00%
DL2	0.00%	32.96%	61.43%	5.43%	0.18%	0.00%
DL3	0.00%	22.58%	46.84%	28.96%	1.63%	0.00%
DL4	0.00%	11.67%	42.71%	36.25%	9.38%	0.00%
DL5	-nan%	-nan%	-nan%	-nan%	-nan%	-nan%


Tabela Comparativa das Profundidades - Valores Absolutos (FRAME  6)
	AV1
HEVC	DL0	DL1	DL2	DL3	DL4	DL5
DL1	0	331520	17344	1072	16	0
DL2	0	51904	79808	3744	32	0
DL3	0	10304	18400	6880	32	0
DL4	0	544	1664	944	80	0
DL5	0	0	0	0	0	0
Tabela Comparativa das Profundidades - Porcentagens (FRAME  6)
	AV1
HEVC	DL0	DL1	DL2	DL3	DL4	DL5
DL1	0.00%	94.73%	4.96%	0.31%	0.00%	0.00%
DL2	0.00%	38.31%	58.90%	2.76%	0.02%	0.00%
DL3	0.00%	28.93%	51.66%	19.32%	0.09%	0.00%
DL4	0.00%	16.83%	51.49%	29.21%	2.48%	0.00%
DL5	-nan%	-nan%	-nan%	-nan%	-nan%	-nan%


Tabela Comparativa das Profundidades - Valores Absolutos (FRAME  7)
	AV1
HEVC	DL0	DL1	DL2	DL3	DL4	DL5
DL1	0	340224	16448	928	32	0
DL2	0	37376	78016	5392	304	0
DL3	0	10608	19456	9680	496	0
DL4	0	368	2400	2080	480	0
DL5	0	0	0	0	0	0
Tabela Comparativa das Profundidades - Porcentagens (FRAME  7)
	AV1
HEVC	DL0	DL1	DL2	DL3	DL4	DL5
DL1	0.00%	95.13%	4.60%	0.26%	0.01%	0.00%
DL2	0.00%	30.87%	64.43%	4.45%	0.25%	0.00%
DL3	0.00%	26.36%	48.35%	24.06%	1.23%	0.00%
DL4	0.00%	6.91%	45.05%	39.04%	9.01%	0.00%
DL5	-nan%	-nan%	-nan%	-nan%	-nan%	-nan%


Tabela Comparativa das Profundidades - Valores Absolutos (FRAME  8)
	AV1
HEVC	DL0	DL1	DL2	DL3	DL4	DL5
DL1	0	308224	14688	672	0	0
DL2	0	46264	85756	7684	520	0
DL3	0	11152	19808	17456	1568	0
DL4	0	528	3728	4480	1760	0
DL5	0	0	0	0	0	0
Tabela Comparativa das Profundidades - Porcentagens (FRAME  8)
	AV1
HEVC	DL0	DL1	DL2	DL3	DL4	DL5
DL1	0.00%	95.25%	4.54%	0.21%	0.00%	0.00%
DL2	0.00%	32.99%	61.16%	5.48%	0.37%	0.00%
DL3	0.00%	22.31%	39.63%	34.92%	3.14%	0.00%
DL4	0.00%	5.03%	35.52%	42.68%	16.77%	0.00%
DL5	-nan%	-nan%	-nan%	-nan%	-nan%	-nan%


Tabela Comparativa das Profundidades - Valores Absolutos (FRAME  9)
	AV1
HEVC	DL0	DL1	DL2	DL3	DL4	DL5
DL1	0	317520	14304	672	48	0
DL2	0	39920	87520	7280	320	0
DL3	0	10944	20176	16400	560	0
DL4	0	544	2848	4352	880	0
DL5	0	0	0	0	0	0
Tabela Comparativa das Profundidades - Porcentagens (FRAME  9)
	AV1
HEVC	DL0	DL1	DL2	DL3	DL4	DL5
DL1	0.00%	95.48%	4.30%	0.20%	0.01%	0.00%
DL2	0.00%	29.56%	64.81%	5.39%	0.24%	0.00%
DL3	0.00%	22.76%	41.96%	34.11%	1.16%	0.00%
DL4	0.00%	6.31%	33.02%	50.46%	10.20%	0.00%
DL5	-nan%	-nan%	-nan%	-nan%	-nan%	-nan%


Tabela Comparativa das Profundidades - Valores Absolutos (FRAME 10)
	AV1
HEVC	DL0	DL1	DL2	DL3	DL4	DL5
DL1	0	350976	13552	992	48	0
DL2	0	33865	65559	7136	512	0
DL3	0	10852	16060	15680	1056	0
DL4	0	460	2612	4032	896	0
DL5	0	0	0	0	0	0
Tabela Comparativa das Profundidades - Porcentagens (FRAME 10)
	AV1
HEVC	DL0	DL1	DL2	DL3	DL4	DL5
DL1	0.00%	96.01%	3.71%	0.27%	0.01%	0.00%
DL2	0.00%	31.63%	61.23%	6.66%	0.48%	0.00%
DL3	0.00%	24.86%	36.79%	35.92%	2.42%	0.00%
DL4	0.00%	5.75%	32.65%	50.40%	11.20%	0.00%
DL5	-nan%	-nan%	-nan%	-nan%	-nan%	-nan%


Tabela Comparativa das Profundidades - Valores Absolutos (FRAME 11)
	AV1
HEVC	DL0	DL1	DL2	DL3	DL4	DL5
DL1	0	346688	12416	1024	64	0
DL2	0	35448	70472	6928	752	0
DL3	0	10632	15464	14160	1328	0
DL4	0	624	2928	3792	1568	0
DL5	0	0	0	0	0	0
Tabela Comparativa das Profundidades - Porcentagens (FRAME 11)
	AV1
HEVC	DL0	DL1	DL2	DL3	DL4	DL5
DL1	0.00%	96.25%	3.45%	0.28%	0.02%	0.00%
DL2	0.00%	31.20%	62.04%	6.10%	0.66%	0.00%
DL3	0.00%	25.57%	37.19%	34.05%	3.19%	0.00%
DL4	0.00%	7.00%	32.85%	42.55%	17.59%	0.00%
DL5	-nan%	-nan%	-nan%	-nan%	-nan%	-nan%


Tabela Comparativa das Profundidades - Valores Absolutos (FRAME 12)
	AV1
HEVC	DL0	DL1	DL2	DL3	DL4	DL5
DL1	0	248320	19520	880	80	0
DL2	0	49016	120832	8296	416	0
DL3	0	11784	30528	19572	1604	0
DL4	0	912	4864	5712	1952	0
DL5	0	0	0	0	0	0
Tabela Comparativa das Profundidades - Porcentagens (FRAME 12)
	AV1
HEVC	DL0	DL1	DL2	DL3	DL4	DL5
DL1	0.00%	92.38%	7.26%	0.33%	0.03%	0.00%
DL2	0.00%	27.45%	67.67%	4.65%	0.23%	0.00%
DL3	0.00%	18.56%	48.08%	30.83%	2.53%	0.00%
DL4	0.00%	6.79%	36.19%	42.50%	14.52%	0.00%
DL5	-nan%	-nan%	-nan%	-nan%	-nan%	-nan%


Tabela Comparativa das Profundidades - Valores Absolutos (FRAME 13)
	AV1
HEVC	DL0	DL1	DL2	DL3	DL4	DL5
DL1	0	308224	15744	384	0	0
DL2	0	42360	86712	5584	320	0
DL3	0	11328	23424	16656	1504	0
DL4	0	864	4688	4976	1520	0
DL5	0	0	0	0	0	0
Tabela Comparativa das Profundidades - Porcentagens (FRAME 13)
	AV1
HEVC	DL0	DL1	DL2	DL3	DL4	DL5
DL1	0.00%	95.03%	4.85%	0.12%	0.00%	0.00%
DL2	0.00%	31.38%	64.24%	4.14%	0.24%	0.00%
DL3	0.00%	21.41%	44.27%	31.48%	2.84%	0.00%
DL4	0.00%	7.17%	38.91%	41.30%	12.62%	0.00%
DL5	-nan%	-nan%	-nan%	-nan%	-nan%	-nan%


Tabela Comparativa das Profundidades - Valores Absolutos (FRAME 14)
	AV1
HEVC	DL0	DL1	DL2	DL3	DL4	DL5
DL1	256	349744	9520	816	112	0
DL2	320	35712	61600	7008	320	0
DL3	140	12580	18688	15328	1280	0
DL4	16	944	4112	4704	1088	0
DL5	0	0	0	0	0	0
Tabela Comparativa das Profundidades - Porcentagens (FRAME 14)
	AV1
HEVC	DL0	DL1	DL2	DL3	DL4	DL5
DL1	0.07%	97.03%	2.64%	0.23%	0.03%	0.00%
DL2	0.30%	34.02%	58.69%	6.68%	0.30%	0.00%
DL3	0.29%	26.20%	38.92%	31.92%	2.67%	0.00%
DL4	0.15%	8.69%	37.85%	43.30%	10.01%	0.00%
DL5	-nan%	-nan%	-nan%	-nan%	-nan%	-nan%


Tabela Comparativa das Profundidades - Valores Absolutos (FRAME 15)
	AV1
HEVC	DL0	DL1	DL2	DL3	DL4	DL5
DL1	0	335360	15808	528	48	0
DL2	0	35072	76928	5904	368	0
DL3	0	11728	19856	13280	1040	0
DL4	0	480	3408	3600	880	0
DL5	0	0	0	0	0	0
Tabela Comparativa das Profundidades - Porcentagens (FRAME 15)
	AV1
HEVC	DL0	DL1	DL2	DL3	DL4	DL5
DL1	0.00%	95.34%	4.49%	0.15%	0.01%	0.00%
DL2	0.00%	29.65%	65.04%	4.99%	0.31%	0.00%
DL3	0.00%	25.55%	43.26%	28.93%	2.27%	0.00%
DL4	0.00%	5.74%	40.73%	43.02%	10.52%	0.00%
DL5	-nan%	-nan%	-nan%	-nan%	-nan%	-nan%


Tabela Comparativa das Profundidades - Valores Absolutos (FRAME 16)
	AV1
HEVC	DL0	DL1	DL2	DL3	DL4	DL5
DL1	0	329728	14976	384	0	0
DL2	0	42816	84704	3136	96	0
DL3	0	10848	18048	12256	864	0
DL4	0	672	2112	2528	1120	0
DL5	0	0	0	0	0	0
Tabela Comparativa das Profundidades - Porcentagens (FRAME 16)
	AV1
HEVC	DL0	DL1	DL2	DL3	DL4	DL5
DL1	0.00%	95.55%	4.34%	0.11%	0.00%	0.00%
DL2	0.00%	32.75%	64.78%	2.40%	0.07%	0.00%
DL3	0.00%	25.82%	42.96%	29.17%	2.06%	0.00%
DL4	0.00%	10.45%	32.84%	39.30%	17.41%	0.00%
DL5	-nan%	-nan%	-nan%	-nan%	-nan%	-nan%


Tabela Comparativa das Profundidades - Valores Absolutos (FRAME 17)
	AV1
HEVC	DL0	DL1	DL2	DL3	DL4	DL5
DL1	0	339456	17216	1216	0	0
DL2	0	44672	78464	5280	32	0
DL3	0	10656	12848	10048	480	0
DL4	0	240	1568	1584	528	0
DL5	0	0	0	0	0	0
Tabela Comparativa das Profundidades - Porcentagens (FRAME 17)
	AV1
HEVC	DL0	DL1	DL2	DL3	DL4	DL5
DL1	0.00%	94.85%	4.81%	0.34%	0.00%	0.00%
DL2	0.00%	34.78%	61.09%	4.11%	0.02%	0.00%
DL3	0.00%	31.31%	37.75%	29.53%	1.41%	0.00%
DL4	0.00%	6.12%	40.00%	40.41%	13.47%	0.00%
DL5	-nan%	-nan%	-nan%	-nan%	-nan%	-nan%


Tabela Comparativa das Profundidades - Valores Absolutos (FRAME 18)
	AV1
HEVC	DL0	DL1	DL2	DL3	DL4	DL5
DL1	0	411648	8896	320	0	0
DL2	0	20992	54080	2864	16	0
DL3	0	3216	10464	8560	160	0
DL4	0	368	1120	1376	208	0
DL5	0	0	0	0	0	0
Tabela Comparativa das Profundidades - Porcentagens (FRAME 18)
	AV1
HEVC	DL0	DL1	DL2	DL3	DL4	DL5
DL1	0.00%	97.81%	2.11%	0.08%	0.00%	0.00%
DL2	0.00%	26.93%	69.38%	3.67%	0.02%	0.00%
DL3	0.00%	14.36%	46.71%	38.21%	0.71%	0.00%
DL4	0.00%	11.98%	36.46%	44.79%	6.77%	0.00%
DL5	-nan%	-nan%	-nan%	-nan%	-nan%	-nan%


Tabela Comparativa das Profundidades - Valores Absolutos (FRAME 19)
	AV1
HEVC	DL0	DL1	DL2	DL3	DL4	DL5
DL1	1024	134912	14592	816	208	0
DL2	1792	36356	151584	9068	1008	0
DL3	208	17104	74320	22832	2752	0
DL4	48	3728	31424	15760	4752	0
DL5	0	0	0	0	0	0
Tabela Comparativa das Profundidades - Porcentagens (FRAME 19)
	AV1
HEVC	DL0	DL1	DL2	DL3	DL4	DL5
DL1	0.68%	89.02%	9.63%	0.54%	0.14%	0.00%
DL2	0.90%	18.20%	75.86%	4.54%	0.50%	0.00%
DL3	0.18%	14.59%	63.40%	19.48%	2.35%	0.00%
DL4	0.09%	6.69%	56.40%	28.29%	8.53%	0.00%
DL5	-nan%	-nan%	-nan%	-nan%	-nan%	-nan%


Tabela Comparativa das Profundidades - Valores Absolutos (FRAME 20)
	AV1
HEVC	DL0	DL1	DL2	DL3	DL4	DL5
DL1	0	200192	18400	1024	32	0
DL2	0	50176	132243	6509	512	0
DL3	0	10986	56422	18480	1328	0
DL4	0	2332	16512	7076	2064	0
DL5	0	0	0	0	0	0
Tabela Comparativa das Profundidades - Porcentagens (FRAME 20)
	AV1
HEVC	DL0	DL1	DL2	DL3	DL4	DL5
DL1	0.00%	91.14%	8.38%	0.47%	0.01%	0.00%
DL2	0.00%	26.49%	69.81%	3.44%	0.27%	0.00%
DL3	0.00%	12.60%	64.69%	21.19%	1.52%	0.00%
DL4	0.00%	8.33%	59.01%	25.29%	7.38%	0.00%
DL5	-nan%	-nan%	-nan%	-nan%	-nan%	-nan%


Tabela Comparativa das Profundidades - Valores Absolutos (FRAME 21)
	AV1
HEVC	DL0	DL1	DL2	DL3	DL4	DL5
DL1	0	264192	15680	944	16	0
DL2	0	52224	112768	6560	160	0
DL3	0	12880	29328	15664	736	0
DL4	0	1040	6240	4608	1248	0
DL5	0	0	0	0	0	0
Tabela Comparativa das Profundidades - Porcentagens (FRAME 21)
	AV1
HEVC	DL0	DL1	DL2	DL3	DL4	DL5
DL1	0.00%	94.07%	5.58%	0.34%	0.01%	0.00%
DL2	0.00%	30.41%	65.67%	3.82%	0.09%	0.00%
DL3	0.00%	21.98%	50.04%	26.73%	1.26%	0.00%
DL4	0.00%	7.92%	47.50%	35.08%	9.50%	0.00%
DL5	-nan%	-nan%	-nan%	-nan%	-nan%	-nan%


Tabela Comparativa das Profundidades - Valores Absolutos (FRAME 22)
	AV1
HEVC	DL0	DL1	DL2	DL3	DL4	DL5
DL1	0	327936	17664	768	0	0
DL2	0	46595	83913	4260	144	0
DL3	0	10272	15808	10240	224	0
DL4	0	992	2496	2592	384	0
DL5	0	0	0	0	0	0
Tabela Comparativa das Profundidades - Porcentagens (FRAME 22)
	AV1
HEVC	DL0	DL1	DL2	DL3	DL4	DL5
DL1	0.00%	94.68%	5.10%	0.22%	0.00%	0.00%
DL2	0.00%	34.54%	62.20%	3.16%	0.11%	0.00%
DL3	0.00%	28.11%	43.26%	28.02%	0.61%	0.00%
DL4	0.00%	15.35%	38.61%	40.10%	5.94%	0.00%
DL5	-nan%	-nan%	-nan%	-nan%	-nan%	-nan%


Tabela Comparativa das Profundidades - Valores Absolutos (FRAME 23)
	AV1
HEVC	DL0	DL1	DL2	DL3	DL4	DL5
DL1	0	365824	14016	816	16	0
DL2	0	40648	62432	3240	112	0
DL3	0	10400	14640	7648	384	0
DL4	0	544	1840	1520	208	0
DL5	0	0	0	0	0	0
Tabela Comparativa das Profundidades - Porcentagens (FRAME 23)
	AV1
HEVC	DL0	DL1	DL2	DL3	DL4	DL5
DL1	0.00%	96.10%	3.68%	0.21%	0.00%	0.00%
DL2	0.00%	38.19%	58.66%	3.04%	0.11%	0.00%
DL3	0.00%	31.45%	44.27%	23.13%	1.16%	0.00%
DL4	0.00%	13.23%	44.75%	36.96%	5.06%	0.00%
DL5	-nan%	-nan%	-nan%	-nan%	-nan%	-nan%


Tabela Comparativa das Profundidades - Valores Absolutos (FRAME 24)
	AV1
HEVC	DL0	DL1	DL2	DL3	DL4	DL5
DL1	0	374784	12928	496	144	0
DL2	0	37552	60480	3744	240	0
DL3	0	10448	10576	7552	656	0
DL4	0	320	1968	1712	688	0
DL5	0	0	0	0	0	0
Tabela Comparativa das Profundidades - Porcentagens (FRAME 24)
	AV1
HEVC	DL0	DL1	DL2	DL3	DL4	DL5
DL1	0.00%	96.51%	3.33%	0.13%	0.04%	0.00%
DL2	0.00%	36.81%	59.28%	3.67%	0.24%	0.00%
DL3	0.00%	35.74%	36.18%	25.83%	2.24%	0.00%
DL4	0.00%	6.83%	41.98%	36.52%	14.68%	0.00%
DL5	-nan%	-nan%	-nan%	-nan%	-nan%	-nan%


Tabela Comparativa das Profundidades - Valores Absolutos (FRAME 25)
	AV1
HEVC	DL0	DL1	DL2	DL3	DL4	DL5
DL1	0	349440	14080	992	32	0
DL2	0	37376	73792	4000	288	0
DL3	0	11520	14752	10896	416	0
DL4	0	800	2336	2896	672	0
DL5	0	0	0	0	0	0
Tabela Comparativa das Profundidades - Porcentagens (FRAME 25)
	AV1
HEVC	DL0	DL1	DL2	DL3	DL4	DL5
DL1	0.00%	95.86%	3.86%	0.27%	0.01%	0.00%
DL2	0.00%	32.37%	63.91%	3.46%	0.25%	0.00%
DL3	0.00%	30.65%	39.25%	28.99%	1.11%	0.00%
DL4	0.00%	11.93%	34.84%	43.20%	10.02%	0.00%
DL5	-nan%	-nan%	-nan%	-nan%	-nan%	-nan%


Tabela Comparativa das Profundidades - Valores Absolutos (FRAME 26)
	AV1
HEVC	DL0	DL1	DL2	DL3	DL4	DL5
DL1	0	332032	15488	896	0	0
DL2	0	49144	76388	4932	480	0
DL3	0	11824	15536	9696	480	0
DL4	0	976	3136	2672	608	0
DL5	0	0	0	0	0	0
Tabela Comparativa das Profundidades - Porcentagens (FRAME 26)
	AV1
HEVC	DL0	DL1	DL2	DL3	DL4	DL5
DL1	0.00%	95.30%	4.45%	0.26%	0.00%	0.00%
DL2	0.00%	37.53%	58.34%	3.77%	0.37%	0.00%
DL3	0.00%	31.50%	41.39%	25.83%	1.28%	0.00%
DL4	0.00%	13.20%	42.42%	36.15%	8.23%	0.00%
DL5	-nan%	-nan%	-nan%	-nan%	-nan%	-nan%


Tabela Comparativa das Profundidades - Valores Absolutos (FRAME 27)
	AV1
HEVC	DL0	DL1	DL2	DL3	DL4	DL5
DL1	512	342016	15744	896	0	0
DL2	128	44664	76616	4512	352	0
DL3	112	10400	11872	10288	816	0
DL4	16	672	1632	2192	848	0
DL5	0	0	0	0	0	0
Tabela Comparativa das Profundidades - Porcentagens (FRAME 27)
	AV1
HEVC	DL0	DL1	DL2	DL3	DL4	DL5
DL1	0.14%	95.22%	4.38%	0.25%	0.00%	0.00%
DL2	0.10%	35.37%	60.68%	3.57%	0.28%	0.00%
DL3	0.33%	31.06%	35.45%	30.72%	2.44%	0.00%
DL4	0.30%	12.54%	30.45%	40.90%	15.82%	0.00%
DL5	-nan%	-nan%	-nan%	-nan%	-nan%	-nan%


Tabela Comparativa das Profundidades - Valores Absolutos (FRAME 28)
	AV1
HEVC	DL0	DL1	DL2	DL3	DL4	DL5
DL1	512	318976	14720	592	48	0
DL2	128	39664	93984	4720	384	0
DL3	128	10992	17984	12752	800	0
DL4	0	624	3168	3152	960	0
DL5	0	0	0	0	0	0
Tabela Comparativa das Profundidades - Porcentagens (FRAME 28)
	AV1
HEVC	DL0	DL1	DL2	DL3	DL4	DL5
DL1	0.15%	95.26%	4.40%	0.18%	0.01%	0.00%
DL2	0.09%	28.56%	67.67%	3.40%	0.28%	0.00%
DL3	0.30%	25.77%	42.16%	29.89%	1.88%	0.00%
DL4	0.00%	7.89%	40.08%	39.88%	12.15%	0.00%
DL5	-nan%	-nan%	-nan%	-nan%	-nan%	-nan%


Tabela Comparativa das Profundidades - Valores Absolutos (FRAME 29)
	AV1
HEVC	DL0	DL1	DL2	DL3	DL4	DL5
DL1	0	271104	17088	816	16	0
DL2	0	43520	110336	7616	256	0
DL3	0	9808	32112	18528	1104	0
DL4	0	880	4496	5088	1520	0
DL5	0	0	0	0	0	0
Tabela Comparativa das Profundidades - Porcentagens (FRAME 29)
	AV1
HEVC	DL0	DL1	DL2	DL3	DL4	DL5
DL1	0.00%	93.80%	5.91%	0.28%	0.01%	0.00%
DL2	0.00%	26.91%	68.22%	4.71%	0.16%	0.00%
DL3	0.00%	15.93%	52.17%	30.10%	1.79%	0.00%
DL4	0.00%	7.34%	37.52%	42.46%	12.68%	0.00%
DL5	-nan%	-nan%	-nan%	-nan%	-nan%	-nan%


Tabela Comparativa das Profundidades - Valores Absolutos (FRAME 30)
	AV1
HEVC	DL0	DL1	DL2	DL3	DL4	DL5
DL1	0	305408	14912	448	0	0
DL2	0	42624	96416	6688	448	0
DL3	0	10236	21828	15728	1008	0
DL4	0	528	3248	3632	1136	0
DL5	0	0	0	0	0	0
Tabela Comparativa das Profundidades - Porcentagens (FRAME 30)
	AV1
HEVC	DL0	DL1	DL2	DL3	DL4	DL5
DL1	0.00%	95.21%	4.65%	0.14%	0.00%	0.00%
DL2	0.00%	29.16%	65.96%	4.58%	0.31%	0.00%
DL3	0.00%	20.98%	44.73%	32.23%	2.07%	0.00%
DL4	0.00%	6.18%	38.01%	42.51%	13.30%	0.00%
DL5	-nan%	-nan%	-nan%	-nan%	-nan%	-nan%


Tabela Comparativa das Profundidades - Valores Absolutos (FRAME 31)
	AV1
HEVC	DL0	DL1	DL2	DL3	DL4	DL5
DL1	0	354032	14096	1248	32	0
DL2	0	40800	59904	5712	336	0
DL3	0	11192	16984	12736	704	0
DL4	0	480	2256	3184	592	0
DL5	0	0	0	0	0	0
Tabela Comparativa das Profundidades - Porcentagens (FRAME 31)
	AV1
HEVC	DL0	DL1	DL2	DL3	DL4	DL5
DL1	0.00%	95.84%	3.82%	0.34%	0.01%	0.00%
DL2	0.00%	38.22%	56.12%	5.35%	0.31%	0.00%
DL3	0.00%	26.89%	40.81%	30.60%	1.69%	0.00%
DL4	0.00%	7.37%	34.64%	48.89%	9.09%	0.00%
DL5	-nan%	-nan%	-nan%	-nan%	-nan%	-nan%


Tabela Comparativa das Profundidades - Valores Absolutos (FRAME 32)
	AV1
HEVC	DL0	DL1	DL2	DL3	DL4	DL5
DL1	256	342016	15680	1216	0	0
DL2	320	37432	71208	6144	288	0
DL3	192	11496	17432	12816	656	0
DL4	0	736	2368	3360	672	0
DL5	0	0	0	0	0	0
Tabela Comparativa das Profundidades - Porcentagens (FRAME 32)
	AV1
HEVC	DL0	DL1	DL2	DL3	DL4	DL5
DL1	0.07%	95.22%	4.37%	0.34%	0.00%	0.00%
DL2	0.28%	32.44%	61.71%	5.32%	0.25%	0.00%
DL3	0.45%	26.99%	40.93%	30.09%	1.54%	0.00%
DL4	0.00%	10.31%	33.18%	47.09%	9.42%	0.00%
DL5	-nan%	-nan%	-nan%	-nan%	-nan%	-nan%


Tabela Comparativa das Profundidades - Valores Absolutos (FRAME 33)
	AV1
HEVC	DL0	DL1	DL2	DL3	DL4	DL5
DL1	0	300784	13584	928	96	0
DL2	0	45248	97072	5248	208	0
DL3	0	9136	19296	21408	1040	0
DL4	0	368	2992	4800	2080	0
DL5	0	0	0	0	0	0
Tabela Comparativa das Profundidades - Porcentagens (FRAME 33)
	AV1
HEVC	DL0	DL1	DL2	DL3	DL4	DL5
DL1	0.00%	95.37%	4.31%	0.29%	0.03%	0.00%
DL2	0.00%	30.62%	65.69%	3.55%	0.14%	0.00%
DL3	0.00%	17.96%	37.92%	42.08%	2.04%	0.00%
DL4	0.00%	3.59%	29.22%	46.88%	20.31%	0.00%
DL5	-nan%	-nan%	-nan%	-nan%	-nan%	-nan%


Tabela Comparativa das Profundidades - Valores Absolutos (FRAME 34)
	AV1
HEVC	DL0	DL1	DL2	DL3	DL4	DL5
DL1	0	363008	12288	768	0	0
DL2	0	31936	59632	6048	112	0
DL3	0	11792	17104	12912	896	0
DL4	0	912	2480	3536	864	0
DL5	0	0	0	0	0	0
Tabela Comparativa das Profundidades - Porcentagens (FRAME 34)
	AV1
HEVC	DL0	DL1	DL2	DL3	DL4	DL5
DL1	0.00%	96.53%	3.27%	0.20%	0.00%	0.00%
DL2	0.00%	32.68%	61.02%	6.19%	0.11%	0.00%
DL3	0.00%	27.61%	40.05%	30.24%	2.10%	0.00%
DL4	0.00%	11.70%	31.83%	45.38%	11.09%	0.00%
DL5	-nan%	-nan%	-nan%	-nan%	-nan%	-nan%


Tabela Comparativa das Profundidades - Valores Absolutos (FRAME 35)
	AV1
HEVC	DL0	DL1	DL2	DL3	DL4	DL5
DL1	0	360192	12736	320	0	0
DL2	0	40640	73920	4144	272	0
DL3	0	3280	10640	11600	848	0
DL4	0	368	1776	2480	1072	0
DL5	0	0	0	0	0	0
Tabela Comparativa das Profundidades - Porcentagens (FRAME 35)
	AV1
HEVC	DL0	DL1	DL2	DL3	DL4	DL5
DL1	0.00%	96.50%	3.41%	0.09%	0.00%	0.00%
DL2	0.00%	34.16%	62.13%	3.48%	0.23%	0.00%
DL3	0.00%	12.44%	40.35%	43.99%	3.22%	0.00%
DL4	0.00%	6.46%	31.18%	43.54%	18.82%	0.00%
DL5	-nan%	-nan%	-nan%	-nan%	-nan%	-nan%


Tabela Comparativa das Profundidades - Valores Absolutos (FRAME 36)
	AV1
HEVC	DL0	DL1	DL2	DL3	DL4	DL5
DL1	256	189184	14080	768	256	0
DL2	192	45376	140928	9248	608	0
DL3	352	15216	52976	21072	1776	0
DL4	224	1584	18896	8688	2608	0
DL5	0	0	0	0	0	0
Tabela Comparativa das Profundidades - Porcentagens (FRAME 36)
	AV1
HEVC	DL0	DL1	DL2	DL3	DL4	DL5
DL1	0.13%	92.49%	6.88%	0.38%	0.13%	0.00%
DL2	0.10%	23.11%	71.77%	4.71%	0.31%	0.00%
DL3	0.39%	16.65%	57.97%	23.06%	1.94%	0.00%
DL4	0.70%	4.95%	59.05%	27.15%	8.15%	0.00%
DL5	-nan%	-nan%	-nan%	-nan%	-nan%	-nan%


Tabela Comparativa das Profundidades - Valores Absolutos (FRAME 37)
	AV1
HEVC	DL0	DL1	DL2	DL3	DL4	DL5
DL1	0	211968	15360	944	80	0
DL2	0	51918	137262	8356	672	0
DL3	0	14409	44155	17148	2400	0
DL4	0	1936	8640	6112	2928	0
DL5	0	0	0	0	0	0
Tabela Comparativa das Profundidades - Porcentagens (FRAME 37)
	AV1
HEVC	DL0	DL1	DL2	DL3	DL4	DL5
DL1	0.00%	92.83%	6.73%	0.41%	0.04%	0.00%
DL2	0.00%	26.19%	69.25%	4.22%	0.34%	0.00%
DL3	0.00%	18.45%	56.53%	21.95%	3.07%	0.00%
DL4	0.00%	9.87%	44.05%	31.16%	14.93%	0.00%
DL5	-nan%	-nan%	-nan%	-nan%	-nan%	-nan%


Tabela Comparativa das Profundidades - Valores Absolutos (FRAME 38)
	AV1
HEVC	DL0	DL1	DL2	DL3	DL4	DL5
DL1	256	258816	19712	1008	16	0
DL2	768	58944	114160	4976	288	0
DL3	0	10880	28624	13280	1024	0
DL4	0	1280	4672	4352	1232	0
DL5	0	0	0	0	0	0
Tabela Comparativa das Profundidades - Porcentagens (FRAME 38)
	AV1
HEVC	DL0	DL1	DL2	DL3	DL4	DL5
DL1	0.09%	92.50%	7.04%	0.36%	0.01%	0.00%
DL2	0.43%	32.90%	63.73%	2.78%	0.16%	0.00%
DL3	0.00%	20.22%	53.20%	24.68%	1.90%	0.00%
DL4	0.00%	11.10%	40.50%	37.73%	10.68%	0.00%
DL5	-nan%	-nan%	-nan%	-nan%	-nan%	-nan%


Tabela Comparativa das Profundidades - Valores Absolutos (FRAME 39)
	AV1
HEVC	DL0	DL1	DL2	DL3	DL4	DL5
DL1	0	295168	16640	768	0	0
DL2	0	41728	99584	6208	448	0
DL3	0	11440	24876	15668	1584	0
DL4	0	848	3568	4384	1376	0
DL5	0	0	0	0	0	0
Tabela Comparativa das Profundidades - Porcentagens (FRAME 39)
	AV1
HEVC	DL0	DL1	DL2	DL3	DL4	DL5
DL1	0.00%	94.43%	5.32%	0.25%	0.00%	0.00%
DL2	0.00%	28.20%	67.30%	4.20%	0.30%	0.00%
DL3	0.00%	21.36%	46.44%	29.25%	2.96%	0.00%
DL4	0.00%	8.33%	35.06%	43.08%	13.52%	0.00%
DL5	-nan%	-nan%	-nan%	-nan%	-nan%	-nan%


Tabela Comparativa das Profundidades - Valores Absolutos (FRAME 40)
	AV1
HEVC	DL0	DL1	DL2	DL3	DL4	DL5
DL1	0	307200	18432	256	0	0
DL2	0	49984	96864	4464	368	0
DL3	0	9776	19664	10032	896	0
DL4	0	560	2384	2496	912	0
DL5	0	0	0	0	0	0
Tabela Comparativa das Profundidades - Porcentagens (FRAME 40)
	AV1
HEVC	DL0	DL1	DL2	DL3	DL4	DL5
DL1	0.00%	94.27%	5.66%	0.08%	0.00%	0.00%
DL2	0.00%	32.95%	63.86%	2.94%	0.24%	0.00%
DL3	0.00%	24.22%	48.71%	24.85%	2.22%	0.00%
DL4	0.00%	8.82%	37.53%	39.29%	14.36%	0.00%
DL5	-nan%	-nan%	-nan%	-nan%	-nan%	-nan%


Tabela Comparativa das Profundidades - Valores Absolutos (FRAME 41)
	AV1
HEVC	DL0	DL1	DL2	DL3	DL4	DL5
DL1	0	352512	13440	384	0	0
DL2	0	42176	72064	3856	112	0
DL3	0	11400	13432	9360	416	0
DL4	0	400	1936	2336	464	0
DL5	0	0	0	0	0	0
Tabela Comparativa das Profundidades - Porcentagens (FRAME 41)
	AV1
HEVC	DL0	DL1	DL2	DL3	DL4	DL5
DL1	0.00%	96.23%	3.67%	0.10%	0.00%	0.00%
DL2	0.00%	35.68%	60.96%	3.26%	0.09%	0.00%
DL3	0.00%	32.94%	38.81%	27.05%	1.20%	0.00%
DL4	0.00%	7.79%	37.69%	45.48%	9.03%	0.00%
DL5	-nan%	-nan%	-nan%	-nan%	-nan%	-nan%


Tabela Comparativa das Profundidades - Valores Absolutos (FRAME 42)
	AV1
HEVC	DL0	DL1	DL2	DL3	DL4	DL5
DL1	0	347392	11520	512	0	0
DL2	0	45112	74312	3488	224	0
DL3	0	12720	13216	8896	976	0
DL4	0	592	1696	2640	992	0
DL5	0	0	0	0	0	0
Tabela Comparativa das Profundidades - Porcentagens (FRAME 42)
	AV1
HEVC	DL0	DL1	DL2	DL3	DL4	DL5
DL1	0.00%	96.65%	3.21%	0.14%	0.00%	0.00%
DL2	0.00%	36.64%	60.35%	2.83%	0.18%	0.00%
DL3	0.00%	35.52%	36.91%	24.84%	2.73%	0.00%
DL4	0.00%	10.00%	28.65%	44.59%	16.76%	0.00%
DL5	-nan%	-nan%	-nan%	-nan%	-nan%	-nan%


Tabela Comparativa das Profundidades - Valores Absolutos (FRAME 43)
	AV1
HEVC	DL0	DL1	DL2	DL3	DL4	DL5
DL1	0	318720	19520	448	0	0
DL2	0	41216	98432	4928	64	0
DL3	0	9040	15904	10832	576	0
DL4	0	560	2016	1600	432	0
DL5	0	0	0	0	0	0
Tabela Comparativa das Profundidades - Porcentagens (FRAME 43)
	AV1
HEVC	DL0	DL1	DL2	DL3	DL4	DL5
DL1	0.00%	94.10%	5.76%	0.13%	0.00%	0.00%
DL2	0.00%	28.50%	68.05%	3.41%	0.04%	0.00%
DL3	0.00%	24.87%	43.75%	29.80%	1.58%	0.00%
DL4	0.00%	12.15%	43.75%	34.72%	9.38%	0.00%
DL5	-nan%	-nan%	-nan%	-nan%	-nan%	-nan%


Tabela Comparativa das Profundidades - Valores Absolutos (FRAME 44)
	AV1
HEVC	DL0	DL1	DL2	DL3	DL4	DL5
DL1	0	382880	11216	1424	0	0
DL2	0	32768	56768	3680	160	0
DL3	0	11840	12480	6512	560	0
DL4	0	512	1824	1168	496	0
DL5	0	0	0	0	0	0
Tabela Comparativa das Profundidades - Porcentagens (FRAME 44)
	AV1
HEVC	DL0	DL1	DL2	DL3	DL4	DL5
DL1	0.00%	96.80%	2.84%	0.36%	0.00%	0.00%
DL2	0.00%	35.09%	60.80%	3.94%	0.17%	0.00%
DL3	0.00%	37.72%	39.76%	20.74%	1.78%	0.00%
DL4	0.00%	12.80%	45.60%	29.20%	12.40%	0.00%
DL5	-nan%	-nan%	-nan%	-nan%	-nan%	-nan%


Tabela Comparativa das Profundidades - Valores Absolutos (FRAME 45)
	AV1
HEVC	DL0	DL1	DL2	DL3	DL4	DL5
DL1	0	357632	10880	1056	96	0
DL2	0	40512	65808	3360	208	0
DL3	0	11568	15200	10208	1008	0
DL4	0	448	2592	2768	944	0
DL5	0	0	0	0	0	0
Tabela Comparativa das Profundidades - Porcentagens (FRAME 45)
	AV1
HEVC	DL0	DL1	DL2	DL3	DL4	DL5
DL1	0.00%	96.75%	2.94%	0.29%	0.03%	0.00%
DL2	0.00%	36.87%	59.89%	3.06%	0.19%	0.00%
DL3	0.00%	30.45%	40.02%	26.87%	2.65%	0.00%
DL4	0.00%	6.64%	38.39%	41.00%	13.98%	0.00%
DL5	-nan%	-nan%	-nan%	-nan%	-nan%	-nan%


Tabela Comparativa das Profundidades - Valores Absolutos (FRAME 46)
	AV1
HEVC	DL0	DL1	DL2	DL3	DL4	DL5
DL1	0	261120	15168	688	16	0
DL2	0	48384	121088	9392	720	0
DL3	0	10466	28670	16688	1104	0
DL4	0	352	4640	4432	1360	0
DL5	0	0	0	0	0	0
Tabela Comparativa das Profundidades - Porcentagens (FRAME 46)
	AV1
HEVC	DL0	DL1	DL2	DL3	DL4	DL5
DL1	0.00%	94.27%	5.48%	0.25%	0.01%	0.00%
DL2	0.00%	26.94%	67.43%	5.23%	0.40%	0.00%
DL3	0.00%	18.38%	50.36%	29.31%	1.94%	0.00%
DL4	0.00%	3.26%	43.03%	41.10%	12.61%	0.00%
DL5	-nan%	-nan%	-nan%	-nan%	-nan%	-nan%


Tabela Comparativa das Profundidades - Valores Absolutos (FRAME 47)
	AV1
HEVC	DL0	DL1	DL2	DL3	DL4	DL5
DL1	0	314624	13120	688	16	0
DL2	0	41296	95600	4256	352	0
DL3	0	11200	20752	12720	1264	0
DL4	0	480	2880	3472	1568	0
DL5	0	0	0	0	0	0
Tabela Comparativa das Profundidades - Porcentagens (FRAME 47)
	AV1
HEVC	DL0	DL1	DL2	DL3	DL4	DL5
DL1	0.00%	95.79%	3.99%	0.21%	0.00%	0.00%
DL2	0.00%	29.18%	67.56%	3.01%	0.25%	0.00%
DL3	0.00%	24.38%	45.18%	27.69%	2.75%	0.00%
DL4	0.00%	5.71%	34.29%	41.33%	18.67%	0.00%
DL5	-nan%	-nan%	-nan%	-nan%	-nan%	-nan%


Tabela Comparativa das Profundidades - Valores Absolutos (FRAME 48)
	AV1
HEVC	DL0	DL1	DL2	DL3	DL4	DL5
DL1	256	368384	14720	896	0	0
DL2	192	29760	61952	4960	416	0
DL3	320	12432	14400	8832	768	0
DL4	0	720	2336	2144	800	0
DL5	0	0	0	0	0	0
Tabela Comparativa das Profundidades - Porcentagens (FRAME 48)
	AV1
HEVC	DL0	DL1	DL2	DL3	DL4	DL5
DL1	0.07%	95.87%	3.83%	0.23%	0.00%	0.00%
DL2	0.20%	30.59%	63.68%	5.10%	0.43%	0.00%
DL3	0.87%	33.83%	39.18%	24.03%	2.09%	0.00%
DL4	0.00%	12.00%	38.93%	35.73%	13.33%	0.00%
DL5	-nan%	-nan%	-nan%	-nan%	-nan%	-nan%


Tabela Comparativa das Profundidades - Valores Absolutos (FRAME 49)
	AV1
HEVC	DL0	DL1	DL2	DL3	DL4	DL5
DL1	0	336384	15936	448	0	0
DL2	0	39696	84176	5648	208	0
DL3	0	8944	14528	12336	496	0
DL4	0	432	1792	2784	480	0
DL5	0	0	0	0	0	0
Tabela Comparativa das Profundidades - Porcentagens (FRAME 49)
	AV1
HEVC	DL0	DL1	DL2	DL3	DL4	DL5
DL1	0.00%	95.36%	4.52%	0.13%	0.00%	0.00%
DL2	0.00%	30.60%	64.89%	4.35%	0.16%	0.00%
DL3	0.00%	24.64%	40.02%	33.98%	1.37%	0.00%
DL4	0.00%	7.87%	32.65%	50.73%	8.75%	0.00%
DL5	-nan%	-nan%	-nan%	-nan%	-nan%	-nan%


Tabela Comparativa das Profundidades - Valores Absolutos (FRAME 50)
	AV1
HEVC	DL0	DL1	DL2	DL3	DL4	DL5
DL1	0	296192	17152	768	0	0
DL2	0	44128	100208	5632	176	0
DL3	0	10784	18304	18496	1168	0
DL4	0	912	3104	4784	2480	0
DL5	0	0	0	0	0	0
Tabela Comparativa das Profundidades - Porcentagens (FRAME 50)
	AV1
HEVC	DL0	DL1	DL2	DL3	DL4	DL5
DL1	0.00%	94.30%	5.46%	0.24%	0.00%	0.00%
DL2	0.00%	29.39%	66.74%	3.75%	0.12%	0.00%
DL3	0.00%	22.12%	37.55%	37.94%	2.40%	0.00%
DL4	0.00%	8.09%	27.52%	42.41%	21.99%	0.00%
DL5	-nan%	-nan%	-nan%	-nan%	-nan%	-nan%


Tabela Comparativa das Profundidades - Valores Absolutos (FRAME 51)
	AV1
HEVC	DL0	DL1	DL2	DL3	DL4	DL5
DL1	0	359168	11904	1136	16	0
DL2	0	32544	67712	6576	176	0
DL3	0	10544	15536	12448	608	0
DL4	0	512	2384	2432	592	0
DL5	0	0	0	0	0	0
Tabela Comparativa das Profundidades - Porcentagens (FRAME 51)
	AV1
HEVC	DL0	DL1	DL2	DL3	DL4	DL5
DL1	0.00%	96.49%	3.20%	0.31%	0.00%	0.00%
DL2	0.00%	30.41%	63.28%	6.15%	0.16%	0.00%
DL3	0.00%	26.94%	39.70%	31.81%	1.55%	0.00%
DL4	0.00%	8.65%	40.27%	41.08%	10.00%	0.00%
DL5	-nan%	-nan%	-nan%	-nan%	-nan%	-nan%


Tabela Comparativa das Profundidades - Valores Absolutos (FRAME 52)
	AV1
HEVC	DL0	DL1	DL2	DL3	DL4	DL5
DL1	0	380416	14400	960	0	0
DL2	0	22400	64448	5424	272	0
DL3	0	3936	15040	11616	432	0
DL4	0	544	2176	1792	432	0
DL5	0	0	0	0	0	0
Tabela Comparativa das Profundidades - Porcentagens (FRAME 52)
	AV1
HEVC	DL0	DL1	DL2	DL3	DL4	DL5
DL1	0.00%	96.12%	3.64%	0.24%	0.00%	0.00%
DL2	0.00%	24.20%	69.64%	5.86%	0.29%	0.00%
DL3	0.00%	12.69%	48.48%	37.44%	1.39%	0.00%
DL4	0.00%	11.00%	44.01%	36.25%	8.74%	0.00%
DL5	-nan%	-nan%	-nan%	-nan%	-nan%	-nan%


Tabela Comparativa das Profundidades - Valores Absolutos (FRAME 53)
	AV1
HEVC	DL0	DL1	DL2	DL3	DL4	DL5
DL1	0	182528	20544	1120	96	0
DL2	0	53757	131651	8432	528	0
DL3	0	18656	51472	22864	2128	0
DL4	0	2768	15408	9376	2960	0
DL5	0	0	0	0	0	0
Tabela Comparativa das Profundidades - Porcentagens (FRAME 53)
	AV1
HEVC	DL0	DL1	DL2	DL3	DL4	DL5
DL1	0.00%	89.35%	10.06%	0.55%	0.05%	0.00%
DL2	0.00%	27.66%	67.73%	4.34%	0.27%	0.00%
DL3	0.00%	19.61%	54.11%	24.04%	2.24%	0.00%
DL4	0.00%	9.07%	50.50%	30.73%	9.70%	0.00%
DL5	-nan%	-nan%	-nan%	-nan%	-nan%	-nan%


Tabela Comparativa das Profundidades - Valores Absolutos (FRAME 54)
	AV1
HEVC	DL0	DL1	DL2	DL3	DL4	DL5
DL1	0	249088	17152	1760	32	0
DL2	0	46848	122864	6208	336	0
DL3	0	9168	36640	18448	1472	0
DL4	0	1040	5040	6080	2112	0
DL5	0	0	0	0	0	0
Tabela Comparativa das Profundidades - Porcentagens (FRAME 54)
	AV1
HEVC	DL0	DL1	DL2	DL3	DL4	DL5
DL1	0.00%	92.93%	6.40%	0.66%	0.01%	0.00%
DL2	0.00%	26.58%	69.71%	3.52%	0.19%	0.00%
DL3	0.00%	13.95%	55.74%	28.07%	2.24%	0.00%
DL4	0.00%	7.29%	35.31%	42.60%	14.80%	0.00%
DL5	-nan%	-nan%	-nan%	-nan%	-nan%	-nan%


Tabela Comparativa das Profundidades - Valores Absolutos (FRAME 55)
	AV1
HEVC	DL0	DL1	DL2	DL3	DL4	DL5
DL1	0	286464	12864	944	16	0
DL2	0	42048	107424	6880	384	0
DL3	0	10544	26944	18144	832	0
DL4	0	432	3584	5184	1600	0
DL5	0	0	0	0	0	0
Tabela Comparativa das Profundidades - Porcentagens (FRAME 55)
	AV1
HEVC	DL0	DL1	DL2	DL3	DL4	DL5
DL1	0.00%	95.40%	4.28%	0.31%	0.01%	0.00%
DL2	0.00%	26.83%	68.54%	4.39%	0.24%	0.00%
DL3	0.00%	18.67%	47.72%	32.13%	1.47%	0.00%
DL4	0.00%	4.00%	33.19%	48.00%	14.81%	0.00%
DL5	-nan%	-nan%	-nan%	-nan%	-nan%	-nan%


Tabela Comparativa das Profundidades - Valores Absolutos (FRAME 56)
	AV1
HEVC	DL0	DL1	DL2	DL3	DL4	DL5
DL1	0	331264	13120	928	32	0
DL2	0	43392	80464	5712	288	0
DL3	0	10456	18904	11968	832	0
DL4	0	720	2704	2688	816	0
DL5	0	0	0	0	0	0
Tabela Comparativa das Profundidades - Porcentagens (FRAME 56)
	AV1
HEVC	DL0	DL1	DL2	DL3	DL4	DL5
DL1	0.00%	95.92%	3.80%	0.27%	0.01%	0.00%
DL2	0.00%	33.42%	61.96%	4.40%	0.22%	0.00%
DL3	0.00%	24.80%	44.84%	28.39%	1.97%	0.00%
DL4	0.00%	10.39%	39.03%	38.80%	11.78%	0.00%
DL5	-nan%	-nan%	-nan%	-nan%	-nan%	-nan%


Tabela Comparativa das Profundidades - Valores Absolutos (FRAME 57)
	AV1
HEVC	DL0	DL1	DL2	DL3	DL4	DL5
DL1	0	338432	14656	448	0	0
DL2	0	36736	82560	4704	352	0
DL3	0	9776	17600	11296	1024	0
DL4	0	624	2464	2976	640	0
DL5	0	0	0	0	0	0
Tabela Comparativa das Profundidades - Porcentagens (FRAME 57)
	AV1
HEVC	DL0	DL1	DL2	DL3	DL4	DL5
DL1	0.00%	95.73%	4.15%	0.13%	0.00%	0.00%
DL2	0.00%	29.54%	66.39%	3.78%	0.28%	0.00%
DL3	0.00%	24.63%	44.34%	28.46%	2.58%	0.00%
DL4	0.00%	9.31%	36.75%	44.39%	9.55%	0.00%
DL5	-nan%	-nan%	-nan%	-nan%	-nan%	-nan%


Tabela Comparativa das Profundidades - Valores Absolutos (FRAME 58)
	AV1
HEVC	DL0	DL1	DL2	DL3	DL4	DL5
DL1	0	318464	15520	352	0	0
DL2	0	39808	86496	3520	288	0
DL3	0	11584	17104	18640	1488	0
DL4	0	896	2736	4944	2448	0
DL5	0	0	0	0	0	0
Tabela Comparativa das Profundidades - Porcentagens (FRAME 58)
	AV1
HEVC	DL0	DL1	DL2	DL3	DL4	DL5
DL1	0.00%	95.25%	4.64%	0.11%	0.00%	0.00%
DL2	0.00%	30.60%	66.48%	2.71%	0.22%	0.00%
DL3	0.00%	23.73%	35.04%	38.18%	3.05%	0.00%
DL4	0.00%	8.13%	24.82%	44.85%	22.21%	0.00%
DL5	-nan%	-nan%	-nan%	-nan%	-nan%	-nan%


Tabela Comparativa das Profundidades - Valores Absolutos (FRAME 59)
	AV1
HEVC	DL0	DL1	DL2	DL3	DL4	DL5
DL1	0	317760	16640	704	0	0
DL2	0	38776	89736	6032	368	0
DL3	0	11248	18636	15780	768	0
DL4	0	688	2704	3600	848	0
DL5	0	0	0	0	0	0
Tabela Comparativa das Profundidades - Porcentagens (FRAME 59)
	AV1
HEVC	DL0	DL1	DL2	DL3	DL4	DL5
DL1	0.00%	94.82%	4.97%	0.21%	0.00%	0.00%
DL2	0.00%	28.74%	66.51%	4.47%	0.27%	0.00%
DL3	0.00%	24.22%	40.14%	33.99%	1.65%	0.00%
DL4	0.00%	8.78%	34.49%	45.92%	10.82%	0.00%
DL5	-nan%	-nan%	-nan%	-nan%	-nan%	-nan%


Tabela Comparativa das Profundidades - Valores Absolutos (FRAME 60)
	AV1
HEVC	DL0	DL1	DL2	DL3	DL4	DL5
DL1	0	354832	14160	1424	16	0
DL2	0	37120	63392	5136	80	0
DL3	0	11312	14364	14884	624	0
DL4	0	752	2224	3136	832	0
DL5	0	0	0	0	0	0
Tabela Comparativa das Profundidades - Porcentagens (FRAME 60)
	AV1
HEVC	DL0	DL1	DL2	DL3	DL4	DL5
DL1	0.00%	95.79%	3.82%	0.38%	0.00%	0.00%
DL2	0.00%	35.11%	59.96%	4.86%	0.08%	0.00%
DL3	0.00%	27.47%	34.88%	36.14%	1.52%	0.00%
DL4	0.00%	10.83%	32.03%	45.16%	11.98%	0.00%
DL5	-nan%	-nan%	-nan%	-nan%	-nan%	-nan%


