Tabela Comparativa das Profundidades - Valores Absolutos (FRAME  1)
	AV1
HEVC	DL0	DL1	DL2	DL3	DL4	DL5
DL1	0	3584	2880	400	48	0
DL2	0	1472	28800	6416	3504	0
DL3	0	320	6992	17248	6672	0
DL4	0	256	6064	10992	27232	0
DL5	0	0	0	0	0	0
Tabela Comparativa das Profundidades - Porcentagens (FRAME  1)
	AV1
HEVC	DL0	DL1	DL2	DL3	DL4	DL5
DL1	0.00%	51.85%	41.67%	5.79%	0.69%	0.00%
DL2	0.00%	3.66%	71.66%	15.96%	8.72%	0.00%
DL3	0.00%	1.02%	22.39%	55.23%	21.36%	0.00%
DL4	0.00%	0.57%	13.61%	24.68%	61.14%	0.00%
DL5	-nan%	-nan%	-nan%	-nan%	-nan%	-nan%


Tabela Comparativa das Profundidades - Valores Absolutos (FRAME  2)
	AV1
HEVC	DL0	DL1	DL2	DL3	DL4	DL5
DL1	0	9216	3136	448	0	0
DL2	0	4800	29104	7036	1940	0
DL3	0	3048	15536	16258	3510	0
DL4	0	1352	9046	11546	6904	0
DL5	0	0	0	0	0	0
Tabela Comparativa das Profundidades - Porcentagens (FRAME  2)
	AV1
HEVC	DL0	DL1	DL2	DL3	DL4	DL5
DL1	0.00%	72.00%	24.50%	3.50%	0.00%	0.00%
DL2	0.00%	11.19%	67.87%	16.41%	4.52%	0.00%
DL3	0.00%	7.95%	40.51%	42.39%	9.15%	0.00%
DL4	0.00%	4.69%	31.36%	40.02%	23.93%	0.00%
DL5	-nan%	-nan%	-nan%	-nan%	-nan%	-nan%


Tabela Comparativa das Profundidades - Valores Absolutos (FRAME  3)
	AV1
HEVC	DL0	DL1	DL2	DL3	DL4	DL5
DL1	0	18136	2216	48	80	0
DL2	0	7964	22336	5548	1016	0
DL3	0	3292	11966	19898	3772	0
DL4	0	2248	6570	10826	6964	0
DL5	0	0	0	0	0	0
Tabela Comparativa das Profundidades - Porcentagens (FRAME  3)
	AV1
HEVC	DL0	DL1	DL2	DL3	DL4	DL5
DL1	0.00%	88.55%	10.82%	0.23%	0.39%	0.00%
DL2	0.00%	21.60%	60.59%	15.05%	2.76%	0.00%
DL3	0.00%	8.46%	30.74%	51.11%	9.69%	0.00%
DL4	0.00%	8.45%	24.69%	40.69%	26.17%	0.00%
DL5	-nan%	-nan%	-nan%	-nan%	-nan%	-nan%


Tabela Comparativa das Profundidades - Valores Absolutos (FRAME  4)
	AV1
HEVC	DL0	DL1	DL2	DL3	DL4	DL5
DL1	0	27792	4452	220	48	0
DL2	0	7436	20084	4828	676	0
DL3	0	2820	9420	18760	3656	0
DL4	0	2408	5104	8072	7104	0
DL5	0	0	0	0	0	0
Tabela Comparativa das Profundidades - Porcentagens (FRAME  4)
	AV1
HEVC	DL0	DL1	DL2	DL3	DL4	DL5
DL1	0.00%	85.48%	13.69%	0.68%	0.15%	0.00%
DL2	0.00%	22.52%	60.82%	14.62%	2.05%	0.00%
DL3	0.00%	8.14%	27.18%	54.13%	10.55%	0.00%
DL4	0.00%	10.61%	22.50%	35.58%	31.31%	0.00%
DL5	-nan%	-nan%	-nan%	-nan%	-nan%	-nan%


Tabela Comparativa das Profundidades - Valores Absolutos (FRAME  5)
	AV1
HEVC	DL0	DL1	DL2	DL3	DL4	DL5
DL1	3820	37392	3704	1052	112	0
DL2	1252	5040	17916	4808	488	0
DL3	988	2784	6824	15784	2516	0
DL4	1388	1760	3480	7176	4596	0
DL5	0	0	0	0	0	0
Tabela Comparativa das Profundidades - Porcentagens (FRAME  5)
	AV1
HEVC	DL0	DL1	DL2	DL3	DL4	DL5
DL1	8.29%	81.15%	8.04%	2.28%	0.24%	0.00%
DL2	4.24%	17.08%	60.72%	16.30%	1.65%	0.00%
DL3	3.42%	9.63%	23.62%	54.62%	8.71%	0.00%
DL4	7.54%	9.57%	18.91%	39.00%	24.98%	0.00%
DL5	-nan%	-nan%	-nan%	-nan%	-nan%	-nan%


Tabela Comparativa das Profundidades - Valores Absolutos (FRAME  6)
	AV1
HEVC	DL0	DL1	DL2	DL3	DL4	DL5
DL1	0	51440	3216	868	28	0
DL2	0	5978	21516	5054	412	0
DL3	0	3484	5444	12220	2052	0
DL4	0	2304	2364	3292	3208	0
DL5	0	0	0	0	0	0
Tabela Comparativa das Profundidades - Porcentagens (FRAME  6)
	AV1
HEVC	DL0	DL1	DL2	DL3	DL4	DL5
DL1	0.00%	92.60%	5.79%	1.56%	0.05%	0.00%
DL2	0.00%	18.14%	65.28%	15.33%	1.25%	0.00%
DL3	0.00%	15.02%	23.47%	52.67%	8.84%	0.00%
DL4	0.00%	20.63%	21.17%	29.48%	28.72%	0.00%
DL5	-nan%	-nan%	-nan%	-nan%	-nan%	-nan%


Tabela Comparativa das Profundidades - Valores Absolutos (FRAME  7)
	AV1
HEVC	DL0	DL1	DL2	DL3	DL4	DL5
DL1	1528	62656	4440	1760	16	0
DL2	256	7094	18556	3530	196	0
DL3	128	3972	4664	8132	512	0
DL4	128	1692	1280	1568	772	0
DL5	0	0	0	0	0	0
Tabela Comparativa das Profundidades - Porcentagens (FRAME  7)
	AV1
HEVC	DL0	DL1	DL2	DL3	DL4	DL5
DL1	2.17%	89.00%	6.31%	2.50%	0.02%	0.00%
DL2	0.86%	23.94%	62.62%	11.91%	0.66%	0.00%
DL3	0.74%	22.82%	26.79%	46.71%	2.94%	0.00%
DL4	2.35%	31.10%	23.53%	28.82%	14.19%	0.00%
DL5	-nan%	-nan%	-nan%	-nan%	-nan%	-nan%


Tabela Comparativa das Profundidades - Valores Absolutos (FRAME  8)
	AV1
HEVC	DL0	DL1	DL2	DL3	DL4	DL5
DL1	888	49064	4464	1248	144	0
DL2	256	8380	22372	5652	588	0
DL3	128	3664	6074	11030	1168	0
DL4	128	1952	2026	2614	1040	0
DL5	0	0	0	0	0	0
Tabela Comparativa das Profundidades - Porcentagens (FRAME  8)
	AV1
HEVC	DL0	DL1	DL2	DL3	DL4	DL5
DL1	1.59%	87.92%	8.00%	2.24%	0.26%	0.00%
DL2	0.69%	22.50%	60.06%	15.17%	1.58%	0.00%
DL3	0.58%	16.61%	27.53%	49.99%	5.29%	0.00%
DL4	1.65%	25.15%	26.11%	33.69%	13.40%	0.00%
DL5	-nan%	-nan%	-nan%	-nan%	-nan%	-nan%


Tabela Comparativa das Profundidades - Valores Absolutos (FRAME  9)
	AV1
HEVC	DL0	DL1	DL2	DL3	DL4	DL5
DL1	0	34118	2426	1004	84	0
DL2	0	7268	22160	4452	744	0
DL3	0	3750	9178	17240	3016	0
DL4	0	2440	3960	6784	4256	0
DL5	0	0	0	0	0	0
Tabela Comparativa das Profundidades - Porcentagens (FRAME  9)
	AV1
HEVC	DL0	DL1	DL2	DL3	DL4	DL5
DL1	0.00%	90.66%	6.45%	2.67%	0.22%	0.00%
DL2	0.00%	20.99%	64.00%	12.86%	2.15%	0.00%
DL3	0.00%	11.30%	27.66%	51.95%	9.09%	0.00%
DL4	0.00%	13.99%	22.71%	38.90%	24.40%	0.00%
DL5	-nan%	-nan%	-nan%	-nan%	-nan%	-nan%


Tabela Comparativa das Profundidades - Valores Absolutos (FRAME 10)
	AV1
HEVC	DL0	DL1	DL2	DL3	DL4	DL5
DL1	0	61440	5888	1728	64	0
DL2	0	5952	21440	3504	144	0
DL3	0	2832	5856	9248	592	0
DL4	0	688	1248	1408	848	0
DL5	0	0	0	0	0	0
Tabela Comparativa das Profundidades - Porcentagens (FRAME 10)
	AV1
HEVC	DL0	DL1	DL2	DL3	DL4	DL5
DL1	0.00%	88.89%	8.52%	2.50%	0.09%	0.00%
DL2	0.00%	19.18%	69.07%	11.29%	0.46%	0.00%
DL3	0.00%	15.28%	31.61%	49.91%	3.20%	0.00%
DL4	0.00%	16.41%	29.77%	33.59%	20.23%	0.00%
DL5	-nan%	-nan%	-nan%	-nan%	-nan%	-nan%


Tabela Comparativa das Profundidades - Valores Absolutos (FRAME 11)
	AV1
HEVC	DL0	DL1	DL2	DL3	DL4	DL5
DL1	1952	59832	4992	744	64	0
DL2	1168	5896	20548	3344	148	0
DL3	1432	2748	5704	8092	536	0
DL4	648	1464	1458	1374	736	0
DL5	0	0	0	0	0	0
Tabela Comparativa das Profundidades - Porcentagens (FRAME 11)
	AV1
HEVC	DL0	DL1	DL2	DL3	DL4	DL5
DL1	2.89%	88.53%	7.39%	1.10%	0.09%	0.00%
DL2	3.76%	18.96%	66.06%	10.75%	0.48%	0.00%
DL3	7.74%	14.84%	30.81%	43.71%	2.90%	0.00%
DL4	11.41%	25.77%	25.67%	24.19%	12.96%	0.00%
DL5	-nan%	-nan%	-nan%	-nan%	-nan%	-nan%


Tabela Comparativa das Profundidades - Valores Absolutos (FRAME 12)
	AV1
HEVC	DL0	DL1	DL2	DL3	DL4	DL5
DL1	0	32934	2148	246	0	0
DL2	0	7248	22952	5078	818	0
DL3	0	3750	9956	18982	2816	0
DL4	0	2084	3860	6420	3588	0
DL5	0	0	0	0	0	0
Tabela Comparativa das Profundidades - Porcentagens (FRAME 12)
	AV1
HEVC	DL0	DL1	DL2	DL3	DL4	DL5
DL1	0.00%	93.22%	6.08%	0.70%	0.00%	0.00%
DL2	0.00%	20.08%	63.59%	14.07%	2.27%	0.00%
DL3	0.00%	10.56%	28.04%	53.46%	7.93%	0.00%
DL4	0.00%	13.06%	24.20%	40.25%	22.49%	0.00%
DL5	-nan%	-nan%	-nan%	-nan%	-nan%	-nan%


Tabela Comparativa das Profundidades - Valores Absolutos (FRAME 13)
	AV1
HEVC	DL0	DL1	DL2	DL3	DL4	DL5
DL1	0	42644	3336	340	16	0
DL2	0	6744	17996	4296	724	0
DL3	0	3668	7688	16596	2496	0
DL4	0	2474	3730	6508	3624	0
DL5	0	0	0	0	0	0
Tabela Comparativa das Profundidades - Porcentagens (FRAME 13)
	AV1
HEVC	DL0	DL1	DL2	DL3	DL4	DL5
DL1	0.00%	92.03%	7.20%	0.73%	0.03%	0.00%
DL2	0.00%	22.66%	60.47%	14.44%	2.43%	0.00%
DL3	0.00%	12.05%	25.25%	54.51%	8.20%	0.00%
DL4	0.00%	15.14%	22.83%	39.84%	22.18%	0.00%
DL5	-nan%	-nan%	-nan%	-nan%	-nan%	-nan%


Tabela Comparativa das Profundidades - Valores Absolutos (FRAME 14)
	AV1
HEVC	DL0	DL1	DL2	DL3	DL4	DL5
DL1	1988	51648	4604	796	100	0
DL2	408	5736	20072	3152	328	0
DL3	496	3296	7076	10844	1664	0
DL4	336	1616	2372	4000	2348	0
DL5	0	0	0	0	0	0
Tabela Comparativa das Profundidades - Porcentagens (FRAME 14)
	AV1
HEVC	DL0	DL1	DL2	DL3	DL4	DL5
DL1	3.36%	87.34%	7.79%	1.35%	0.17%	0.00%
DL2	1.37%	19.32%	67.59%	10.61%	1.10%	0.00%
DL3	2.12%	14.10%	30.27%	46.39%	7.12%	0.00%
DL4	3.15%	15.14%	22.23%	37.48%	22.00%	0.00%
DL5	-nan%	-nan%	-nan%	-nan%	-nan%	-nan%


Tabela Comparativa das Profundidades - Valores Absolutos (FRAME 15)
	AV1
HEVC	DL0	DL1	DL2	DL3	DL4	DL5
DL1	0	57308	4796	856	16	0
DL2	0	7504	21264	5128	408	0
DL3	0	4132	4968	9476	688	0
DL4	0	1954	1396	2098	888	0
DL5	0	0	0	0	0	0
Tabela Comparativa das Profundidades - Porcentagens (FRAME 15)
	AV1
HEVC	DL0	DL1	DL2	DL3	DL4	DL5
DL1	0.00%	91.00%	7.62%	1.36%	0.03%	0.00%
DL2	0.00%	21.88%	61.99%	14.95%	1.19%	0.00%
DL3	0.00%	21.45%	25.79%	49.19%	3.57%	0.00%
DL4	0.00%	30.84%	22.03%	33.11%	14.02%	0.00%
DL5	-nan%	-nan%	-nan%	-nan%	-nan%	-nan%


Tabela Comparativa das Profundidades - Valores Absolutos (FRAME 16)
	AV1
HEVC	DL0	DL1	DL2	DL3	DL4	DL5
DL1	768	51780	4652	880	32	0
DL2	256	7536	23668	3056	236	0
DL3	128	4114	7692	9538	960	0
DL4	128	1736	1952	2256	1512	0
DL5	0	0	0	0	0	0
Tabela Comparativa das Profundidades - Porcentagens (FRAME 16)
	AV1
HEVC	DL0	DL1	DL2	DL3	DL4	DL5
DL1	1.32%	89.10%	8.01%	1.51%	0.06%	0.00%
DL2	0.74%	21.69%	68.11%	8.79%	0.68%	0.00%
DL3	0.57%	18.34%	34.29%	42.52%	4.28%	0.00%
DL4	1.69%	22.89%	25.74%	29.75%	19.94%	0.00%
DL5	-nan%	-nan%	-nan%	-nan%	-nan%	-nan%


Tabela Comparativa das Profundidades - Valores Absolutos (FRAME 17)
	AV1
HEVC	DL0	DL1	DL2	DL3	DL4	DL5
DL1	768	42072	3752	656	112	0
DL2	256	5984	20430	4490	392	0
DL3	128	4040	7524	15744	2564	0
DL4	128	2002	2888	5134	3816	0
DL5	0	0	0	0	0	0
Tabela Comparativa das Profundidades - Porcentagens (FRAME 17)
	AV1
HEVC	DL0	DL1	DL2	DL3	DL4	DL5
DL1	1.62%	88.83%	7.92%	1.39%	0.24%	0.00%
DL2	0.81%	18.97%	64.75%	14.23%	1.24%	0.00%
DL3	0.43%	13.47%	25.08%	52.48%	8.55%	0.00%
DL4	0.92%	14.33%	20.68%	36.76%	27.32%	0.00%
DL5	-nan%	-nan%	-nan%	-nan%	-nan%	-nan%


Tabela Comparativa das Profundidades - Valores Absolutos (FRAME 18)
	AV1
HEVC	DL0	DL1	DL2	DL3	DL4	DL5
DL1	0	49564	7380	864	48	0
DL2	0	8056	23084	4772	568	0
DL3	0	3878	6500	9620	850	0
DL4	0	1992	2172	2130	1402	0
DL5	0	0	0	0	0	0
Tabela Comparativa das Profundidades - Porcentagens (FRAME 18)
	AV1
HEVC	DL0	DL1	DL2	DL3	DL4	DL5
DL1	0.00%	85.67%	12.76%	1.49%	0.08%	0.00%
DL2	0.00%	22.08%	63.28%	13.08%	1.56%	0.00%
DL3	0.00%	18.60%	31.18%	46.14%	4.08%	0.00%
DL4	0.00%	25.88%	28.22%	27.68%	18.22%	0.00%
DL5	-nan%	-nan%	-nan%	-nan%	-nan%	-nan%


Tabela Comparativa das Profundidades - Valores Absolutos (FRAME 19)
	AV1
HEVC	DL0	DL1	DL2	DL3	DL4	DL5
DL1	0	58112	5760	1120	32	0
DL2	0	6720	24512	3680	224	0
DL3	0	3168	5584	8976	912	0
DL4	0	608	1200	1440	832	0
DL5	0	0	0	0	0	0
Tabela Comparativa das Profundidades - Porcentagens (FRAME 19)
	AV1
HEVC	DL0	DL1	DL2	DL3	DL4	DL5
DL1	0.00%	89.37%	8.86%	1.72%	0.05%	0.00%
DL2	0.00%	19.13%	69.76%	10.47%	0.64%	0.00%
DL3	0.00%	17.00%	29.96%	48.15%	4.89%	0.00%
DL4	0.00%	14.90%	29.41%	35.29%	20.39%	0.00%
DL5	-nan%	-nan%	-nan%	-nan%	-nan%	-nan%


Tabela Comparativa das Profundidades - Valores Absolutos (FRAME 20)
	AV1
HEVC	DL0	DL1	DL2	DL3	DL4	DL5
DL1	2104	7600	2000	648	192	0
DL2	1020	5932	26548	5964	1816	0
DL3	924	2682	11712	10410	4896	0
DL4	316	1588	11588	12584	12356	0
DL5	0	0	0	0	0	0
Tabela Comparativa das Profundidades - Porcentagens (FRAME 20)
	AV1
HEVC	DL0	DL1	DL2	DL3	DL4	DL5
DL1	16.77%	60.59%	15.94%	5.17%	1.53%	0.00%
DL2	2.47%	14.37%	64.31%	14.45%	4.40%	0.00%
DL3	3.02%	8.76%	38.24%	33.99%	15.99%	0.00%
DL4	0.82%	4.13%	30.15%	32.74%	32.15%	0.00%
DL5	-nan%	-nan%	-nan%	-nan%	-nan%	-nan%


Tabela Comparativa das Profundidades - Valores Absolutos (FRAME 21)
	AV1
HEVC	DL0	DL1	DL2	DL3	DL4	DL5
DL1	144	14336	2816	416	208	0
DL2	2252	4194	19014	5564	1296	0
DL3	3084	2170	11936	21874	3576	0
DL4	2464	874	6702	12026	7934	0
DL5	0	0	0	0	0	0
Tabela Comparativa das Profundidades - Porcentagens (FRAME 21)
	AV1
HEVC	DL0	DL1	DL2	DL3	DL4	DL5
DL1	0.80%	80.00%	15.71%	2.32%	1.16%	0.00%
DL2	6.97%	12.98%	58.83%	17.22%	4.01%	0.00%
DL3	7.23%	5.09%	27.99%	51.30%	8.39%	0.00%
DL4	8.21%	2.91%	22.34%	40.09%	26.45%	0.00%
DL5	-nan%	-nan%	-nan%	-nan%	-nan%	-nan%


Tabela Comparativa das Profundidades - Valores Absolutos (FRAME 22)
	AV1
HEVC	DL0	DL1	DL2	DL3	DL4	DL5
DL1	512	25672	4080	920	48	0
DL2	704	5992	20704	4632	672	0
DL3	176	3428	9428	18900	3876	0
DL4	144	2520	4704	10320	5448	0
DL5	0	0	0	0	0	0
Tabela Comparativa das Profundidades - Porcentagens (FRAME 22)
	AV1
HEVC	DL0	DL1	DL2	DL3	DL4	DL5
DL1	1.64%	82.20%	13.06%	2.95%	0.15%	0.00%
DL2	2.15%	18.32%	63.31%	14.16%	2.05%	0.00%
DL3	0.49%	9.57%	26.33%	52.78%	10.82%	0.00%
DL4	0.62%	10.89%	20.33%	44.61%	23.55%	0.00%
DL5	-nan%	-nan%	-nan%	-nan%	-nan%	-nan%


Tabela Comparativa das Profundidades - Valores Absolutos (FRAME 23)
	AV1
HEVC	DL0	DL1	DL2	DL3	DL4	DL5
DL1	0	39192	2728	1024	64	0
DL2	0	6756	19894	4070	576	0
DL3	0	2836	8852	15112	3056	0
DL4	0	2436	3948	6812	5524	0
DL5	0	0	0	0	0	0
Tabela Comparativa das Profundidades - Porcentagens (FRAME 23)
	AV1
HEVC	DL0	DL1	DL2	DL3	DL4	DL5
DL1	0.00%	91.13%	6.34%	2.38%	0.15%	0.00%
DL2	0.00%	21.59%	63.57%	13.00%	1.84%	0.00%
DL3	0.00%	9.50%	29.65%	50.62%	10.24%	0.00%
DL4	0.00%	13.01%	21.09%	36.39%	29.51%	0.00%
DL5	-nan%	-nan%	-nan%	-nan%	-nan%	-nan%


Tabela Comparativa das Profundidades - Valores Absolutos (FRAME 24)
	AV1
HEVC	DL0	DL1	DL2	DL3	DL4	DL5
DL1	0	45018	4760	1102	64	0
DL2	0	8484	24944	2720	204	0
DL3	0	4044	6888	11594	1650	0
DL4	0	2214	2634	4134	2426	0
DL5	0	0	0	0	0	0
Tabela Comparativa das Profundidades - Porcentagens (FRAME 24)
	AV1
HEVC	DL0	DL1	DL2	DL3	DL4	DL5
DL1	0.00%	88.37%	9.34%	2.16%	0.13%	0.00%
DL2	0.00%	23.34%	68.62%	7.48%	0.56%	0.00%
DL3	0.00%	16.73%	28.49%	47.96%	6.82%	0.00%
DL4	0.00%	19.41%	23.09%	36.24%	21.27%	0.00%
DL5	-nan%	-nan%	-nan%	-nan%	-nan%	-nan%


Tabela Comparativa das Profundidades - Valores Absolutos (FRAME 25)
	AV1
HEVC	DL0	DL1	DL2	DL3	DL4	DL5
DL1	0	56214	5534	684	32	0
DL2	0	8400	23328	3440	352	0
DL3	0	3742	6876	7410	772	0
DL4	0	1592	1896	1608	1000	0
DL5	0	0	0	0	0	0
Tabela Comparativa das Profundidades - Porcentagens (FRAME 25)
	AV1
HEVC	DL0	DL1	DL2	DL3	DL4	DL5
DL1	0.00%	89.99%	8.86%	1.10%	0.05%	0.00%
DL2	0.00%	23.65%	65.68%	9.68%	0.99%	0.00%
DL3	0.00%	19.90%	36.57%	39.41%	4.11%	0.00%
DL4	0.00%	26.12%	31.10%	26.38%	16.40%	0.00%
DL5	-nan%	-nan%	-nan%	-nan%	-nan%	-nan%


Tabela Comparativa das Profundidades - Valores Absolutos (FRAME 26)
	AV1
HEVC	DL0	DL1	DL2	DL3	DL4	DL5
DL1	0	56816	4744	824	80	0
DL2	0	7662	20086	4608	476	0
DL3	0	4362	6092	8774	1316	0
DL4	0	1944	1820	1916	1360	0
DL5	0	0	0	0	0	0
Tabela Comparativa das Profundidades - Porcentagens (FRAME 26)
	AV1
HEVC	DL0	DL1	DL2	DL3	DL4	DL5
DL1	0.00%	90.96%	7.59%	1.32%	0.13%	0.00%
DL2	0.00%	23.34%	61.18%	14.04%	1.45%	0.00%
DL3	0.00%	21.23%	29.65%	42.71%	6.41%	0.00%
DL4	0.00%	27.61%	25.85%	27.22%	19.32%	0.00%
DL5	-nan%	-nan%	-nan%	-nan%	-nan%	-nan%


Tabela Comparativa das Profundidades - Valores Absolutos (FRAME 27)
	AV1
HEVC	DL0	DL1	DL2	DL3	DL4	DL5
DL1	616	36132	4556	648	32	0
DL2	456	4568	21694	5290	568	0
DL3	876	3092	9788	18616	2284	0
DL4	336	1584	3852	5180	2712	0
DL5	0	0	0	0	0	0
Tabela Comparativa das Profundidades - Porcentagens (FRAME 27)
	AV1
HEVC	DL0	DL1	DL2	DL3	DL4	DL5
DL1	1.47%	86.06%	10.85%	1.54%	0.08%	0.00%
DL2	1.40%	14.02%	66.60%	16.24%	1.74%	0.00%
DL3	2.53%	8.92%	28.24%	53.72%	6.59%	0.00%
DL4	2.46%	11.59%	28.19%	37.91%	19.85%	0.00%
DL5	-nan%	-nan%	-nan%	-nan%	-nan%	-nan%


Tabela Comparativa das Profundidades - Valores Absolutos (FRAME 28)
	AV1
HEVC	DL0	DL1	DL2	DL3	DL4	DL5
DL1	0	66304	4352	720	48	0
DL2	0	5120	21376	2480	144	0
DL3	0	2704	5632	8432	912	0
DL4	0	880	1280	1424	1072	0
DL5	0	0	0	0	0	0
Tabela Comparativa das Profundidades - Porcentagens (FRAME 28)
	AV1
HEVC	DL0	DL1	DL2	DL3	DL4	DL5
DL1	0.00%	92.83%	6.09%	1.01%	0.07%	0.00%
DL2	0.00%	17.58%	73.41%	8.52%	0.49%	0.00%
DL3	0.00%	15.29%	31.86%	47.69%	5.16%	0.00%
DL4	0.00%	18.90%	27.49%	30.58%	23.02%	0.00%
DL5	-nan%	-nan%	-nan%	-nan%	-nan%	-nan%


Tabela Comparativa das Profundidades - Valores Absolutos (FRAME 29)
	AV1
HEVC	DL0	DL1	DL2	DL3	DL4	DL5
DL1	1292	53012	5504	1008	112	0
DL2	596	7524	22388	3984	516	0
DL3	652	3768	6186	8758	652	0
DL4	352	1960	1910	1814	892	0
DL5	0	0	0	0	0	0
Tabela Comparativa das Profundidades - Porcentagens (FRAME 29)
	AV1
HEVC	DL0	DL1	DL2	DL3	DL4	DL5
DL1	2.12%	87.01%	9.03%	1.65%	0.18%	0.00%
DL2	1.70%	21.49%	63.95%	11.38%	1.47%	0.00%
DL3	3.26%	18.82%	30.91%	43.75%	3.26%	0.00%
DL4	5.08%	28.29%	27.57%	26.18%	12.88%	0.00%
DL5	-nan%	-nan%	-nan%	-nan%	-nan%	-nan%


Tabela Comparativa das Profundidades - Valores Absolutos (FRAME 30)
	AV1
HEVC	DL0	DL1	DL2	DL3	DL4	DL5
DL1	0	31160	3816	736	128	0
DL2	0	6000	25644	4780	504	0
DL3	0	3104	10424	18936	2496	0
DL4	0	1554	4196	6242	3160	0
DL5	0	0	0	0	0	0
Tabela Comparativa das Profundidades - Porcentagens (FRAME 30)
	AV1
HEVC	DL0	DL1	DL2	DL3	DL4	DL5
DL1	0.00%	86.94%	10.65%	2.05%	0.36%	0.00%
DL2	0.00%	16.25%	69.44%	12.94%	1.36%	0.00%
DL3	0.00%	8.88%	29.82%	54.16%	7.14%	0.00%
DL4	0.00%	10.26%	27.69%	41.20%	20.86%	0.00%
DL5	-nan%	-nan%	-nan%	-nan%	-nan%	-nan%


Tabela Comparativa das Profundidades - Valores Absolutos (FRAME 31)
	AV1
HEVC	DL0	DL1	DL2	DL3	DL4	DL5
DL1	1524	36252	3904	2008	88	0
DL2	476	6796	19348	4604	264	0
DL3	692	3460	8430	17386	2704	0
DL4	636	1512	3598	5714	3484	0
DL5	0	0	0	0	0	0
Tabela Comparativa das Profundidades - Porcentagens (FRAME 31)
	AV1
HEVC	DL0	DL1	DL2	DL3	DL4	DL5
DL1	3.48%	82.81%	8.92%	4.59%	0.20%	0.00%
DL2	1.51%	21.58%	61.45%	14.62%	0.84%	0.00%
DL3	2.12%	10.59%	25.80%	53.21%	8.28%	0.00%
DL4	4.26%	10.12%	24.08%	38.24%	23.31%	0.00%
DL5	-nan%	-nan%	-nan%	-nan%	-nan%	-nan%


Tabela Comparativa das Profundidades - Valores Absolutos (FRAME 32)
	AV1
HEVC	DL0	DL1	DL2	DL3	DL4	DL5
DL1	0	52532	4564	248	0	0
DL2	0	7948	20978	3398	252	0
DL3	0	3960	6912	10912	1128	0
DL4	0	2040	2576	3306	2126	0
DL5	0	0	0	0	0	0
Tabela Comparativa das Profundidades - Porcentagens (FRAME 32)
	AV1
HEVC	DL0	DL1	DL2	DL3	DL4	DL5
DL1	0.00%	91.61%	7.96%	0.43%	0.00%	0.00%
DL2	0.00%	24.40%	64.40%	10.43%	0.77%	0.00%
DL3	0.00%	17.28%	30.17%	47.63%	4.92%	0.00%
DL4	0.00%	20.30%	25.64%	32.90%	21.16%	0.00%
DL5	-nan%	-nan%	-nan%	-nan%	-nan%	-nan%


Tabela Comparativa das Profundidades - Valores Absolutos (FRAME 33)
	AV1
HEVC	DL0	DL1	DL2	DL3	DL4	DL5
DL1	440	61128	4726	506	16	0
DL2	256	8438	21184	3622	420	0
DL3	128	3382	4128	7140	758	0
DL4	128	2100	1446	1838	1096	0
DL5	0	0	0	0	0	0
Tabela Comparativa das Profundidades - Porcentagens (FRAME 33)
	AV1
HEVC	DL0	DL1	DL2	DL3	DL4	DL5
DL1	0.66%	91.49%	7.07%	0.76%	0.02%	0.00%
DL2	0.75%	24.88%	62.45%	10.68%	1.24%	0.00%
DL3	0.82%	21.77%	26.57%	45.96%	4.88%	0.00%
DL4	1.94%	31.78%	21.88%	27.81%	16.59%	0.00%
DL5	-nan%	-nan%	-nan%	-nan%	-nan%	-nan%


Tabela Comparativa das Profundidades - Valores Absolutos (FRAME 34)
	AV1
HEVC	DL0	DL1	DL2	DL3	DL4	DL5
DL1	1784	50808	5584	1120	96	0
DL2	1140	6084	22472	4652	340	0
DL3	928	3144	6660	10296	828	0
DL4	288	1216	2516	1812	1112	0
DL5	0	0	0	0	0	0
Tabela Comparativa das Profundidades - Porcentagens (FRAME 34)
	AV1
HEVC	DL0	DL1	DL2	DL3	DL4	DL5
DL1	3.00%	85.55%	9.40%	1.89%	0.16%	0.00%
DL2	3.29%	17.54%	64.78%	13.41%	0.98%	0.00%
DL3	4.25%	14.39%	30.47%	47.11%	3.79%	0.00%
DL4	4.15%	17.51%	36.23%	26.09%	16.01%	0.00%
DL5	-nan%	-nan%	-nan%	-nan%	-nan%	-nan%


Tabela Comparativa das Profundidades - Valores Absolutos (FRAME 35)
	AV1
HEVC	DL0	DL1	DL2	DL3	DL4	DL5
DL1	1492	40704	3472	412	0	0
DL2	524	5280	20740	6272	656	0
DL3	884	2924	8808	15720	2112	0
DL4	512	1412	3312	4432	3212	0
DL5	0	0	0	0	0	0
Tabela Comparativa das Profundidades - Porcentagens (FRAME 35)
	AV1
HEVC	DL0	DL1	DL2	DL3	DL4	DL5
DL1	3.24%	88.33%	7.53%	0.89%	0.00%	0.00%
DL2	1.57%	15.77%	61.96%	18.74%	1.96%	0.00%
DL3	2.90%	9.60%	28.93%	51.63%	6.94%	0.00%
DL4	3.98%	10.96%	25.71%	34.41%	24.94%	0.00%
DL5	-nan%	-nan%	-nan%	-nan%	-nan%	-nan%


Tabela Comparativa das Profundidades - Valores Absolutos (FRAME 36)
	AV1
HEVC	DL0	DL1	DL2	DL3	DL4	DL5
DL1	1132	47160	5960	980	64	0
DL2	444	7224	24960	5736	228	0
DL3	720	3168	6720	10304	928	0
DL4	300	1412	2312	2108	1020	0
DL5	0	0	0	0	0	0
Tabela Comparativa das Profundidades - Porcentagens (FRAME 36)
	AV1
HEVC	DL0	DL1	DL2	DL3	DL4	DL5
DL1	2.05%	85.29%	10.78%	1.77%	0.12%	0.00%
DL2	1.15%	18.72%	64.68%	14.86%	0.59%	0.00%
DL3	3.30%	14.51%	30.77%	47.18%	4.25%	0.00%
DL4	4.19%	19.74%	32.33%	29.47%	14.26%	0.00%
DL5	-nan%	-nan%	-nan%	-nan%	-nan%	-nan%


Tabela Comparativa das Profundidades - Valores Absolutos (FRAME 37)
	AV1
HEVC	DL0	DL1	DL2	DL3	DL4	DL5
DL1	0	55552	5312	1520	80	0
DL2	0	5696	27392	4112	176	0
DL3	0	2608	6320	9328	784	0
DL4	0	400	1360	1584	656	0
DL5	0	0	0	0	0	0
Tabela Comparativa das Profundidades - Porcentagens (FRAME 37)
	AV1
HEVC	DL0	DL1	DL2	DL3	DL4	DL5
DL1	0.00%	88.93%	8.50%	2.43%	0.13%	0.00%
DL2	0.00%	15.24%	73.29%	11.00%	0.47%	0.00%
DL3	0.00%	13.70%	33.19%	48.99%	4.12%	0.00%
DL4	0.00%	10.00%	34.00%	39.60%	16.40%	0.00%
DL5	-nan%	-nan%	-nan%	-nan%	-nan%	-nan%


Tabela Comparativa das Profundidades - Valores Absolutos (FRAME 38)
	AV1
HEVC	DL0	DL1	DL2	DL3	DL4	DL5
DL1	2520	7056	832	312	32	0
DL2	1188	5776	30036	9096	1648	0
DL3	988	2864	13732	21128	2392	0
DL4	440	1072	7280	9804	4684	0
DL5	0	0	0	0	0	0
Tabela Comparativa das Profundidades - Porcentagens (FRAME 38)
	AV1
HEVC	DL0	DL1	DL2	DL3	DL4	DL5
DL1	23.44%	65.62%	7.74%	2.90%	0.30%	0.00%
DL2	2.49%	12.10%	62.91%	19.05%	3.45%	0.00%
DL3	2.40%	6.97%	33.41%	51.40%	5.82%	0.00%
DL4	1.89%	4.60%	31.27%	42.11%	20.12%	0.00%
DL5	-nan%	-nan%	-nan%	-nan%	-nan%	-nan%


Tabela Comparativa das Profundidades - Valores Absolutos (FRAME 39)
	AV1
HEVC	DL0	DL1	DL2	DL3	DL4	DL5
DL1	0	10320	944	224	32	0
DL2	0	7104	25880	6756	772	0
DL3	0	3532	15908	22488	3688	0
DL4	0	1920	7152	10344	5816	0
DL5	0	0	0	0	0	0
Tabela Comparativa das Profundidades - Porcentagens (FRAME 39)
	AV1
HEVC	DL0	DL1	DL2	DL3	DL4	DL5
DL1	0.00%	89.58%	8.19%	1.94%	0.28%	0.00%
DL2	0.00%	17.54%	63.88%	16.68%	1.91%	0.00%
DL3	0.00%	7.74%	34.87%	49.30%	8.08%	0.00%
DL4	0.00%	7.61%	28.34%	41.00%	23.05%	0.00%
DL5	-nan%	-nan%	-nan%	-nan%	-nan%	-nan%


Tabela Comparativa das Profundidades - Valores Absolutos (FRAME 40)
	AV1
HEVC	DL0	DL1	DL2	DL3	DL4	DL5
DL1	0	26608	3648	464	0	0
DL2	0	6368	24192	5524	652	0
DL3	0	3384	8756	18192	3444	0
DL4	0	2588	4592	8464	6004	0
DL5	0	0	0	0	0	0
Tabela Comparativa das Profundidades - Porcentagens (FRAME 40)
	AV1
HEVC	DL0	DL1	DL2	DL3	DL4	DL5
DL1	0.00%	86.61%	11.87%	1.51%	0.00%	0.00%
DL2	0.00%	17.33%	65.85%	15.04%	1.77%	0.00%
DL3	0.00%	10.02%	25.92%	53.86%	10.20%	0.00%
DL4	0.00%	11.95%	21.21%	39.10%	27.73%	0.00%
DL5	-nan%	-nan%	-nan%	-nan%	-nan%	-nan%


Tabela Comparativa das Profundidades - Valores Absolutos (FRAME 41)
	AV1
HEVC	DL0	DL1	DL2	DL3	DL4	DL5
DL1	0	35080	3264	280	32	0
DL2	0	7264	22368	4756	428	0
DL3	0	2988	9072	16468	2544	0
DL4	0	1824	4192	7824	4496	0
DL5	0	0	0	0	0	0
Tabela Comparativa das Profundidades - Porcentagens (FRAME 41)
	AV1
HEVC	DL0	DL1	DL2	DL3	DL4	DL5
DL1	0.00%	90.75%	8.44%	0.72%	0.08%	0.00%
DL2	0.00%	20.86%	64.25%	13.66%	1.23%	0.00%
DL3	0.00%	9.62%	29.20%	53.00%	8.19%	0.00%
DL4	0.00%	9.95%	22.86%	42.67%	24.52%	0.00%
DL5	-nan%	-nan%	-nan%	-nan%	-nan%	-nan%


Tabela Comparativa das Profundidades - Valores Absolutos (FRAME 42)
	AV1
HEVC	DL0	DL1	DL2	DL3	DL4	DL5
DL1	0	51090	4566	864	56	0
DL2	0	6718	17722	4356	324	0
DL3	0	4012	6600	11908	2184	0
DL4	0	2240	2854	4884	2502	0
DL5	0	0	0	0	0	0
Tabela Comparativa das Profundidades - Porcentagens (FRAME 42)
	AV1
HEVC	DL0	DL1	DL2	DL3	DL4	DL5
DL1	0.00%	90.30%	8.07%	1.53%	0.10%	0.00%
DL2	0.00%	23.07%	60.86%	14.96%	1.11%	0.00%
DL3	0.00%	16.24%	26.72%	48.20%	8.84%	0.00%
DL4	0.00%	17.95%	22.87%	39.13%	20.05%	0.00%
DL5	-nan%	-nan%	-nan%	-nan%	-nan%	-nan%


Tabela Comparativa das Profundidades - Valores Absolutos (FRAME 43)
	AV1
HEVC	DL0	DL1	DL2	DL3	DL4	DL5
DL1	840	59556	5268	1392	16	0
DL2	352	7204	21396	2904	80	0
DL3	352	4128	5366	8462	556	0
DL4	208	1624	1432	1184	560	0
DL5	0	0	0	0	0	0
Tabela Comparativa das Profundidades - Porcentagens (FRAME 43)
	AV1
HEVC	DL0	DL1	DL2	DL3	DL4	DL5
DL1	1.25%	88.79%	7.85%	2.08%	0.02%	0.00%
DL2	1.10%	22.56%	67.00%	9.09%	0.25%	0.00%
DL3	1.87%	21.88%	28.45%	44.86%	2.95%	0.00%
DL4	4.15%	32.43%	28.59%	23.64%	11.18%	0.00%
DL5	-nan%	-nan%	-nan%	-nan%	-nan%	-nan%


Tabela Comparativa das Profundidades - Valores Absolutos (FRAME 44)
	AV1
HEVC	DL0	DL1	DL2	DL3	DL4	DL5
DL1	1024	47666	6322	796	0	0
DL2	0	6962	25450	4520	316	0
DL3	0	3778	7404	11510	732	0
DL4	0	1744	2192	1750	714	0
DL5	0	0	0	0	0	0
Tabela Comparativa das Profundidades - Porcentagens (FRAME 44)
	AV1
HEVC	DL0	DL1	DL2	DL3	DL4	DL5
DL1	1.83%	85.41%	11.33%	1.43%	0.00%	0.00%
DL2	0.00%	18.69%	68.33%	12.13%	0.85%	0.00%
DL3	0.00%	16.13%	31.61%	49.14%	3.12%	0.00%
DL4	0.00%	27.25%	34.25%	27.34%	11.16%	0.00%
DL5	-nan%	-nan%	-nan%	-nan%	-nan%	-nan%


Tabela Comparativa das Profundidades - Valores Absolutos (FRAME 45)
	AV1
HEVC	DL0	DL1	DL2	DL3	DL4	DL5
DL1	0	30148	4852	584	0	0
DL2	0	7400	26588	4564	296	0
DL3	0	3276	9252	18104	2696	0
DL4	0	2192	3576	5664	3688	0
DL5	0	0	0	0	0	0
Tabela Comparativa das Profundidades - Porcentagens (FRAME 45)
	AV1
HEVC	DL0	DL1	DL2	DL3	DL4	DL5
DL1	0.00%	84.72%	13.64%	1.64%	0.00%	0.00%
DL2	0.00%	19.05%	68.44%	11.75%	0.76%	0.00%
DL3	0.00%	9.83%	27.76%	54.32%	8.09%	0.00%
DL4	0.00%	14.50%	23.65%	37.46%	24.39%	0.00%
DL5	-nan%	-nan%	-nan%	-nan%	-nan%	-nan%


Tabela Comparativa das Profundidades - Valores Absolutos (FRAME 46)
	AV1
HEVC	DL0	DL1	DL2	DL3	DL4	DL5
DL1	1024	44288	8128	1344	0	0
DL2	0	6272	29888	5552	336	0
DL3	0	2080	7216	10736	992	0
DL4	0	352	1872	1792	1008	0
DL5	0	0	0	0	0	0
Tabela Comparativa das Profundidades - Porcentagens (FRAME 46)
	AV1
HEVC	DL0	DL1	DL2	DL3	DL4	DL5
DL1	1.87%	80.84%	14.84%	2.45%	0.00%	0.00%
DL2	0.00%	14.92%	71.08%	13.20%	0.80%	0.00%
DL3	0.00%	9.89%	34.32%	51.07%	4.72%	0.00%
DL4	0.00%	7.01%	37.26%	35.67%	20.06%	0.00%
DL5	-nan%	-nan%	-nan%	-nan%	-nan%	-nan%


Tabela Comparativa das Profundidades - Valores Absolutos (FRAME 47)
	AV1
HEVC	DL0	DL1	DL2	DL3	DL4	DL5
DL1	256	50268	6032	1508	48	0
DL2	450	9174	25116	3144	132	0
DL3	368	3708	6608	9028	416	0
DL4	144	1864	2226	1838	552	0
DL5	0	0	0	0	0	0
Tabela Comparativa das Profundidades - Porcentagens (FRAME 47)
	AV1
HEVC	DL0	DL1	DL2	DL3	DL4	DL5
DL1	0.44%	86.50%	10.38%	2.59%	0.08%	0.00%
DL2	1.18%	24.13%	66.07%	8.27%	0.35%	0.00%
DL3	1.83%	18.42%	32.83%	44.85%	2.07%	0.00%
DL4	2.17%	28.14%	33.61%	27.75%	8.33%	0.00%
DL5	-nan%	-nan%	-nan%	-nan%	-nan%	-nan%


Tabela Comparativa das Profundidades - Valores Absolutos (FRAME 48)
	AV1
HEVC	DL0	DL1	DL2	DL3	DL4	DL5
DL1	1024	33326	2428	296	46	0
DL2	0	7804	23356	5740	476	0
DL3	0	3604	9632	17724	2432	0
DL4	0	2032	4382	5586	2992	0
DL5	0	0	0	0	0	0
Tabela Comparativa das Profundidades - Porcentagens (FRAME 48)
	AV1
HEVC	DL0	DL1	DL2	DL3	DL4	DL5
DL1	2.76%	89.78%	6.54%	0.80%	0.12%	0.00%
DL2	0.00%	20.88%	62.49%	15.36%	1.27%	0.00%
DL3	0.00%	10.79%	28.85%	53.08%	7.28%	0.00%
DL4	0.00%	13.55%	29.23%	37.26%	19.96%	0.00%
DL5	-nan%	-nan%	-nan%	-nan%	-nan%	-nan%


Tabela Comparativa das Profundidades - Valores Absolutos (FRAME 49)
	AV1
HEVC	DL0	DL1	DL2	DL3	DL4	DL5
DL1	0	31984	4148	668	64	0
DL2	0	6558	22142	5476	512	0
DL3	0	3468	9584	16864	3284	0
DL4	0	2088	4746	7096	4198	0
DL5	0	0	0	0	0	0
Tabela Comparativa das Profundidades - Porcentagens (FRAME 49)
	AV1
HEVC	DL0	DL1	DL2	DL3	DL4	DL5
DL1	0.00%	86.76%	11.25%	1.81%	0.17%	0.00%
DL2	0.00%	18.91%	63.83%	15.79%	1.48%	0.00%
DL3	0.00%	10.45%	28.87%	50.80%	9.89%	0.00%
DL4	0.00%	11.52%	26.18%	39.14%	23.16%	0.00%
DL5	-nan%	-nan%	-nan%	-nan%	-nan%	-nan%


Tabela Comparativa das Profundidades - Valores Absolutos (FRAME 50)
	AV1
HEVC	DL0	DL1	DL2	DL3	DL4	DL5
DL1	2488	46464	5056	760	16	0
DL2	568	5752	22924	4040	380	0
DL3	192	3524	6538	11910	2060	0
DL4	128	1620	2350	3736	2374	0
DL5	0	0	0	0	0	0
Tabela Comparativa das Profundidades - Porcentagens (FRAME 50)
	AV1
HEVC	DL0	DL1	DL2	DL3	DL4	DL5
DL1	4.54%	84.81%	9.23%	1.39%	0.03%	0.00%
DL2	1.69%	17.09%	68.10%	12.00%	1.13%	0.00%
DL3	0.79%	14.55%	26.99%	49.17%	8.50%	0.00%
DL4	1.25%	15.87%	23.02%	36.60%	23.26%	0.00%
DL5	-nan%	-nan%	-nan%	-nan%	-nan%	-nan%


Tabela Comparativa das Profundidades - Valores Absolutos (FRAME 51)
	AV1
HEVC	DL0	DL1	DL2	DL3	DL4	DL5
DL1	2816	54096	5476	1312	44	0
DL2	256	6840	22610	3638	128	0
DL3	128	2892	7434	8126	812	0
DL4	128	1552	2352	1508	732	0
DL5	0	0	0	0	0	0
Tabela Comparativa das Profundidades - Porcentagens (FRAME 51)
	AV1
HEVC	DL0	DL1	DL2	DL3	DL4	DL5
DL1	4.42%	84.86%	8.59%	2.06%	0.07%	0.00%
DL2	0.76%	20.43%	67.55%	10.87%	0.38%	0.00%
DL3	0.66%	14.91%	38.34%	41.90%	4.19%	0.00%
DL4	2.04%	24.74%	37.50%	24.04%	11.67%	0.00%
DL5	-nan%	-nan%	-nan%	-nan%	-nan%	-nan%


Tabela Comparativa das Profundidades - Valores Absolutos (FRAME 52)
	AV1
HEVC	DL0	DL1	DL2	DL3	DL4	DL5
DL1	1024	44180	6064	1360	108	0
DL2	0	7452	23072	5100	472	0
DL3	0	4100	7036	13180	1332	0
DL4	0	2048	2348	2768	1236	0
DL5	0	0	0	0	0	0
Tabela Comparativa das Profundidades - Porcentagens (FRAME 52)
	AV1
HEVC	DL0	DL1	DL2	DL3	DL4	DL5
DL1	1.94%	83.78%	11.50%	2.58%	0.20%	0.00%
DL2	0.00%	20.64%	63.92%	14.13%	1.31%	0.00%
DL3	0.00%	15.99%	27.43%	51.39%	5.19%	0.00%
DL4	0.00%	24.38%	27.95%	32.95%	14.71%	0.00%
DL5	-nan%	-nan%	-nan%	-nan%	-nan%	-nan%


Tabela Comparativa das Profundidades - Valores Absolutos (FRAME 53)
	AV1
HEVC	DL0	DL1	DL2	DL3	DL4	DL5
DL1	2700	30408	6188	528	112	0
DL2	1164	6696	24150	4734	248	0
DL3	1176	1728	8008	18704	1744	0
DL4	636	1348	3352	6336	2920	0
DL5	0	0	0	0	0	0
Tabela Comparativa das Profundidades - Porcentagens (FRAME 53)
	AV1
HEVC	DL0	DL1	DL2	DL3	DL4	DL5
DL1	6.76%	76.14%	15.49%	1.32%	0.28%	0.00%
DL2	3.15%	18.10%	65.28%	12.80%	0.67%	0.00%
DL3	3.75%	5.51%	25.54%	59.64%	5.56%	0.00%
DL4	4.36%	9.24%	22.97%	43.42%	20.01%	0.00%
DL5	-nan%	-nan%	-nan%	-nan%	-nan%	-nan%


Tabela Comparativa das Profundidades - Valores Absolutos (FRAME 54)
	AV1
HEVC	DL0	DL1	DL2	DL3	DL4	DL5
DL1	0	50264	6912	1392	56	0
DL2	0	6872	24426	4082	460	0
DL3	0	3608	6388	9348	1168	0
DL4	0	2004	2356	2184	1360	0
DL5	0	0	0	0	0	0
Tabela Comparativa das Profundidades - Porcentagens (FRAME 54)
	AV1
HEVC	DL0	DL1	DL2	DL3	DL4	DL5
DL1	0.00%	85.74%	11.79%	2.37%	0.10%	0.00%
DL2	0.00%	19.17%	68.15%	11.39%	1.28%	0.00%
DL3	0.00%	17.59%	31.14%	45.57%	5.69%	0.00%
DL4	0.00%	25.35%	29.81%	27.63%	17.21%	0.00%
DL5	-nan%	-nan%	-nan%	-nan%	-nan%	-nan%


Tabela Comparativa das Profundidades - Valores Absolutos (FRAME 55)
	AV1
HEVC	DL0	DL1	DL2	DL3	DL4	DL5
DL1	0	59648	7040	1136	16	0
DL2	0	6528	22592	3312	208	0
DL3	0	2672	5792	8688	768	0
DL4	0	784	1248	1696	752	0
DL5	0	0	0	0	0	0
Tabela Comparativa das Profundidades - Porcentagens (FRAME 55)
	AV1
HEVC	DL0	DL1	DL2	DL3	DL4	DL5
DL1	0.00%	87.92%	10.38%	1.67%	0.02%	0.00%
DL2	0.00%	20.00%	69.22%	10.15%	0.64%	0.00%
DL3	0.00%	14.91%	32.32%	48.48%	4.29%	0.00%
DL4	0.00%	17.50%	27.86%	37.86%	16.79%	0.00%
DL5	-nan%	-nan%	-nan%	-nan%	-nan%	-nan%


Tabela Comparativa das Profundidades - Valores Absolutos (FRAME 56)
	AV1
HEVC	DL0	DL1	DL2	DL3	DL4	DL5
DL1	0	12836	2716	448	128	0
DL2	0	9606	26398	7340	1264	0
DL3	0	3704	12800	18552	3232	0
DL4	0	1990	6366	10128	5372	0
DL5	0	0	0	0	0	0
Tabela Comparativa das Profundidades - Porcentagens (FRAME 56)
	AV1
HEVC	DL0	DL1	DL2	DL3	DL4	DL5
DL1	0.00%	79.59%	16.84%	2.78%	0.79%	0.00%
DL2	0.00%	21.53%	59.18%	16.45%	2.83%	0.00%
DL3	0.00%	9.67%	33.43%	48.45%	8.44%	0.00%
DL4	0.00%	8.34%	26.69%	42.45%	22.52%	0.00%
DL5	-nan%	-nan%	-nan%	-nan%	-nan%	-nan%


Tabela Comparativa das Profundidades - Valores Absolutos (FRAME 57)
	AV1
HEVC	DL0	DL1	DL2	DL3	DL4	DL5
DL1	0	24728	2312	332	20	0
DL2	0	9876	19760	4552	628	0
DL3	0	3560	10020	21308	2984	0
DL4	0	2612	5060	9360	5768	0
DL5	0	0	0	0	0	0
Tabela Comparativa das Profundidades - Porcentagens (FRAME 57)
	AV1
HEVC	DL0	DL1	DL2	DL3	DL4	DL5
DL1	0.00%	90.27%	8.44%	1.21%	0.07%	0.00%
DL2	0.00%	28.37%	56.76%	13.07%	1.80%	0.00%
DL3	0.00%	9.40%	26.46%	56.26%	7.88%	0.00%
DL4	0.00%	11.46%	22.19%	41.05%	25.30%	0.00%
DL5	-nan%	-nan%	-nan%	-nan%	-nan%	-nan%


Tabela Comparativa das Profundidades - Valores Absolutos (FRAME 58)
	AV1
HEVC	DL0	DL1	DL2	DL3	DL4	DL5
DL1	0	38000	3392	304	32	0
DL2	0	8272	16832	5492	572	0
DL3	0	3056	8776	19060	2388	0
DL4	0	2464	3510	7112	3618	0
DL5	0	0	0	0	0	0
Tabela Comparativa das Profundidades - Porcentagens (FRAME 58)
	AV1
HEVC	DL0	DL1	DL2	DL3	DL4	DL5
DL1	0.00%	91.07%	8.13%	0.73%	0.08%	0.00%
DL2	0.00%	26.54%	54.00%	17.62%	1.84%	0.00%
DL3	0.00%	9.18%	26.37%	57.27%	7.18%	0.00%
DL4	0.00%	14.75%	21.01%	42.58%	21.66%	0.00%
DL5	-nan%	-nan%	-nan%	-nan%	-nan%	-nan%


Tabela Comparativa das Profundidades - Valores Absolutos (FRAME 59)
	AV1
HEVC	DL0	DL1	DL2	DL3	DL4	DL5
DL1	1464	48640	4992	712	0	0
DL2	128	6970	21118	3780	516	0
DL3	388	3040	6074	12150	1532	0
DL4	224	1768	2878	4196	2310	0
DL5	0	0	0	0	0	0
Tabela Comparativa das Profundidades - Porcentagens (FRAME 59)
	AV1
HEVC	DL0	DL1	DL2	DL3	DL4	DL5
DL1	2.62%	87.16%	8.94%	1.28%	0.00%	0.00%
DL2	0.39%	21.44%	64.95%	11.63%	1.59%	0.00%
DL3	1.67%	13.11%	26.20%	52.41%	6.61%	0.00%
DL4	1.97%	15.54%	25.30%	36.88%	20.31%	0.00%
DL5	-nan%	-nan%	-nan%	-nan%	-nan%	-nan%


Tabela Comparativa das Profundidades - Valores Absolutos (FRAME 60)
	AV1
HEVC	DL0	DL1	DL2	DL3	DL4	DL5
DL1	0	52660	4980	904	80	0
DL2	0	6996	24616	5012	240	0
DL3	0	3338	6848	9718	768	0
DL4	0	1808	2080	2040	792	0
DL5	0	0	0	0	0	0
Tabela Comparativa das Profundidades - Porcentagens (FRAME 60)
	AV1
HEVC	DL0	DL1	DL2	DL3	DL4	DL5
DL1	0.00%	89.83%	8.49%	1.54%	0.14%	0.00%
DL2	0.00%	18.98%	66.78%	13.60%	0.65%	0.00%
DL3	0.00%	16.15%	33.13%	47.01%	3.72%	0.00%
DL4	0.00%	26.90%	30.95%	30.36%	11.79%	0.00%
DL5	-nan%	-nan%	-nan%	-nan%	-nan%	-nan%


