Tabela Comparativa das Profundidades - Valores Absolutos (FRAME  1)
	AV1
HEVC	DL0	DL1	DL2	DL3	DL4	DL5
DL1	0	51968	10624	3616	352	0
DL2	0	17216	155648	30528	7552	0
DL3	0	5136	40608	90256	15792	0
DL4	0	2480	20576	32112	39824	0
DL5	0	0	0	0	0	0
Tabela Comparativa das Profundidades - Porcentagens (FRAME  1)
	AV1
HEVC	DL0	DL1	DL2	DL3	DL4	DL5
DL1	0.00%	78.08%	15.96%	5.43%	0.53%	0.00%
DL2	0.00%	8.16%	73.79%	14.47%	3.58%	0.00%
DL3	0.00%	3.38%	26.75%	59.46%	10.40%	0.00%
DL4	0.00%	2.61%	21.66%	33.80%	41.92%	0.00%
DL5	-nan%	-nan%	-nan%	-nan%	-nan%	-nan%


Tabela Comparativa das Profundidades - Valores Absolutos (FRAME  2)
	AV1
HEVC	DL0	DL1	DL2	DL3	DL4	DL5
DL1	0	94976	17340	988	104	0
DL2	0	36376	189700	9812	656	0
DL3	0	11538	89789	32641	1712	0
DL4	0	2800	21000	12328	2528	0
DL5	0	0	0	0	0	0
Tabela Comparativa das Profundidades - Porcentagens (FRAME  2)
	AV1
HEVC	DL0	DL1	DL2	DL3	DL4	DL5
DL1	0.00%	83.75%	15.29%	0.87%	0.09%	0.00%
DL2	0.00%	15.38%	80.20%	4.15%	0.28%	0.00%
DL3	0.00%	8.50%	66.18%	24.06%	1.26%	0.00%
DL4	0.00%	7.24%	54.33%	31.89%	6.54%	0.00%
DL5	-nan%	-nan%	-nan%	-nan%	-nan%	-nan%


Tabela Comparativa das Profundidades - Valores Absolutos (FRAME  3)
	AV1
HEVC	DL0	DL1	DL2	DL3	DL4	DL5
DL1	0	103424	21248	768	0	0
DL2	0	39544	207176	9312	352	0
DL3	0	11966	79490	26320	976	0
DL4	0	1792	12928	7456	1536	0
DL5	0	0	0	0	0	0
Tabela Comparativa das Profundidades - Porcentagens (FRAME  3)
	AV1
HEVC	DL0	DL1	DL2	DL3	DL4	DL5
DL1	0.00%	82.45%	16.94%	0.61%	0.00%	0.00%
DL2	0.00%	15.42%	80.81%	3.63%	0.14%	0.00%
DL3	0.00%	10.08%	66.94%	22.16%	0.82%	0.00%
DL4	0.00%	7.56%	54.52%	31.44%	6.48%	0.00%
DL5	-nan%	-nan%	-nan%	-nan%	-nan%	-nan%


Tabela Comparativa das Profundidades - Valores Absolutos (FRAME  4)
	AV1
HEVC	DL0	DL1	DL2	DL3	DL4	DL5
DL1	0	154112	25024	576	0	0
DL2	0	43150	183826	6224	208	0
DL3	0	12864	53376	23680	608	0
DL4	0	1472	10464	7056	1648	0
DL5	0	0	0	0	0	0
Tabela Comparativa das Profundidades - Porcentagens (FRAME  4)
	AV1
HEVC	DL0	DL1	DL2	DL3	DL4	DL5
DL1	0.00%	85.75%	13.92%	0.32%	0.00%	0.00%
DL2	0.00%	18.49%	78.76%	2.67%	0.09%	0.00%
DL3	0.00%	14.21%	58.96%	26.16%	0.67%	0.00%
DL4	0.00%	7.13%	50.70%	34.19%	7.98%	0.00%
DL5	-nan%	-nan%	-nan%	-nan%	-nan%	-nan%


Tabela Comparativa das Profundidades - Valores Absolutos (FRAME  5)
	AV1
HEVC	DL0	DL1	DL2	DL3	DL4	DL5
DL1	0	204032	27200	448	0	0
DL2	0	53824	152848	6912	240	0
DL3	0	10342	35450	18560	448	0
DL4	0	1344	6416	5424	800	0
DL5	0	0	0	0	0	0
Tabela Comparativa das Profundidades - Porcentagens (FRAME  5)
	AV1
HEVC	DL0	DL1	DL2	DL3	DL4	DL5
DL1	0.00%	88.07%	11.74%	0.19%	0.00%	0.00%
DL2	0.00%	25.17%	71.48%	3.23%	0.11%	0.00%
DL3	0.00%	15.96%	54.71%	28.64%	0.69%	0.00%
DL4	0.00%	9.61%	45.88%	38.79%	5.72%	0.00%
DL5	-nan%	-nan%	-nan%	-nan%	-nan%	-nan%


Tabela Comparativa das Profundidades - Valores Absolutos (FRAME  6)
	AV1
HEVC	DL0	DL1	DL2	DL3	DL4	DL5
DL1	0	294912	22080	432	16	0
DL2	0	56440	93992	3888	240	0
DL3	0	13992	19224	10224	240	0
DL4	0	1808	3728	2560	512	0
DL5	0	0	0	0	0	0
Tabela Comparativa das Profundidades - Porcentagens (FRAME  6)
	AV1
HEVC	DL0	DL1	DL2	DL3	DL4	DL5
DL1	0.00%	92.90%	6.96%	0.14%	0.01%	0.00%
DL2	0.00%	36.52%	60.81%	2.52%	0.16%	0.00%
DL3	0.00%	32.03%	44.01%	23.41%	0.55%	0.00%
DL4	0.00%	21.00%	43.31%	29.74%	5.95%	0.00%
DL5	-nan%	-nan%	-nan%	-nan%	-nan%	-nan%


Tabela Comparativa das Profundidades - Valores Absolutos (FRAME  7)
	AV1
HEVC	DL0	DL1	DL2	DL3	DL4	DL5
DL1	0	334848	14912	448	0	0
DL2	0	44928	73664	4144	80	0
DL3	0	13872	17152	11536	256	0
DL4	0	1776	3584	2736	352	0
DL5	0	0	0	0	0	0
Tabela Comparativa das Profundidades - Porcentagens (FRAME  7)
	AV1
HEVC	DL0	DL1	DL2	DL3	DL4	DL5
DL1	0.00%	95.61%	4.26%	0.13%	0.00%	0.00%
DL2	0.00%	36.58%	59.98%	3.37%	0.07%	0.00%
DL3	0.00%	32.40%	40.06%	26.94%	0.60%	0.00%
DL4	0.00%	21.02%	42.42%	32.39%	4.17%	0.00%
DL5	-nan%	-nan%	-nan%	-nan%	-nan%	-nan%


Tabela Comparativa das Profundidades - Valores Absolutos (FRAME  8)
	AV1
HEVC	DL0	DL1	DL2	DL3	DL4	DL5
DL1	0	304640	18560	624	16	0
DL2	0	42160	91392	4336	224	0
DL3	0	14160	21216	14160	320	0
DL4	0	1840	5344	4304	992	0
DL5	0	0	0	0	0	0
Tabela Comparativa das Profundidades - Porcentagens (FRAME  8)
	AV1
HEVC	DL0	DL1	DL2	DL3	DL4	DL5
DL1	0.00%	94.07%	5.73%	0.19%	0.00%	0.00%
DL2	0.00%	30.53%	66.17%	3.14%	0.16%	0.00%
DL3	0.00%	28.40%	42.55%	28.40%	0.64%	0.00%
DL4	0.00%	14.74%	42.82%	34.49%	7.95%	0.00%
DL5	-nan%	-nan%	-nan%	-nan%	-nan%	-nan%


Tabela Comparativa das Profundidades - Valores Absolutos (FRAME  9)
	AV1
HEVC	DL0	DL1	DL2	DL3	DL4	DL5
DL1	0	286976	19648	560	16	0
DL2	0	51072	109776	3984	96	0
DL3	0	13736	18520	10544	320	0
DL4	0	1200	4272	3056	512	0
DL5	0	0	0	0	0	0
Tabela Comparativa das Profundidades - Porcentagens (FRAME  9)
	AV1
HEVC	DL0	DL1	DL2	DL3	DL4	DL5
DL1	0.00%	93.42%	6.40%	0.18%	0.01%	0.00%
DL2	0.00%	30.97%	66.56%	2.42%	0.06%	0.00%
DL3	0.00%	31.86%	42.95%	24.45%	0.74%	0.00%
DL4	0.00%	13.27%	47.26%	33.81%	5.66%	0.00%
DL5	-nan%	-nan%	-nan%	-nan%	-nan%	-nan%


Tabela Comparativa das Profundidades - Valores Absolutos (FRAME 10)
	AV1
HEVC	DL0	DL1	DL2	DL3	DL4	DL5
DL1	0	338944	15232	624	16	0
DL2	0	45568	74816	3408	176	0
DL3	0	11824	16576	8960	208	0
DL4	0	976	3520	2992	448	0
DL5	0	0	0	0	0	0
Tabela Comparativa das Profundidades - Porcentagens (FRAME 10)
	AV1
HEVC	DL0	DL1	DL2	DL3	DL4	DL5
DL1	0.00%	95.53%	4.29%	0.18%	0.00%	0.00%
DL2	0.00%	36.76%	60.35%	2.75%	0.14%	0.00%
DL3	0.00%	31.47%	44.12%	23.85%	0.55%	0.00%
DL4	0.00%	12.30%	44.35%	37.70%	5.65%	0.00%
DL5	-nan%	-nan%	-nan%	-nan%	-nan%	-nan%


Tabela Comparativa das Profundidades - Valores Absolutos (FRAME 11)
	AV1
HEVC	DL0	DL1	DL2	DL3	DL4	DL5
DL1	0	310016	14784	320	0	0
DL2	0	42176	85696	5024	288	0
DL3	0	15568	21936	14640	640	0
DL4	0	2256	5776	3904	1264	0
DL5	0	0	0	0	0	0
Tabela Comparativa das Profundidades - Porcentagens (FRAME 11)
	AV1
HEVC	DL0	DL1	DL2	DL3	DL4	DL5
DL1	0.00%	95.35%	4.55%	0.10%	0.00%	0.00%
DL2	0.00%	31.67%	64.34%	3.77%	0.22%	0.00%
DL3	0.00%	29.49%	41.56%	27.74%	1.21%	0.00%
DL4	0.00%	17.09%	43.76%	29.58%	9.58%	0.00%
DL5	-nan%	-nan%	-nan%	-nan%	-nan%	-nan%


Tabela Comparativa das Profundidades - Valores Absolutos (FRAME 12)
	AV1
HEVC	DL0	DL1	DL2	DL3	DL4	DL5
DL1	0	195072	25856	256	0	0
DL2	0	62776	148744	4864	320	0
DL3	0	12720	36352	20480	768	0
DL4	0	1648	7360	5824	1248	0
DL5	0	0	0	0	0	0
Tabela Comparativa das Profundidades - Porcentagens (FRAME 12)
	AV1
HEVC	DL0	DL1	DL2	DL3	DL4	DL5
DL1	0.00%	88.19%	11.69%	0.12%	0.00%	0.00%
DL2	0.00%	28.97%	68.64%	2.24%	0.15%	0.00%
DL3	0.00%	18.09%	51.70%	29.12%	1.09%	0.00%
DL4	0.00%	10.25%	45.77%	36.22%	7.76%	0.00%
DL5	-nan%	-nan%	-nan%	-nan%	-nan%	-nan%


Tabela Comparativa das Profundidades - Valores Absolutos (FRAME 13)
	AV1
HEVC	DL0	DL1	DL2	DL3	DL4	DL5
DL1	0	277760	20928	320	0	0
DL2	0	50944	109568	4112	176	0
DL3	0	13472	22368	12848	784	0
DL4	0	1392	4448	3648	1520	0
DL5	0	0	0	0	0	0
Tabela Comparativa das Profundidades - Porcentagens (FRAME 13)
	AV1
HEVC	DL0	DL1	DL2	DL3	DL4	DL5
DL1	0.00%	92.89%	7.00%	0.11%	0.00%	0.00%
DL2	0.00%	30.91%	66.49%	2.50%	0.11%	0.00%
DL3	0.00%	27.23%	45.21%	25.97%	1.58%	0.00%
DL4	0.00%	12.65%	40.41%	33.14%	13.81%	0.00%
DL5	-nan%	-nan%	-nan%	-nan%	-nan%	-nan%


Tabela Comparativa das Profundidades - Valores Absolutos (FRAME 14)
	AV1
HEVC	DL0	DL1	DL2	DL3	DL4	DL5
DL1	0	348160	13632	448	0	0
DL2	0	44536	66984	3584	224	0
DL3	0	13200	15360	9584	576	0
DL4	0	1568	3328	2560	544	0
DL5	0	0	0	0	0	0
Tabela Comparativa das Profundidades - Porcentagens (FRAME 14)
	AV1
HEVC	DL0	DL1	DL2	DL3	DL4	DL5
DL1	0.00%	96.11%	3.76%	0.12%	0.00%	0.00%
DL2	0.00%	38.62%	58.08%	3.11%	0.19%	0.00%
DL3	0.00%	34.09%	39.67%	24.75%	1.49%	0.00%
DL4	0.00%	19.60%	41.60%	32.00%	6.80%	0.00%
DL5	-nan%	-nan%	-nan%	-nan%	-nan%	-nan%


Tabela Comparativa das Profundidades - Valores Absolutos (FRAME 15)
	AV1
HEVC	DL0	DL1	DL2	DL3	DL4	DL5
DL1	0	339712	16320	320	0	0
DL2	0	34368	76352	3680	32	0
DL3	0	14560	16576	12720	288	0
DL4	0	1824	3936	2960	640	0
DL5	0	0	0	0	0	0
Tabela Comparativa das Profundidades - Porcentagens (FRAME 15)
	AV1
HEVC	DL0	DL1	DL2	DL3	DL4	DL5
DL1	0.00%	95.33%	4.58%	0.09%	0.00%	0.00%
DL2	0.00%	30.03%	66.72%	3.22%	0.03%	0.00%
DL3	0.00%	32.98%	37.55%	28.81%	0.65%	0.00%
DL4	0.00%	19.49%	42.05%	31.62%	6.84%	0.00%
DL5	-nan%	-nan%	-nan%	-nan%	-nan%	-nan%


Tabela Comparativa das Profundidades - Valores Absolutos (FRAME 16)
	AV1
HEVC	DL0	DL1	DL2	DL3	DL4	DL5
DL1	0	252672	21312	704	0	0
DL2	0	52152	120552	4432	272	0
DL3	0	14256	27040	17456	336	0
DL4	0	1712	5216	4784	1392	0
DL5	0	0	0	0	0	0
Tabela Comparativa das Profundidades - Porcentagens (FRAME 16)
	AV1
HEVC	DL0	DL1	DL2	DL3	DL4	DL5
DL1	0.00%	91.99%	7.76%	0.26%	0.00%	0.00%
DL2	0.00%	29.40%	67.95%	2.50%	0.15%	0.00%
DL3	0.00%	24.13%	45.76%	29.54%	0.57%	0.00%
DL4	0.00%	13.06%	39.80%	36.51%	10.62%	0.00%
DL5	-nan%	-nan%	-nan%	-nan%	-nan%	-nan%


Tabela Comparativa das Profundidades - Valores Absolutos (FRAME 17)
	AV1
HEVC	DL0	DL1	DL2	DL3	DL4	DL5
DL1	0	333312	16640	512	0	0
DL2	0	42352	77008	3552	96	0
DL3	0	13472	18224	10112	384	0
DL4	0	1248	4048	2592	736	0
DL5	0	0	0	0	0	0
Tabela Comparativa das Profundidades - Porcentagens (FRAME 17)
	AV1
HEVC	DL0	DL1	DL2	DL3	DL4	DL5
DL1	0.00%	95.11%	4.75%	0.15%	0.00%	0.00%
DL2	0.00%	34.43%	62.60%	2.89%	0.08%	0.00%
DL3	0.00%	31.93%	43.19%	23.97%	0.91%	0.00%
DL4	0.00%	14.47%	46.94%	30.06%	8.53%	0.00%
DL5	-nan%	-nan%	-nan%	-nan%	-nan%	-nan%


Tabela Comparativa das Profundidades - Valores Absolutos (FRAME 18)
	AV1
HEVC	DL0	DL1	DL2	DL3	DL4	DL5
DL1	0	340480	18752	448	0	0
DL2	0	36416	79232	5920	96	0
DL3	0	5920	14752	13200	448	0
DL4	0	1440	3424	2848	912	0
DL5	0	0	0	0	0	0
Tabela Comparativa das Profundidades - Porcentagens (FRAME 18)
	AV1
HEVC	DL0	DL1	DL2	DL3	DL4	DL5
DL1	0.00%	94.66%	5.21%	0.12%	0.00%	0.00%
DL2	0.00%	29.93%	65.12%	4.87%	0.08%	0.00%
DL3	0.00%	17.25%	42.98%	38.46%	1.31%	0.00%
DL4	0.00%	16.70%	39.70%	33.02%	10.58%	0.00%
DL5	-nan%	-nan%	-nan%	-nan%	-nan%	-nan%


Tabela Comparativa das Profundidades - Valores Absolutos (FRAME 19)
	AV1
HEVC	DL0	DL1	DL2	DL3	DL4	DL5
DL1	0	63488	14272	576	0	0
DL2	0	27008	172416	6432	672	0
DL3	0	14720	96464	35648	1456	0
DL4	0	3840	52464	27600	7232	0
DL5	0	0	0	0	0	0
Tabela Comparativa das Profundidades - Porcentagens (FRAME 19)
	AV1
HEVC	DL0	DL1	DL2	DL3	DL4	DL5
DL1	0.00%	81.05%	18.22%	0.74%	0.00%	0.00%
DL2	0.00%	13.08%	83.48%	3.11%	0.33%	0.00%
DL3	0.00%	9.93%	65.05%	24.04%	0.98%	0.00%
DL4	0.00%	4.21%	57.57%	30.28%	7.94%	0.00%
DL5	-nan%	-nan%	-nan%	-nan%	-nan%	-nan%


Tabela Comparativa das Profundidades - Valores Absolutos (FRAME 20)
	AV1
HEVC	DL0	DL1	DL2	DL3	DL4	DL5
DL1	0	109312	25024	1088	0	0
DL2	0	38336	202464	8080	400	0
DL3	0	10640	72800	27856	864	0
DL4	0	1488	16160	8288	1488	0
DL5	0	0	0	0	0	0
Tabela Comparativa das Profundidades - Porcentagens (FRAME 20)
	AV1
HEVC	DL0	DL1	DL2	DL3	DL4	DL5
DL1	0.00%	80.72%	18.48%	0.80%	0.00%	0.00%
DL2	0.00%	15.38%	81.22%	3.24%	0.16%	0.00%
DL3	0.00%	9.49%	64.91%	24.84%	0.77%	0.00%
DL4	0.00%	5.43%	58.93%	30.22%	5.43%	0.00%
DL5	-nan%	-nan%	-nan%	-nan%	-nan%	-nan%


Tabela Comparativa das Profundidades - Valores Absolutos (FRAME 21)
	AV1
HEVC	DL0	DL1	DL2	DL3	DL4	DL5
DL1	0	167680	27776	848	48	0
DL2	0	53326	160082	7248	400	0
DL3	0	14128	47968	23616	992	0
DL4	0	2112	8672	7248	2144	0
DL5	0	0	0	0	0	0
Tabela Comparativa das Profundidades - Porcentagens (FRAME 21)
	AV1
HEVC	DL0	DL1	DL2	DL3	DL4	DL5
DL1	0.00%	85.40%	14.15%	0.43%	0.02%	0.00%
DL2	0.00%	24.12%	72.42%	3.28%	0.18%	0.00%
DL3	0.00%	16.29%	55.32%	27.24%	1.14%	0.00%
DL4	0.00%	10.47%	42.98%	35.92%	10.63%	0.00%
DL5	-nan%	-nan%	-nan%	-nan%	-nan%	-nan%


Tabela Comparativa das Profundidades - Valores Absolutos (FRAME 22)
	AV1
HEVC	DL0	DL1	DL2	DL3	DL4	DL5
DL1	0	203520	25088	512	0	0
DL2	0	49340	154100	5808	160	0
DL3	0	11144	36788	21348	672	0
DL4	0	1760	6880	5808	1360	0
DL5	0	0	0	0	0	0
Tabela Comparativa das Profundidades - Porcentagens (FRAME 22)
	AV1
HEVC	DL0	DL1	DL2	DL3	DL4	DL5
DL1	0.00%	88.83%	10.95%	0.22%	0.00%	0.00%
DL2	0.00%	23.56%	73.59%	2.77%	0.08%	0.00%
DL3	0.00%	15.93%	52.59%	30.52%	0.96%	0.00%
DL4	0.00%	11.13%	43.52%	36.74%	8.60%	0.00%
DL5	-nan%	-nan%	-nan%	-nan%	-nan%	-nan%


Tabela Comparativa das Profundidades - Valores Absolutos (FRAME 23)
	AV1
HEVC	DL0	DL1	DL2	DL3	DL4	DL5
DL1	0	290304	21888	128	0	0
DL2	0	51840	97696	3824	304	0
DL3	0	13904	21872	12016	672	0
DL4	0	1680	3696	3696	768	0
DL5	0	0	0	0	0	0
Tabela Comparativa das Profundidades - Porcentagens (FRAME 23)
	AV1
HEVC	DL0	DL1	DL2	DL3	DL4	DL5
DL1	0.00%	92.95%	7.01%	0.04%	0.00%	0.00%
DL2	0.00%	33.74%	63.58%	2.49%	0.20%	0.00%
DL3	0.00%	28.69%	45.13%	24.79%	1.39%	0.00%
DL4	0.00%	17.07%	37.56%	37.56%	7.80%	0.00%
DL5	-nan%	-nan%	-nan%	-nan%	-nan%	-nan%


Tabela Comparativa das Profundidades - Valores Absolutos (FRAME 24)
	AV1
HEVC	DL0	DL1	DL2	DL3	DL4	DL5
DL1	0	328448	14784	320	0	0
DL2	0	42680	85768	3664	48	0
DL3	0	13672	17608	9616	256	0
DL4	0	1040	3744	2224	416	0
DL5	0	0	0	0	0	0
Tabela Comparativa das Profundidades - Porcentagens (FRAME 24)
	AV1
HEVC	DL0	DL1	DL2	DL3	DL4	DL5
DL1	0.00%	95.60%	4.30%	0.09%	0.00%	0.00%
DL2	0.00%	32.29%	64.90%	2.77%	0.04%	0.00%
DL3	0.00%	33.22%	42.79%	23.37%	0.62%	0.00%
DL4	0.00%	14.01%	50.43%	29.96%	5.60%	0.00%
DL5	-nan%	-nan%	-nan%	-nan%	-nan%	-nan%


Tabela Comparativa das Profundidades - Valores Absolutos (FRAME 25)
	AV1
HEVC	DL0	DL1	DL2	DL3	DL4	DL5
DL1	0	302336	17664	256	0	0
DL2	0	42728	87384	5328	176	0
DL3	0	14272	23184	16384	592	0
DL4	0	1856	5744	5040	1344	0
DL5	0	0	0	0	0	0
Tabela Comparativa das Profundidades - Porcentagens (FRAME 25)
	AV1
HEVC	DL0	DL1	DL2	DL3	DL4	DL5
DL1	0.00%	94.40%	5.52%	0.08%	0.00%	0.00%
DL2	0.00%	31.51%	64.43%	3.93%	0.13%	0.00%
DL3	0.00%	26.22%	42.59%	30.10%	1.09%	0.00%
DL4	0.00%	13.27%	41.08%	36.04%	9.61%	0.00%
DL5	-nan%	-nan%	-nan%	-nan%	-nan%	-nan%


Tabela Comparativa das Profundidades - Valores Absolutos (FRAME 26)
	AV1
HEVC	DL0	DL1	DL2	DL3	DL4	DL5
DL1	0	283904	20096	880	16	0
DL2	0	48064	112512	4304	112	0
DL3	0	13880	20456	11872	176	0
DL4	0	1344	3296	2960	416	0
DL5	0	0	0	0	0	0
Tabela Comparativa das Profundidades - Porcentagens (FRAME 26)
	AV1
HEVC	DL0	DL1	DL2	DL3	DL4	DL5
DL1	0.00%	93.12%	6.59%	0.29%	0.01%	0.00%
DL2	0.00%	29.13%	68.19%	2.61%	0.07%	0.00%
DL3	0.00%	29.92%	44.10%	25.60%	0.38%	0.00%
DL4	0.00%	16.77%	41.12%	36.93%	5.19%	0.00%
DL5	-nan%	-nan%	-nan%	-nan%	-nan%	-nan%


Tabela Comparativa das Profundidades - Valores Absolutos (FRAME 27)
	AV1
HEVC	DL0	DL1	DL2	DL3	DL4	DL5
DL1	0	342016	16192	448	0	0
DL2	0	40496	73936	4288	128	0
DL3	0	12312	15912	10592	352	0
DL4	0	992	3616	2432	576	0
DL5	0	0	0	0	0	0
Tabela Comparativa das Profundidades - Porcentagens (FRAME 27)
	AV1
HEVC	DL0	DL1	DL2	DL3	DL4	DL5
DL1	0.00%	95.36%	4.51%	0.12%	0.00%	0.00%
DL2	0.00%	34.07%	62.21%	3.61%	0.11%	0.00%
DL3	0.00%	31.43%	40.62%	27.04%	0.90%	0.00%
DL4	0.00%	13.03%	47.48%	31.93%	7.56%	0.00%
DL5	-nan%	-nan%	-nan%	-nan%	-nan%	-nan%


Tabela Comparativa das Profundidades - Valores Absolutos (FRAME 28)
	AV1
HEVC	DL0	DL1	DL2	DL3	DL4	DL5
DL1	0	299520	18496	896	64	0
DL2	0	44792	86664	5520	176	0
DL3	0	14768	23824	15280	960	0
DL4	0	1456	5872	4608	1392	0
DL5	0	0	0	0	0	0
Tabela Comparativa das Profundidades - Porcentagens (FRAME 28)
	AV1
HEVC	DL0	DL1	DL2	DL3	DL4	DL5
DL1	0.00%	93.90%	5.80%	0.28%	0.02%	0.00%
DL2	0.00%	32.66%	63.19%	4.02%	0.13%	0.00%
DL3	0.00%	26.93%	43.45%	27.87%	1.75%	0.00%
DL4	0.00%	10.92%	44.06%	34.57%	10.44%	0.00%
DL5	-nan%	-nan%	-nan%	-nan%	-nan%	-nan%


Tabela Comparativa das Profundidades - Valores Absolutos (FRAME 29)
	AV1
HEVC	DL0	DL1	DL2	DL3	DL4	DL5
DL1	0	194560	24640	704	0	0
DL2	0	54712	150664	6624	224	0
DL3	0	12472	40104	21504	1216	0
DL4	0	1696	6720	6832	1616	0
DL5	0	0	0	0	0	0
Tabela Comparativa das Profundidades - Porcentagens (FRAME 29)
	AV1
HEVC	DL0	DL1	DL2	DL3	DL4	DL5
DL1	0.00%	88.47%	11.20%	0.32%	0.00%	0.00%
DL2	0.00%	25.78%	70.99%	3.12%	0.11%	0.00%
DL3	0.00%	16.56%	53.26%	28.56%	1.61%	0.00%
DL4	0.00%	10.06%	39.85%	40.51%	9.58%	0.00%
DL5	-nan%	-nan%	-nan%	-nan%	-nan%	-nan%


Tabela Comparativa das Profundidades - Valores Absolutos (FRAME 30)
	AV1
HEVC	DL0	DL1	DL2	DL3	DL4	DL5
DL1	0	271616	20928	784	48	0
DL2	0	52280	109192	4816	176	0
DL3	0	13520	23504	15024	752	0
DL4	0	1424	4800	4176	1248	0
DL5	0	0	0	0	0	0
Tabela Comparativa das Profundidades - Porcentagens (FRAME 30)
	AV1
HEVC	DL0	DL1	DL2	DL3	DL4	DL5
DL1	0.00%	92.58%	7.13%	0.27%	0.02%	0.00%
DL2	0.00%	31.41%	65.59%	2.89%	0.11%	0.00%
DL3	0.00%	25.61%	44.52%	28.45%	1.42%	0.00%
DL4	0.00%	12.23%	41.21%	35.85%	10.71%	0.00%
DL5	-nan%	-nan%	-nan%	-nan%	-nan%	-nan%


Tabela Comparativa das Profundidades - Valores Absolutos (FRAME 31)
	AV1
HEVC	DL0	DL1	DL2	DL3	DL4	DL5
DL1	0	322560	19712	496	16	0
DL2	0	42432	86336	3616	352	0
DL3	0	13264	17472	9664	320	0
DL4	0	880	3712	2928	528	0
DL5	0	0	0	0	0	0
Tabela Comparativa das Profundidades - Porcentagens (FRAME 31)
	AV1
HEVC	DL0	DL1	DL2	DL3	DL4	DL5
DL1	0.00%	94.10%	5.75%	0.14%	0.00%	0.00%
DL2	0.00%	31.97%	65.04%	2.72%	0.27%	0.00%
DL3	0.00%	32.57%	42.91%	23.73%	0.79%	0.00%
DL4	0.00%	10.93%	46.12%	36.38%	6.56%	0.00%
DL5	-nan%	-nan%	-nan%	-nan%	-nan%	-nan%


Tabela Comparativa das Profundidades - Valores Absolutos (FRAME 32)
	AV1
HEVC	DL0	DL1	DL2	DL3	DL4	DL5
DL1	0	323328	18176	1520	16	0
DL2	0	43200	79552	4800	128	0
DL3	0	14272	18560	12256	288	0
DL4	0	1248	3520	2912	512	0
DL5	0	0	0	0	0	0
Tabela Comparativa das Profundidades - Porcentagens (FRAME 32)
	AV1
HEVC	DL0	DL1	DL2	DL3	DL4	DL5
DL1	0.00%	94.25%	5.30%	0.44%	0.00%	0.00%
DL2	0.00%	33.83%	62.31%	3.76%	0.10%	0.00%
DL3	0.00%	31.45%	40.90%	27.01%	0.63%	0.00%
DL4	0.00%	15.23%	42.97%	35.55%	6.25%	0.00%
DL5	-nan%	-nan%	-nan%	-nan%	-nan%	-nan%


Tabela Comparativa das Profundidades - Valores Absolutos (FRAME 33)
	AV1
HEVC	DL0	DL1	DL2	DL3	DL4	DL5
DL1	0	242944	21952	560	16	0
DL2	0	50744	124616	6800	176	0
DL3	0	12704	29392	20032	448	0
DL4	0	1376	5136	5776	1616	0
DL5	0	0	0	0	0	0
Tabela Comparativa das Profundidades - Porcentagens (FRAME 33)
	AV1
HEVC	DL0	DL1	DL2	DL3	DL4	DL5
DL1	0.00%	91.51%	8.27%	0.21%	0.01%	0.00%
DL2	0.00%	27.83%	68.34%	3.73%	0.10%	0.00%
DL3	0.00%	20.30%	46.97%	32.01%	0.72%	0.00%
DL4	0.00%	9.90%	36.94%	41.54%	11.62%	0.00%
DL5	-nan%	-nan%	-nan%	-nan%	-nan%	-nan%


Tabela Comparativa das Profundidades - Valores Absolutos (FRAME 34)
	AV1
HEVC	DL0	DL1	DL2	DL3	DL4	DL5
DL1	0	331264	18944	1520	16	0
DL2	0	35768	80904	4912	272	0
DL3	0	12096	17792	11648	400	0
DL4	0	1024	4096	2944	688	0
DL5	0	0	0	0	0	0
Tabela Comparativa das Profundidades - Porcentagens (FRAME 34)
	AV1
HEVC	DL0	DL1	DL2	DL3	DL4	DL5
DL1	0.00%	94.18%	5.39%	0.43%	0.00%	0.00%
DL2	0.00%	29.35%	66.39%	4.03%	0.22%	0.00%
DL3	0.00%	28.84%	42.43%	27.78%	0.95%	0.00%
DL4	0.00%	11.70%	46.80%	33.64%	7.86%	0.00%
DL5	-nan%	-nan%	-nan%	-nan%	-nan%	-nan%


Tabela Comparativa das Profundidades - Valores Absolutos (FRAME 35)
	AV1
HEVC	DL0	DL1	DL2	DL3	DL4	DL5
DL1	0	319744	18048	352	32	0
DL2	0	38016	92864	6048	224	0
DL3	0	5952	18848	14800	336	0
DL4	0	1344	4000	2656	1024	0
DL5	0	0	0	0	0	0
Tabela Comparativa das Profundidades - Porcentagens (FRAME 35)
	AV1
HEVC	DL0	DL1	DL2	DL3	DL4	DL5
DL1	0.00%	94.55%	5.34%	0.10%	0.01%	0.00%
DL2	0.00%	27.72%	67.71%	4.41%	0.16%	0.00%
DL3	0.00%	14.90%	47.20%	37.06%	0.84%	0.00%
DL4	0.00%	14.89%	44.33%	29.43%	11.35%	0.00%
DL5	-nan%	-nan%	-nan%	-nan%	-nan%	-nan%


Tabela Comparativa das Profundidades - Valores Absolutos (FRAME 36)
	AV1
HEVC	DL0	DL1	DL2	DL3	DL4	DL5
DL1	0	105728	18048	384	0	0
DL2	0	38336	188608	9072	208	0
DL3	0	17904	78640	31696	1328	0
DL4	0	2640	16912	12144	2640	0
DL5	0	0	0	0	0	0
Tabela Comparativa das Profundidades - Porcentagens (FRAME 36)
	AV1
HEVC	DL0	DL1	DL2	DL3	DL4	DL5
DL1	0.00%	85.15%	14.54%	0.31%	0.00%	0.00%
DL2	0.00%	16.23%	79.84%	3.84%	0.09%	0.00%
DL3	0.00%	13.82%	60.69%	24.46%	1.02%	0.00%
DL4	0.00%	7.69%	49.25%	35.37%	7.69%	0.00%
DL5	-nan%	-nan%	-nan%	-nan%	-nan%	-nan%


Tabela Comparativa das Profundidades - Valores Absolutos (FRAME 37)
	AV1
HEVC	DL0	DL1	DL2	DL3	DL4	DL5
DL1	0	96512	24064	512	0	0
DL2	0	33344	215968	9360	144	0
DL3	0	9856	78064	31984	1152	0
DL4	0	1264	11116	9236	1712	0
DL5	0	0	0	0	0	0
Tabela Comparativa das Profundidades - Porcentagens (FRAME 37)
	AV1
HEVC	DL0	DL1	DL2	DL3	DL4	DL5
DL1	0.00%	79.70%	19.87%	0.42%	0.00%	0.00%
DL2	0.00%	12.88%	83.44%	3.62%	0.06%	0.00%
DL3	0.00%	8.14%	64.49%	26.42%	0.95%	0.00%
DL4	0.00%	5.42%	47.65%	39.59%	7.34%	0.00%
DL5	-nan%	-nan%	-nan%	-nan%	-nan%	-nan%


Tabela Comparativa das Profundidades - Valores Absolutos (FRAME 38)
	AV1
HEVC	DL0	DL1	DL2	DL3	DL4	DL5
DL1	0	161536	24832	1280	0	0
DL2	0	57600	157504	7776	352	0
DL3	0	14496	49040	25936	1616	0
DL4	0	1856	9312	8784	2368	0
DL5	0	0	0	0	0	0
Tabela Comparativa das Profundidades - Porcentagens (FRAME 38)
	AV1
HEVC	DL0	DL1	DL2	DL3	DL4	DL5
DL1	0.00%	86.08%	13.23%	0.68%	0.00%	0.00%
DL2	0.00%	25.80%	70.56%	3.48%	0.16%	0.00%
DL3	0.00%	15.91%	53.84%	28.47%	1.77%	0.00%
DL4	0.00%	8.32%	41.72%	39.35%	10.61%	0.00%
DL5	-nan%	-nan%	-nan%	-nan%	-nan%	-nan%


Tabela Comparativa das Profundidades - Valores Absolutos (FRAME 39)
	AV1
HEVC	DL0	DL1	DL2	DL3	DL4	DL5
DL1	0	206592	23488	320	0	0
DL2	0	50752	149056	6016	192	0
DL3	0	12304	35008	23088	512	0
DL4	0	1808	6736	7168	1248	0
DL5	0	0	0	0	0	0
Tabela Comparativa das Profundidades - Porcentagens (FRAME 39)
	AV1
HEVC	DL0	DL1	DL2	DL3	DL4	DL5
DL1	0.00%	89.67%	10.19%	0.14%	0.00%	0.00%
DL2	0.00%	24.63%	72.35%	2.92%	0.09%	0.00%
DL3	0.00%	17.35%	49.37%	32.56%	0.72%	0.00%
DL4	0.00%	10.66%	39.72%	42.26%	7.36%	0.00%
DL5	-nan%	-nan%	-nan%	-nan%	-nan%	-nan%


Tabela Comparativa das Profundidades - Valores Absolutos (FRAME 40)
	AV1
HEVC	DL0	DL1	DL2	DL3	DL4	DL5
DL1	0	279808	22912	592	48	0
DL2	0	52800	103360	5824	256	0
DL3	0	13442	21902	12848	656	0
DL4	0	1008	4544	3504	784	0
DL5	0	0	0	0	0	0
Tabela Comparativa das Profundidades - Porcentagens (FRAME 40)
	AV1
HEVC	DL0	DL1	DL2	DL3	DL4	DL5
DL1	0.00%	92.24%	7.55%	0.20%	0.02%	0.00%
DL2	0.00%	32.54%	63.71%	3.59%	0.16%	0.00%
DL3	0.00%	27.52%	44.84%	26.30%	1.34%	0.00%
DL4	0.00%	10.24%	46.18%	35.61%	7.97%	0.00%
DL5	-nan%	-nan%	-nan%	-nan%	-nan%	-nan%


Tabela Comparativa das Profundidades - Valores Absolutos (FRAME 41)
	AV1
HEVC	DL0	DL1	DL2	DL3	DL4	DL5
DL1	0	329728	16640	2048	0	0
DL2	0	45368	73096	4752	112	0
DL3	0	14544	16992	12512	192	0
DL4	0	1360	3744	2704	496	0
DL5	0	0	0	0	0	0
Tabela Comparativa das Profundidades - Porcentagens (FRAME 41)
	AV1
HEVC	DL0	DL1	DL2	DL3	DL4	DL5
DL1	0.00%	94.64%	4.78%	0.59%	0.00%	0.00%
DL2	0.00%	36.79%	59.27%	3.85%	0.09%	0.00%
DL3	0.00%	32.88%	38.41%	28.28%	0.43%	0.00%
DL4	0.00%	16.38%	45.09%	32.56%	5.97%	0.00%
DL5	-nan%	-nan%	-nan%	-nan%	-nan%	-nan%


Tabela Comparativa das Profundidades - Valores Absolutos (FRAME 42)
	AV1
HEVC	DL0	DL1	DL2	DL3	DL4	DL5
DL1	0	309248	12736	320	0	0
DL2	0	41088	87072	5712	336	0
DL3	0	12872	23048	17104	944	0
DL4	0	1232	5568	5152	1856	0
DL5	0	0	0	0	0	0
Tabela Comparativa das Profundidades - Porcentagens (FRAME 42)
	AV1
HEVC	DL0	DL1	DL2	DL3	DL4	DL5
DL1	0.00%	95.95%	3.95%	0.10%	0.00%	0.00%
DL2	0.00%	30.62%	64.88%	4.26%	0.25%	0.00%
DL3	0.00%	23.85%	42.71%	31.69%	1.75%	0.00%
DL4	0.00%	8.92%	40.32%	37.31%	13.44%	0.00%
DL5	-nan%	-nan%	-nan%	-nan%	-nan%	-nan%


Tabela Comparativa das Profundidades - Valores Absolutos (FRAME 43)
	AV1
HEVC	DL0	DL1	DL2	DL3	DL4	DL5
DL1	0	278784	24384	672	32	0
DL2	0	49392	112848	4848	80	0
DL3	0	10720	20400	13312	384	0
DL4	0	896	3344	3568	624	0
DL5	0	0	0	0	0	0
Tabela Comparativa das Profundidades - Porcentagens (FRAME 43)
	AV1
HEVC	DL0	DL1	DL2	DL3	DL4	DL5
DL1	0.00%	91.74%	8.02%	0.22%	0.01%	0.00%
DL2	0.00%	29.55%	67.51%	2.90%	0.05%	0.00%
DL3	0.00%	23.92%	45.52%	29.70%	0.86%	0.00%
DL4	0.00%	10.63%	39.66%	42.31%	7.40%	0.00%
DL5	-nan%	-nan%	-nan%	-nan%	-nan%	-nan%


Tabela Comparativa das Profundidades - Valores Absolutos (FRAME 44)
	AV1
HEVC	DL0	DL1	DL2	DL3	DL4	DL5
DL1	0	351232	12672	128	0	0
DL2	0	43632	63824	4800	320	0
DL3	0	13024	15520	11552	304	0
DL4	0	768	2976	2848	688	0
DL5	0	0	0	0	0	0
Tabela Comparativa das Profundidades - Porcentagens (FRAME 44)
	AV1
HEVC	DL0	DL1	DL2	DL3	DL4	DL5
DL1	0.00%	96.48%	3.48%	0.04%	0.00%	0.00%
DL2	0.00%	38.76%	56.69%	4.26%	0.28%	0.00%
DL3	0.00%	32.24%	38.42%	28.59%	0.75%	0.00%
DL4	0.00%	10.55%	40.88%	39.12%	9.45%	0.00%
DL5	-nan%	-nan%	-nan%	-nan%	-nan%	-nan%


Tabela Comparativa das Profundidades - Valores Absolutos (FRAME 45)
	AV1
HEVC	DL0	DL1	DL2	DL3	DL4	DL5
DL1	0	303488	15360	368	16	0
DL2	0	46464	86592	3904	320	0
DL3	0	15360	22928	15456	832	0
DL4	0	1440	6064	4256	1440	0
DL5	0	0	0	0	0	0
Tabela Comparativa das Profundidades - Porcentagens (FRAME 45)
	AV1
HEVC	DL0	DL1	DL2	DL3	DL4	DL5
DL1	0.00%	95.07%	4.81%	0.12%	0.01%	0.00%
DL2	0.00%	33.85%	63.08%	2.84%	0.23%	0.00%
DL3	0.00%	28.14%	42.01%	28.32%	1.52%	0.00%
DL4	0.00%	10.91%	45.94%	32.24%	10.91%	0.00%
DL5	-nan%	-nan%	-nan%	-nan%	-nan%	-nan%


Tabela Comparativa das Profundidades - Valores Absolutos (FRAME 46)
	AV1
HEVC	DL0	DL1	DL2	DL3	DL4	DL5
DL1	0	208128	24640	960	0	0
DL2	0	53888	145024	6016	128	0
DL3	0	14240	35408	20000	576	0
DL4	0	1504	7504	5184	1088	0
DL5	0	0	0	0	0	0
Tabela Comparativa das Profundidades - Porcentagens (FRAME 46)
	AV1
HEVC	DL0	DL1	DL2	DL3	DL4	DL5
DL1	0.00%	89.05%	10.54%	0.41%	0.00%	0.00%
DL2	0.00%	26.28%	70.72%	2.93%	0.06%	0.00%
DL3	0.00%	20.28%	50.42%	28.48%	0.82%	0.00%
DL4	0.00%	9.84%	49.11%	33.93%	7.12%	0.00%
DL5	-nan%	-nan%	-nan%	-nan%	-nan%	-nan%


Tabela Comparativa das Profundidades - Valores Absolutos (FRAME 47)
	AV1
HEVC	DL0	DL1	DL2	DL3	DL4	DL5
DL1	0	281088	21248	496	16	0
DL2	0	55744	99712	4656	144	0
DL3	0	11304	25224	12720	784	0
DL4	0	976	5184	3920	1072	0
DL5	0	0	0	0	0	0
Tabela Comparativa das Profundidades - Porcentagens (FRAME 47)
	AV1
HEVC	DL0	DL1	DL2	DL3	DL4	DL5
DL1	0.00%	92.81%	7.02%	0.16%	0.01%	0.00%
DL2	0.00%	34.78%	62.22%	2.91%	0.09%	0.00%
DL3	0.00%	22.59%	50.42%	25.42%	1.57%	0.00%
DL4	0.00%	8.75%	46.48%	35.15%	9.61%	0.00%
DL5	-nan%	-nan%	-nan%	-nan%	-nan%	-nan%


Tabela Comparativa das Profundidades - Valores Absolutos (FRAME 48)
	AV1
HEVC	DL0	DL1	DL2	DL3	DL4	DL5
DL1	0	337424	17744	672	0	0
DL2	0	42752	73856	4784	272	0
DL3	0	12752	15776	10240	208	0
DL4	0	976	3248	3088	496	0
DL5	0	0	0	0	0	0
Tabela Comparativa das Profundidades - Porcentagens (FRAME 48)
	AV1
HEVC	DL0	DL1	DL2	DL3	DL4	DL5
DL1	0.00%	94.82%	4.99%	0.19%	0.00%	0.00%
DL2	0.00%	35.14%	60.70%	3.93%	0.22%	0.00%
DL3	0.00%	32.72%	40.48%	26.27%	0.53%	0.00%
DL4	0.00%	12.50%	41.60%	39.55%	6.35%	0.00%
DL5	-nan%	-nan%	-nan%	-nan%	-nan%	-nan%


Tabela Comparativa das Profundidades - Valores Absolutos (FRAME 49)
	AV1
HEVC	DL0	DL1	DL2	DL3	DL4	DL5
DL1	0	340480	15168	704	0	0
DL2	0	41848	72840	5168	272	0
DL3	0	14152	14600	10560	400	0
DL4	0	1360	3136	2832	768	0
DL5	0	0	0	0	0	0
Tabela Comparativa das Profundidades - Porcentagens (FRAME 49)
	AV1
HEVC	DL0	DL1	DL2	DL3	DL4	DL5
DL1	0.00%	95.55%	4.26%	0.20%	0.00%	0.00%
DL2	0.00%	34.84%	60.64%	4.30%	0.23%	0.00%
DL3	0.00%	35.64%	36.76%	26.59%	1.01%	0.00%
DL4	0.00%	16.80%	38.74%	34.98%	9.49%	0.00%
DL5	-nan%	-nan%	-nan%	-nan%	-nan%	-nan%


Tabela Comparativa das Profundidades - Valores Absolutos (FRAME 50)
	AV1
HEVC	DL0	DL1	DL2	DL3	DL4	DL5
DL1	0	256256	22560	480	0	0
DL2	0	50680	116104	6352	240	0
DL3	0	13472	25056	19200	576	0
DL4	0	1472	4448	5552	1840	0
DL5	0	0	0	0	0	0
Tabela Comparativa das Profundidades - Porcentagens (FRAME 50)
	AV1
HEVC	DL0	DL1	DL2	DL3	DL4	DL5
DL1	0.00%	91.75%	8.08%	0.17%	0.00%	0.00%
DL2	0.00%	29.23%	66.97%	3.66%	0.14%	0.00%
DL3	0.00%	23.11%	42.97%	32.93%	0.99%	0.00%
DL4	0.00%	11.06%	33.41%	41.71%	13.82%	0.00%
DL5	-nan%	-nan%	-nan%	-nan%	-nan%	-nan%


Tabela Comparativa das Profundidades - Valores Absolutos (FRAME 51)
	AV1
HEVC	DL0	DL1	DL2	DL3	DL4	DL5
DL1	0	326400	18560	864	32	0
DL2	0	45056	76288	4640	352	0
DL3	0	13440	16176	13008	544	0
DL4	0	1024	3792	3120	992	0
DL5	0	0	0	0	0	0
Tabela Comparativa das Profundidades - Porcentagens (FRAME 51)
	AV1
HEVC	DL0	DL1	DL2	DL3	DL4	DL5
DL1	0.00%	94.37%	5.37%	0.25%	0.01%	0.00%
DL2	0.00%	35.66%	60.39%	3.67%	0.28%	0.00%
DL3	0.00%	31.13%	37.47%	30.13%	1.26%	0.00%
DL4	0.00%	11.47%	42.47%	34.95%	11.11%	0.00%
DL5	-nan%	-nan%	-nan%	-nan%	-nan%	-nan%


Tabela Comparativa das Profundidades - Valores Absolutos (FRAME 52)
	AV1
HEVC	DL0	DL1	DL2	DL3	DL4	DL5
DL1	0	343296	15040	816	16	0
DL2	0	35904	78912	5232	272	0
DL3	0	6128	15264	14608	496	0
DL4	0	1232	2976	3104	992	0
DL5	0	0	0	0	0	0
Tabela Comparativa das Profundidades - Porcentagens (FRAME 52)
	AV1
HEVC	DL0	DL1	DL2	DL3	DL4	DL5
DL1	0.00%	95.58%	4.19%	0.23%	0.00%	0.00%
DL2	0.00%	29.84%	65.59%	4.35%	0.23%	0.00%
DL3	0.00%	16.79%	41.82%	40.03%	1.36%	0.00%
DL4	0.00%	14.84%	35.84%	37.38%	11.95%	0.00%
DL5	-nan%	-nan%	-nan%	-nan%	-nan%	-nan%


Tabela Comparativa das Profundidades - Valores Absolutos (FRAME 53)
	AV1
HEVC	DL0	DL1	DL2	DL3	DL4	DL5
DL1	0	122112	21056	704	0	0
DL2	0	47800	188936	7712	288	0
DL3	0	19312	63504	27824	896	0
DL4	0	1776	12464	8064	1840	0
DL5	0	0	0	0	0	0
Tabela Comparativa das Profundidades - Porcentagens (FRAME 53)
	AV1
HEVC	DL0	DL1	DL2	DL3	DL4	DL5
DL1	0.00%	84.88%	14.64%	0.49%	0.00%	0.00%
DL2	0.00%	19.53%	77.20%	3.15%	0.12%	0.00%
DL3	0.00%	17.31%	56.94%	24.95%	0.80%	0.00%
DL4	0.00%	7.36%	51.62%	33.40%	7.62%	0.00%
DL5	-nan%	-nan%	-nan%	-nan%	-nan%	-nan%


Tabela Comparativa das Profundidades - Valores Absolutos (FRAME 54)
	AV1
HEVC	DL0	DL1	DL2	DL3	DL4	DL5
DL1	0	166912	24768	832	0	0
DL2	0	52224	165120	7920	720	0
DL3	0	11392	49728	22480	1040	0
DL4	0	2080	9376	7760	1936	0
DL5	0	0	0	0	0	0
Tabela Comparativa das Profundidades - Porcentagens (FRAME 54)
	AV1
HEVC	DL0	DL1	DL2	DL3	DL4	DL5
DL1	0.00%	86.70%	12.87%	0.43%	0.00%	0.00%
DL2	0.00%	23.11%	73.07%	3.50%	0.32%	0.00%
DL3	0.00%	13.46%	58.75%	26.56%	1.23%	0.00%
DL4	0.00%	9.83%	44.33%	36.69%	9.15%	0.00%
DL5	-nan%	-nan%	-nan%	-nan%	-nan%	-nan%


Tabela Comparativa das Profundidades - Valores Absolutos (FRAME 55)
	AV1
HEVC	DL0	DL1	DL2	DL3	DL4	DL5
DL1	0	226816	22784	512	0	0
DL2	0	49024	140096	6304	224	0
DL3	0	12064	32128	19664	640	0
DL4	0	1344	5520	5776	1392	0
DL5	0	0	0	0	0	0
Tabela Comparativa das Profundidades - Porcentagens (FRAME 55)
	AV1
HEVC	DL0	DL1	DL2	DL3	DL4	DL5
DL1	0.00%	90.69%	9.11%	0.20%	0.00%	0.00%
DL2	0.00%	25.06%	71.61%	3.22%	0.11%	0.00%
DL3	0.00%	18.71%	49.81%	30.49%	0.99%	0.00%
DL4	0.00%	9.58%	39.34%	41.16%	9.92%	0.00%
DL5	-nan%	-nan%	-nan%	-nan%	-nan%	-nan%


Tabela Comparativa das Profundidades - Valores Absolutos (FRAME 56)
	AV1
HEVC	DL0	DL1	DL2	DL3	DL4	DL5
DL1	0	291456	21952	704	0	0
DL2	0	49344	98304	4592	80	0
DL3	0	12416	22848	13232	272	0
DL4	0	1440	3712	3440	496	0
DL5	0	0	0	0	0	0
Tabela Comparativa das Profundidades - Porcentagens (FRAME 56)
	AV1
HEVC	DL0	DL1	DL2	DL3	DL4	DL5
DL1	0.00%	92.79%	6.99%	0.22%	0.00%	0.00%
DL2	0.00%	32.39%	64.54%	3.01%	0.05%	0.00%
DL3	0.00%	25.46%	46.85%	27.13%	0.56%	0.00%
DL4	0.00%	15.85%	40.85%	37.85%	5.46%	0.00%
DL5	-nan%	-nan%	-nan%	-nan%	-nan%	-nan%


Tabela Comparativa das Profundidades - Valores Absolutos (FRAME 57)
	AV1
HEVC	DL0	DL1	DL2	DL3	DL4	DL5
DL1	0	324608	16768	896	0	0
DL2	0	41536	81280	4224	64	0
DL3	0	15664	17008	12656	240	0
DL4	0	1040	4688	3056	560	0
DL5	0	0	0	0	0	0
Tabela Comparativa das Profundidades - Porcentagens (FRAME 57)
	AV1
HEVC	DL0	DL1	DL2	DL3	DL4	DL5
DL1	0.00%	94.84%	4.90%	0.26%	0.00%	0.00%
DL2	0.00%	32.68%	63.95%	3.32%	0.05%	0.00%
DL3	0.00%	34.38%	37.32%	27.77%	0.53%	0.00%
DL4	0.00%	11.13%	50.17%	32.71%	5.99%	0.00%
DL5	-nan%	-nan%	-nan%	-nan%	-nan%	-nan%


Tabela Comparativa das Profundidades - Valores Absolutos (FRAME 58)
	AV1
HEVC	DL0	DL1	DL2	DL3	DL4	DL5
DL1	0	292608	15616	768	0	0
DL2	0	38072	98440	6912	192	0
DL3	0	14144	23072	19904	768	0
DL4	0	1728	4896	5232	1936	0
DL5	0	0	0	0	0	0
Tabela Comparativa das Profundidades - Porcentagens (FRAME 58)
	AV1
HEVC	DL0	DL1	DL2	DL3	DL4	DL5
DL1	0.00%	94.70%	5.05%	0.25%	0.00%	0.00%
DL2	0.00%	26.51%	68.54%	4.81%	0.13%	0.00%
DL3	0.00%	24.43%	39.86%	34.38%	1.33%	0.00%
DL4	0.00%	12.53%	35.50%	37.94%	14.04%	0.00%
DL5	-nan%	-nan%	-nan%	-nan%	-nan%	-nan%


Tabela Comparativa das Profundidades - Valores Absolutos (FRAME 59)
	AV1
HEVC	DL0	DL1	DL2	DL3	DL4	DL5
DL1	0	274176	24832	1216	64	0
DL2	0	50256	111984	4544	192	0
DL3	0	12336	21792	13056	496	0
DL4	0	1328	4096	3216	704	0
DL5	0	0	0	0	0	0
Tabela Comparativa das Profundidades - Porcentagens (FRAME 59)
	AV1
HEVC	DL0	DL1	DL2	DL3	DL4	DL5
DL1	0.00%	91.30%	8.27%	0.40%	0.02%	0.00%
DL2	0.00%	30.10%	67.07%	2.72%	0.11%	0.00%
DL3	0.00%	25.87%	45.70%	27.38%	1.04%	0.00%
DL4	0.00%	14.21%	43.84%	34.42%	7.53%	0.00%
DL5	-nan%	-nan%	-nan%	-nan%	-nan%	-nan%


Tabela Comparativa das Profundidades - Valores Absolutos (FRAME 60)
	AV1
HEVC	DL0	DL1	DL2	DL3	DL4	DL5
DL1	0	343808	13312	256	0	0
DL2	0	41728	71296	4144	80	0
DL3	0	14848	14272	12240	288	0
DL4	0	1280	3008	3264	464	0
DL5	0	0	0	0	0	0
Tabela Comparativa das Profundidades - Porcentagens (FRAME 60)
	AV1
HEVC	DL0	DL1	DL2	DL3	DL4	DL5
DL1	0.00%	96.20%	3.72%	0.07%	0.00%	0.00%
DL2	0.00%	35.59%	60.81%	3.53%	0.07%	0.00%
DL3	0.00%	35.65%	34.27%	29.39%	0.69%	0.00%
DL4	0.00%	15.97%	37.52%	40.72%	5.79%	0.00%
DL5	-nan%	-nan%	-nan%	-nan%	-nan%	-nan%


