Tabela Comparativa das Profundidades - Valores Absolutos (FRAME  1)
	AV1
HEVC	DL0	DL1	DL2	DL3	DL4	DL5
DL1	0	0	256	0	0	0
DL2	0	0	3264	1088	1344	0
DL3	0	0	1248	5056	4448	0
DL4	0	0	1056	5040	28400	0
DL5	0	0	0	0	0	0
Tabela Comparativa das Profundidades - Porcentagens (FRAME  1)
	AV1
HEVC	DL0	DL1	DL2	DL3	DL4	DL5
DL1	0.00%	0.00%	100.00%	0.00%	0.00%	0.00%
DL2	0.00%	0.00%	57.30%	19.10%	23.60%	0.00%
DL3	0.00%	0.00%	11.61%	47.02%	41.37%	0.00%
DL4	0.00%	0.00%	3.06%	14.61%	82.33%	0.00%
DL5	-nan%	-nan%	-nan%	-nan%	-nan%	-nan%


Tabela Comparativa das Profundidades - Valores Absolutos (FRAME  2)
	AV1
HEVC	DL0	DL1	DL2	DL3	DL4	DL5
DL1	0	1792	256	240	16	0
DL2	0	2408	4272	2076	268	0
DL3	0	1224	3032	11016	2600	0
DL4	0	656	2304	10784	8256	0
DL5	0	0	0	0	0	0
Tabela Comparativa das Profundidades - Porcentagens (FRAME  2)
	AV1
HEVC	DL0	DL1	DL2	DL3	DL4	DL5
DL1	0.00%	77.78%	11.11%	10.42%	0.69%	0.00%
DL2	0.00%	26.68%	47.34%	23.01%	2.97%	0.00%
DL3	0.00%	6.85%	16.97%	61.64%	14.55%	0.00%
DL4	0.00%	2.98%	10.47%	49.02%	37.53%	0.00%
DL5	-nan%	-nan%	-nan%	-nan%	-nan%	-nan%


Tabela Comparativa das Profundidades - Valores Absolutos (FRAME  3)
	AV1
HEVC	DL0	DL1	DL2	DL3	DL4	DL5
DL1	0	3584	192	320	0	0
DL2	0	1152	8992	2608	48	0
DL3	0	784	7376	16096	976	0
DL4	0	64	1856	5984	1168	0
DL5	0	0	0	0	0	0
Tabela Comparativa das Profundidades - Porcentagens (FRAME  3)
	AV1
HEVC	DL0	DL1	DL2	DL3	DL4	DL5
DL1	0.00%	87.50%	4.69%	7.81%	0.00%	0.00%
DL2	0.00%	9.00%	70.25%	20.37%	0.37%	0.00%
DL3	0.00%	3.11%	29.23%	63.79%	3.87%	0.00%
DL4	0.00%	0.71%	20.46%	65.96%	12.87%	0.00%
DL5	-nan%	-nan%	-nan%	-nan%	-nan%	-nan%


Tabela Comparativa das Profundidades - Valores Absolutos (FRAME  4)
	AV1
HEVC	DL0	DL1	DL2	DL3	DL4	DL5
DL1	1024	2304	256	0	0	0
DL2	0	320	12496	3648	48	0
DL3	0	416	11980	11684	976	0
DL4	0	32	1760	2944	1312	0
DL5	0	0	0	0	0	0
Tabela Comparativa das Profundidades - Porcentagens (FRAME  4)
	AV1
HEVC	DL0	DL1	DL2	DL3	DL4	DL5
DL1	28.57%	64.29%	7.14%	0.00%	0.00%	0.00%
DL2	0.00%	1.94%	75.68%	22.09%	0.29%	0.00%
DL3	0.00%	1.66%	47.81%	46.63%	3.90%	0.00%
DL4	0.00%	0.53%	29.10%	48.68%	21.69%	0.00%
DL5	-nan%	-nan%	-nan%	-nan%	-nan%	-nan%


Tabela Comparativa das Profundidades - Valores Absolutos (FRAME  5)
	AV1
HEVC	DL0	DL1	DL2	DL3	DL4	DL5
DL1	1024	3072	448	64	0	0
DL2	0	1856	19936	2448	16	0
DL3	0	448	9353	8231	560	0
DL4	0	0	848	2000	896	0
DL5	0	0	0	0	0	0
Tabela Comparativa das Profundidades - Porcentagens (FRAME  5)
	AV1
HEVC	DL0	DL1	DL2	DL3	DL4	DL5
DL1	22.22%	66.67%	9.72%	1.39%	0.00%	0.00%
DL2	0.00%	7.65%	82.19%	10.09%	0.07%	0.00%
DL3	0.00%	2.41%	50.31%	44.27%	3.01%	0.00%
DL4	0.00%	0.00%	22.65%	53.42%	23.93%	0.00%
DL5	-nan%	-nan%	-nan%	-nan%	-nan%	-nan%


Tabela Comparativa das Profundidades - Valores Absolutos (FRAME  6)
	AV1
HEVC	DL0	DL1	DL2	DL3	DL4	DL5
DL1	0	5120	3392	448	0	0
DL2	0	3824	22032	2496	64	0
DL3	0	1152	4834	6158	224	0
DL4	0	0	272	960	224	0
DL5	0	0	0	0	0	0
Tabela Comparativa das Profundidades - Porcentagens (FRAME  6)
	AV1
HEVC	DL0	DL1	DL2	DL3	DL4	DL5
DL1	0.00%	57.14%	37.86%	5.00%	0.00%	0.00%
DL2	0.00%	13.46%	77.53%	8.78%	0.23%	0.00%
DL3	0.00%	9.31%	39.08%	49.79%	1.81%	0.00%
DL4	0.00%	0.00%	18.68%	65.93%	15.38%	0.00%
DL5	-nan%	-nan%	-nan%	-nan%	-nan%	-nan%


Tabela Comparativa das Profundidades - Valores Absolutos (FRAME  7)
	AV1
HEVC	DL0	DL1	DL2	DL3	DL4	DL5
DL1	1024	25600	1984	64	0	0
DL2	0	6080	9664	1568	32	0
DL3	0	576	1808	2208	48	0
DL4	0	0	176	272	96	0
DL5	0	0	0	0	0	0
Tabela Comparativa das Profundidades - Porcentagens (FRAME  7)
	AV1
HEVC	DL0	DL1	DL2	DL3	DL4	DL5
DL1	3.57%	89.29%	6.92%	0.22%	0.00%	0.00%
DL2	0.00%	35.06%	55.72%	9.04%	0.18%	0.00%
DL3	0.00%	12.41%	38.97%	47.59%	1.03%	0.00%
DL4	0.00%	0.00%	32.35%	50.00%	17.65%	0.00%
DL5	-nan%	-nan%	-nan%	-nan%	-nan%	-nan%


Tabela Comparativa das Profundidades - Valores Absolutos (FRAME  8)
	AV1
HEVC	DL0	DL1	DL2	DL3	DL4	DL5
DL1	1024	11520	2944	384	0	0
DL2	0	3776	19744	1936	16	0
DL3	0	1344	4512	3248	208	0
DL4	0	64	192	176	112	0
DL5	0	0	0	0	0	0
Tabela Comparativa das Profundidades - Porcentagens (FRAME  8)
	AV1
HEVC	DL0	DL1	DL2	DL3	DL4	DL5
DL1	6.45%	72.58%	18.55%	2.42%	0.00%	0.00%
DL2	0.00%	14.82%	77.51%	7.60%	0.06%	0.00%
DL3	0.00%	14.43%	48.45%	34.88%	2.23%	0.00%
DL4	0.00%	11.76%	35.29%	32.35%	20.59%	0.00%
DL5	-nan%	-nan%	-nan%	-nan%	-nan%	-nan%


Tabela Comparativa das Profundidades - Valores Absolutos (FRAME  9)
	AV1
HEVC	DL0	DL1	DL2	DL3	DL4	DL5
DL1	512	17152	768	0	0	0
DL2	512	4736	11712	1728	0	0
DL3	0	2720	3808	6256	256	0
DL4	0	32	288	528	192	0
DL5	0	0	0	0	0	0
Tabela Comparativa das Profundidades - Porcentagens (FRAME  9)
	AV1
HEVC	DL0	DL1	DL2	DL3	DL4	DL5
DL1	2.78%	93.06%	4.17%	0.00%	0.00%	0.00%
DL2	2.74%	25.34%	62.67%	9.25%	0.00%	0.00%
DL3	0.00%	20.86%	29.20%	47.98%	1.96%	0.00%
DL4	0.00%	3.08%	27.69%	50.77%	18.46%	0.00%
DL5	-nan%	-nan%	-nan%	-nan%	-nan%	-nan%


Tabela Comparativa das Profundidades - Valores Absolutos (FRAME 10)
	AV1
HEVC	DL0	DL1	DL2	DL3	DL4	DL5
DL1	0	20736	1280	0	0	0
DL2	0	4320	14016	1440	0	0
DL3	0	1872	3280	3104	208	0
DL4	0	112	176	432	224	0
DL5	0	0	0	0	0	0
Tabela Comparativa das Profundidades - Porcentagens (FRAME 10)
	AV1
HEVC	DL0	DL1	DL2	DL3	DL4	DL5
DL1	0.00%	94.19%	5.81%	0.00%	0.00%	0.00%
DL2	0.00%	21.84%	70.87%	7.28%	0.00%	0.00%
DL3	0.00%	22.12%	38.75%	36.67%	2.46%	0.00%
DL4	0.00%	11.86%	18.64%	45.76%	23.73%	0.00%
DL5	-nan%	-nan%	-nan%	-nan%	-nan%	-nan%


Tabela Comparativa das Profundidades - Valores Absolutos (FRAME 11)
	AV1
HEVC	DL0	DL1	DL2	DL3	DL4	DL5
DL1	0	18944	1536	0	0	0
DL2	0	5984	14176	2224	80	0
DL3	0	2368	2384	2976	16	0
DL4	0	0	144	288	80	0
DL5	0	0	0	0	0	0
Tabela Comparativa das Profundidades - Porcentagens (FRAME 11)
	AV1
HEVC	DL0	DL1	DL2	DL3	DL4	DL5
DL1	0.00%	92.50%	7.50%	0.00%	0.00%	0.00%
DL2	0.00%	26.64%	63.11%	9.90%	0.36%	0.00%
DL3	0.00%	30.58%	30.79%	38.43%	0.21%	0.00%
DL4	0.00%	0.00%	28.12%	56.25%	15.62%	0.00%
DL5	-nan%	-nan%	-nan%	-nan%	-nan%	-nan%


Tabela Comparativa das Profundidades - Valores Absolutos (FRAME 12)
	AV1
HEVC	DL0	DL1	DL2	DL3	DL4	DL5
DL1	0	27648	2240	304	16	0
DL2	0	4768	8224	592	48	0
DL3	0	2416	2016	2336	80	0
DL4	0	80	128	192	112	0
DL5	0	0	0	0	0	0
Tabela Comparativa das Profundidades - Porcentagens (FRAME 12)
	AV1
HEVC	DL0	DL1	DL2	DL3	DL4	DL5
DL1	0.00%	91.53%	7.42%	1.01%	0.05%	0.00%
DL2	0.00%	34.98%	60.33%	4.34%	0.35%	0.00%
DL3	0.00%	35.28%	29.44%	34.11%	1.17%	0.00%
DL4	0.00%	15.62%	25.00%	37.50%	21.88%	0.00%
DL5	-nan%	-nan%	-nan%	-nan%	-nan%	-nan%


Tabela Comparativa das Profundidades - Valores Absolutos (FRAME 13)
	AV1
HEVC	DL0	DL1	DL2	DL3	DL4	DL5
DL1	0	6656	256	0	0	0
DL2	0	3776	13632	2544	80	0
DL3	0	992	5472	12368	1056	0
DL4	0	96	800	2176	1296	0
DL5	0	0	0	0	0	0
Tabela Comparativa das Profundidades - Porcentagens (FRAME 13)
	AV1
HEVC	DL0	DL1	DL2	DL3	DL4	DL5
DL1	0.00%	96.30%	3.70%	0.00%	0.00%	0.00%
DL2	0.00%	18.85%	68.05%	12.70%	0.40%	0.00%
DL3	0.00%	4.99%	27.51%	62.19%	5.31%	0.00%
DL4	0.00%	2.20%	18.32%	49.82%	29.67%	0.00%
DL5	-nan%	-nan%	-nan%	-nan%	-nan%	-nan%


Tabela Comparativa das Profundidades - Valores Absolutos (FRAME 14)
	AV1
HEVC	DL0	DL1	DL2	DL3	DL4	DL5
DL1	0	9216	1600	192	0	0
DL2	0	2112	19872	2224	48	0
DL3	0	880	6800	6016	320	0
DL4	0	80	592	864	384	0
DL5	0	0	0	0	0	0
Tabela Comparativa das Profundidades - Porcentagens (FRAME 14)
	AV1
HEVC	DL0	DL1	DL2	DL3	DL4	DL5
DL1	0.00%	83.72%	14.53%	1.74%	0.00%	0.00%
DL2	0.00%	8.71%	81.93%	9.17%	0.20%	0.00%
DL3	0.00%	6.28%	48.52%	42.92%	2.28%	0.00%
DL4	0.00%	4.17%	30.83%	45.00%	20.00%	0.00%
DL5	-nan%	-nan%	-nan%	-nan%	-nan%	-nan%


Tabela Comparativa das Profundidades - Valores Absolutos (FRAME 15)
	AV1
HEVC	DL0	DL1	DL2	DL3	DL4	DL5
DL1	512	23552	2560	256	0	0
DL2	512	6240	10656	752	16	0
DL3	0	2880	1440	1376	80	0
DL4	0	64	32	160	112	0
DL5	0	0	0	0	0	0
Tabela Comparativa das Profundidades - Porcentagens (FRAME 15)
	AV1
HEVC	DL0	DL1	DL2	DL3	DL4	DL5
DL1	1.90%	87.62%	9.52%	0.95%	0.00%	0.00%
DL2	2.82%	34.33%	58.63%	4.14%	0.09%	0.00%
DL3	0.00%	49.86%	24.93%	23.82%	1.39%	0.00%
DL4	0.00%	17.39%	8.70%	43.48%	30.43%	0.00%
DL5	-nan%	-nan%	-nan%	-nan%	-nan%	-nan%


Tabela Comparativa das Profundidades - Valores Absolutos (FRAME 16)
	AV1
HEVC	DL0	DL1	DL2	DL3	DL4	DL5
DL1	0	22784	1280	0	0	0
DL2	0	5184	11200	1120	96	0
DL3	0	2576	2384	2976	352	0
DL4	0	112	240	624	272	0
DL5	0	0	0	0	0	0
Tabela Comparativa das Profundidades - Porcentagens (FRAME 16)
	AV1
HEVC	DL0	DL1	DL2	DL3	DL4	DL5
DL1	0.00%	94.68%	5.32%	0.00%	0.00%	0.00%
DL2	0.00%	29.45%	63.64%	6.36%	0.55%	0.00%
DL3	0.00%	31.08%	28.76%	35.91%	4.25%	0.00%
DL4	0.00%	8.97%	19.23%	50.00%	21.79%	0.00%
DL5	-nan%	-nan%	-nan%	-nan%	-nan%	-nan%


Tabela Comparativa das Profundidades - Valores Absolutos (FRAME 17)
	AV1
HEVC	DL0	DL1	DL2	DL3	DL4	DL5
DL1	0	18944	1792	0	0	0
DL2	0	5184	13472	1440	128	0
DL3	0	2160	2240	4688	208	0
DL4	0	16	192	608	128	0
DL5	0	0	0	0	0	0
Tabela Comparativa das Profundidades - Porcentagens (FRAME 17)
	AV1
HEVC	DL0	DL1	DL2	DL3	DL4	DL5
DL1	0.00%	91.36%	8.64%	0.00%	0.00%	0.00%
DL2	0.00%	25.63%	66.61%	7.12%	0.63%	0.00%
DL3	0.00%	23.24%	24.10%	50.43%	2.24%	0.00%
DL4	0.00%	1.69%	20.34%	64.41%	13.56%	0.00%
DL5	-nan%	-nan%	-nan%	-nan%	-nan%	-nan%


Tabela Comparativa das Profundidades - Valores Absolutos (FRAME 18)
	AV1
HEVC	DL0	DL1	DL2	DL3	DL4	DL5
DL1	0	12032	1344	704	0	0
DL2	0	4576	15264	2144	32	0
DL3	0	2160	5120	5936	160	0
DL4	0	80	704	720	224	0
DL5	0	0	0	0	0	0
Tabela Comparativa das Profundidades - Porcentagens (FRAME 18)
	AV1
HEVC	DL0	DL1	DL2	DL3	DL4	DL5
DL1	0.00%	85.45%	9.55%	5.00%	0.00%	0.00%
DL2	0.00%	20.78%	69.33%	9.74%	0.15%	0.00%
DL3	0.00%	16.15%	38.28%	44.38%	1.20%	0.00%
DL4	0.00%	4.63%	40.74%	41.67%	12.96%	0.00%
DL5	-nan%	-nan%	-nan%	-nan%	-nan%	-nan%


Tabela Comparativa das Profundidades - Valores Absolutos (FRAME 19)
	AV1
HEVC	DL0	DL1	DL2	DL3	DL4	DL5
DL1	0	27392	2240	304	16	0
DL2	0	4032	10432	1376	32	0
DL3	0	816	1552	2464	32	0
DL4	0	16	176	240	80	0
DL5	0	0	0	0	0	0
Tabela Comparativa das Profundidades - Porcentagens (FRAME 19)
	AV1
HEVC	DL0	DL1	DL2	DL3	DL4	DL5
DL1	0.00%	91.45%	7.48%	1.01%	0.05%	0.00%
DL2	0.00%	25.40%	65.73%	8.67%	0.20%	0.00%
DL3	0.00%	16.78%	31.91%	50.66%	0.66%	0.00%
DL4	0.00%	3.12%	34.38%	46.88%	15.62%	0.00%
DL5	-nan%	-nan%	-nan%	-nan%	-nan%	-nan%


Tabela Comparativa das Profundidades - Valores Absolutos (FRAME 20)
	AV1
HEVC	DL0	DL1	DL2	DL3	DL4	DL5
DL1	0	17664	1792	256	0	0
DL2	0	5152	14848	2208	64	0
DL3	0	2488	2936	2704	160	0
DL4	0	16	432	272	208	0
DL5	0	0	0	0	0	0
Tabela Comparativa das Profundidades - Porcentagens (FRAME 20)
	AV1
HEVC	DL0	DL1	DL2	DL3	DL4	DL5
DL1	0.00%	89.61%	9.09%	1.30%	0.00%	0.00%
DL2	0.00%	23.13%	66.67%	9.91%	0.29%	0.00%
DL3	0.00%	30.02%	35.42%	32.63%	1.93%	0.00%
DL4	0.00%	1.72%	46.55%	29.31%	22.41%	0.00%
DL5	-nan%	-nan%	-nan%	-nan%	-nan%	-nan%


Tabela Comparativa das Profundidades - Valores Absolutos (FRAME 21)
	AV1
HEVC	DL0	DL1	DL2	DL3	DL4	DL5
DL1	0	7680	1024	0	0	0
DL2	832	4422	7034	192	0	0
DL3	176	1448	3000	3328	832	0
DL4	16	16	2096	5872	13232	0
DL5	0	0	0	0	0	0
Tabela Comparativa das Profundidades - Porcentagens (FRAME 21)
	AV1
HEVC	DL0	DL1	DL2	DL3	DL4	DL5
DL1	0.00%	88.24%	11.76%	0.00%	0.00%	0.00%
DL2	6.67%	35.43%	56.36%	1.54%	0.00%	0.00%
DL3	2.00%	16.48%	34.15%	37.89%	9.47%	0.00%
DL4	0.08%	0.08%	9.87%	27.66%	62.32%	0.00%
DL5	-nan%	-nan%	-nan%	-nan%	-nan%	-nan%


Tabela Comparativa das Profundidades - Valores Absolutos (FRAME 22)
	AV1
HEVC	DL0	DL1	DL2	DL3	DL4	DL5
DL1	0	3072	512	0	0	0
DL2	0	512	8080	1152	112	0
DL3	0	176	7664	9536	1376	0
DL4	0	80	5296	7008	6624	0
DL5	0	0	0	0	0	0
Tabela Comparativa das Profundidades - Porcentagens (FRAME 22)
	AV1
HEVC	DL0	DL1	DL2	DL3	DL4	DL5
DL1	0.00%	85.71%	14.29%	0.00%	0.00%	0.00%
DL2	0.00%	5.19%	81.98%	11.69%	1.14%	0.00%
DL3	0.00%	0.94%	40.87%	50.85%	7.34%	0.00%
DL4	0.00%	0.42%	27.86%	36.87%	34.85%	0.00%
DL5	-nan%	-nan%	-nan%	-nan%	-nan%	-nan%


Tabela Comparativa das Profundidades - Valores Absolutos (FRAME 23)
	AV1
HEVC	DL0	DL1	DL2	DL3	DL4	DL5
DL1	0	2560	256	0	0	0
DL2	0	0	8842	2342	80	0
DL3	0	0	12921	14407	848	0
DL4	0	0	3264	4624	1056	0
DL5	0	0	0	0	0	0
Tabela Comparativa das Profundidades - Porcentagens (FRAME 23)
	AV1
HEVC	DL0	DL1	DL2	DL3	DL4	DL5
DL1	0.00%	90.91%	9.09%	0.00%	0.00%	0.00%
DL2	0.00%	0.00%	78.50%	20.79%	0.71%	0.00%
DL3	0.00%	0.00%	45.86%	51.13%	3.01%	0.00%
DL4	0.00%	0.00%	36.49%	51.70%	11.81%	0.00%
DL5	-nan%	-nan%	-nan%	-nan%	-nan%	-nan%


Tabela Comparativa das Profundidades - Valores Absolutos (FRAME 24)
	AV1
HEVC	DL0	DL1	DL2	DL3	DL4	DL5
DL1	0	1024	512	256	0	0
DL2	0	320	23537	2239	16	0
DL3	0	432	8240	9920	1008	0
DL4	0	16	720	1872	1088	0
DL5	0	0	0	0	0	0
Tabela Comparativa das Profundidades - Porcentagens (FRAME 24)
	AV1
HEVC	DL0	DL1	DL2	DL3	DL4	DL5
DL1	0.00%	57.14%	28.57%	14.29%	0.00%	0.00%
DL2	0.00%	1.23%	90.14%	8.57%	0.06%	0.00%
DL3	0.00%	2.20%	42.04%	50.61%	5.14%	0.00%
DL4	0.00%	0.43%	19.48%	50.65%	29.44%	0.00%
DL5	-nan%	-nan%	-nan%	-nan%	-nan%	-nan%


Tabela Comparativa das Profundidades - Valores Absolutos (FRAME 25)
	AV1
HEVC	DL0	DL1	DL2	DL3	DL4	DL5
DL1	0	6144	2944	384	0	0
DL2	0	2240	18880	2944	64	0
DL3	0	256	4896	9984	288	0
DL4	0	64	608	1264	240	0
DL5	0	0	0	0	0	0
Tabela Comparativa das Profundidades - Porcentagens (FRAME 25)
	AV1
HEVC	DL0	DL1	DL2	DL3	DL4	DL5
DL1	0.00%	64.86%	31.08%	4.05%	0.00%	0.00%
DL2	0.00%	9.28%	78.25%	12.20%	0.27%	0.00%
DL3	0.00%	1.66%	31.74%	64.73%	1.87%	0.00%
DL4	0.00%	2.94%	27.94%	58.09%	11.03%	0.00%
DL5	-nan%	-nan%	-nan%	-nan%	-nan%	-nan%


Tabela Comparativa das Profundidades - Valores Absolutos (FRAME 26)
	AV1
HEVC	DL0	DL1	DL2	DL3	DL4	DL5
DL1	0	14080	3520	64	0	0
DL2	0	3715	20797	1008	80	0
DL3	0	1136	4256	1776	112	0
DL4	0	16	368	144	128	0
DL5	0	0	0	0	0	0
Tabela Comparativa das Profundidades - Porcentagens (FRAME 26)
	AV1
HEVC	DL0	DL1	DL2	DL3	DL4	DL5
DL1	0.00%	79.71%	19.93%	0.36%	0.00%	0.00%
DL2	0.00%	14.51%	81.24%	3.94%	0.31%	0.00%
DL3	0.00%	15.60%	58.46%	24.40%	1.54%	0.00%
DL4	0.00%	2.44%	56.10%	21.95%	19.51%	0.00%
DL5	-nan%	-nan%	-nan%	-nan%	-nan%	-nan%


Tabela Comparativa das Profundidades - Valores Absolutos (FRAME 27)
	AV1
HEVC	DL0	DL1	DL2	DL3	DL4	DL5
DL1	0	15616	1728	320	0	0
DL2	0	5888	17856	1840	16	0
DL3	0	1824	3360	2272	0	0
DL4	0	32	288	144	16	0
DL5	0	0	0	0	0	0
Tabela Comparativa das Profundidades - Porcentagens (FRAME 27)
	AV1
HEVC	DL0	DL1	DL2	DL3	DL4	DL5
DL1	0.00%	88.41%	9.78%	1.81%	0.00%	0.00%
DL2	0.00%	23.00%	69.75%	7.19%	0.06%	0.00%
DL3	0.00%	24.46%	45.06%	30.47%	0.00%	0.00%
DL4	0.00%	6.67%	60.00%	30.00%	3.33%	0.00%
DL5	-nan%	-nan%	-nan%	-nan%	-nan%	-nan%


Tabela Comparativa das Profundidades - Valores Absolutos (FRAME 28)
	AV1
HEVC	DL0	DL1	DL2	DL3	DL4	DL5
DL1	1024	16896	1728	64	0	0
DL2	0	4416	11072	1984	0	0
DL3	0	2896	3088	6688	64	0
DL4	0	48	432	720	80	0
DL5	0	0	0	0	0	0
Tabela Comparativa das Profundidades - Porcentagens (FRAME 28)
	AV1
HEVC	DL0	DL1	DL2	DL3	DL4	DL5
DL1	5.19%	85.71%	8.77%	0.32%	0.00%	0.00%
DL2	0.00%	25.27%	63.37%	11.36%	0.00%	0.00%
DL3	0.00%	22.74%	24.25%	52.51%	0.50%	0.00%
DL4	0.00%	3.75%	33.75%	56.25%	6.25%	0.00%
DL5	-nan%	-nan%	-nan%	-nan%	-nan%	-nan%


Tabela Comparativa das Profundidades - Valores Absolutos (FRAME 29)
	AV1
HEVC	DL0	DL1	DL2	DL3	DL4	DL5
DL1	0	17408	1920	128	0	0
DL2	0	4576	12704	1728	0	0
DL3	0	2488	3720	4896	320	0
DL4	0	64	256	816	176	0
DL5	0	0	0	0	0	0
Tabela Comparativa das Profundidades - Porcentagens (FRAME 29)
	AV1
HEVC	DL0	DL1	DL2	DL3	DL4	DL5
DL1	0.00%	89.47%	9.87%	0.66%	0.00%	0.00%
DL2	0.00%	24.07%	66.84%	9.09%	0.00%	0.00%
DL3	0.00%	21.78%	32.56%	42.86%	2.80%	0.00%
DL4	0.00%	4.88%	19.51%	62.20%	13.41%	0.00%
DL5	-nan%	-nan%	-nan%	-nan%	-nan%	-nan%


Tabela Comparativa das Profundidades - Valores Absolutos (FRAME 30)
	AV1
HEVC	DL0	DL1	DL2	DL3	DL4	DL5
DL1	0	20224	2048	0	0	0
DL2	0	6848	12736	1280	0	0
DL3	0	2640	1856	3024	0	0
DL4	0	16	240	288	0	0
DL5	0	0	0	0	0	0
Tabela Comparativa das Profundidades - Porcentagens (FRAME 30)
	AV1
HEVC	DL0	DL1	DL2	DL3	DL4	DL5
DL1	0.00%	90.80%	9.20%	0.00%	0.00%	0.00%
DL2	0.00%	32.82%	61.04%	6.13%	0.00%	0.00%
DL3	0.00%	35.11%	24.68%	40.21%	0.00%	0.00%
DL4	0.00%	2.94%	44.12%	52.94%	0.00%	0.00%
DL5	-nan%	-nan%	-nan%	-nan%	-nan%	-nan%


Tabela Comparativa das Profundidades - Valores Absolutos (FRAME 31)
	AV1
HEVC	DL0	DL1	DL2	DL3	DL4	DL5
DL1	0	22784	2432	128	0	0
DL2	0	4608	13888	1648	16	0
DL3	0	496	2048	2544	128	0
DL4	0	16	192	208	64	0
DL5	0	0	0	0	0	0
Tabela Comparativa das Profundidades - Porcentagens (FRAME 31)
	AV1
HEVC	DL0	DL1	DL2	DL3	DL4	DL5
DL1	0.00%	89.90%	9.60%	0.51%	0.00%	0.00%
DL2	0.00%	22.86%	68.89%	8.17%	0.08%	0.00%
DL3	0.00%	9.51%	39.26%	48.77%	2.45%	0.00%
DL4	0.00%	3.33%	40.00%	43.33%	13.33%	0.00%
DL5	-nan%	-nan%	-nan%	-nan%	-nan%	-nan%


Tabela Comparativa das Profundidades - Valores Absolutos (FRAME 32)
	AV1
HEVC	DL0	DL1	DL2	DL3	DL4	DL5
DL1	0	9984	1024	0	0	0
DL2	0	3264	9088	3040	32	0
DL3	0	2560	4208	13312	592	0
DL4	0	0	592	2704	800	0
DL5	0	0	0	0	0	0
Tabela Comparativa das Profundidades - Porcentagens (FRAME 32)
	AV1
HEVC	DL0	DL1	DL2	DL3	DL4	DL5
DL1	0.00%	90.70%	9.30%	0.00%	0.00%	0.00%
DL2	0.00%	21.16%	58.92%	19.71%	0.21%	0.00%
DL3	0.00%	12.38%	20.36%	64.40%	2.86%	0.00%
DL4	0.00%	0.00%	14.45%	66.02%	19.53%	0.00%
DL5	-nan%	-nan%	-nan%	-nan%	-nan%	-nan%


Tabela Comparativa das Profundidades - Valores Absolutos (FRAME 33)
	AV1
HEVC	DL0	DL1	DL2	DL3	DL4	DL5
DL1	0	5632	960	48	16	0
DL2	0	3910	22468	2806	0	0
DL3	0	400	6528	7056	144	0
DL4	0	48	352	720	112	0
DL5	0	0	0	0	0	0
Tabela Comparativa das Profundidades - Porcentagens (FRAME 33)
	AV1
HEVC	DL0	DL1	DL2	DL3	DL4	DL5
DL1	0.00%	84.62%	14.42%	0.72%	0.24%	0.00%
DL2	0.00%	13.40%	76.99%	9.61%	0.00%	0.00%
DL3	0.00%	2.83%	46.21%	49.94%	1.02%	0.00%
DL4	0.00%	3.90%	28.57%	58.44%	9.09%	0.00%
DL5	-nan%	-nan%	-nan%	-nan%	-nan%	-nan%


Tabela Comparativa das Profundidades - Valores Absolutos (FRAME 34)
	AV1
HEVC	DL0	DL1	DL2	DL3	DL4	DL5
DL1	0	16384	2816	496	16	0
DL2	0	4099	13789	1904	48	0
DL3	0	1760	4208	4544	192	0
DL4	0	32	144	608	160	0
DL5	0	0	0	0	0	0
Tabela Comparativa das Profundidades - Porcentagens (FRAME 34)
	AV1
HEVC	DL0	DL1	DL2	DL3	DL4	DL5
DL1	0.00%	83.12%	14.29%	2.52%	0.08%	0.00%
DL2	0.00%	20.66%	69.50%	9.60%	0.24%	0.00%
DL3	0.00%	16.44%	39.31%	42.45%	1.79%	0.00%
DL4	0.00%	3.39%	15.25%	64.41%	16.95%	0.00%
DL5	-nan%	-nan%	-nan%	-nan%	-nan%	-nan%


Tabela Comparativa das Profundidades - Valores Absolutos (FRAME 35)
	AV1
HEVC	DL0	DL1	DL2	DL3	DL4	DL5
DL1	0	22272	768	0	0	0
DL2	0	4672	12480	1712	16	0
DL3	0	2416	2688	3424	48	0
DL4	0	16	256	368	64	0
DL5	0	0	0	0	0	0
Tabela Comparativa das Profundidades - Porcentagens (FRAME 35)
	AV1
HEVC	DL0	DL1	DL2	DL3	DL4	DL5
DL1	0.00%	96.67%	3.33%	0.00%	0.00%	0.00%
DL2	0.00%	24.75%	66.10%	9.07%	0.08%	0.00%
DL3	0.00%	28.17%	31.34%	39.93%	0.56%	0.00%
DL4	0.00%	2.27%	36.36%	52.27%	9.09%	0.00%
DL5	-nan%	-nan%	-nan%	-nan%	-nan%	-nan%


Tabela Comparativa das Profundidades - Valores Absolutos (FRAME 36)
	AV1
HEVC	DL0	DL1	DL2	DL3	DL4	DL5
DL1	0	22016	2240	64	0	0
DL2	0	5024	12128	1680	112	0
DL3	0	2464	1856	2752	96	0
DL4	0	32	288	352	96	0
DL5	0	0	0	0	0	0
Tabela Comparativa das Profundidades - Porcentagens (FRAME 36)
	AV1
HEVC	DL0	DL1	DL2	DL3	DL4	DL5
DL1	0.00%	90.53%	9.21%	0.26%	0.00%	0.00%
DL2	0.00%	26.52%	64.02%	8.87%	0.59%	0.00%
DL3	0.00%	34.38%	25.89%	38.39%	1.34%	0.00%
DL4	0.00%	4.17%	37.50%	45.83%	12.50%	0.00%
DL5	-nan%	-nan%	-nan%	-nan%	-nan%	-nan%


Tabela Comparativa das Profundidades - Valores Absolutos (FRAME 37)
	AV1
HEVC	DL0	DL1	DL2	DL3	DL4	DL5
DL1	0	10752	1280	256	0	0
DL2	0	2752	16320	1888	32	0
DL3	0	816	5904	8544	192	0
DL4	0	16	624	1168	656	0
DL5	0	0	0	0	0	0
Tabela Comparativa das Profundidades - Porcentagens (FRAME 37)
	AV1
HEVC	DL0	DL1	DL2	DL3	DL4	DL5
DL1	0.00%	87.50%	10.42%	2.08%	0.00%	0.00%
DL2	0.00%	13.11%	77.74%	8.99%	0.15%	0.00%
DL3	0.00%	5.28%	38.20%	55.28%	1.24%	0.00%
DL4	0.00%	0.65%	25.32%	47.40%	26.62%	0.00%
DL5	-nan%	-nan%	-nan%	-nan%	-nan%	-nan%


Tabela Comparativa das Profundidades - Valores Absolutos (FRAME 38)
	AV1
HEVC	DL0	DL1	DL2	DL3	DL4	DL5
DL1	0	9728	1920	608	32	0
DL2	0	2176	23028	1852	80	0
DL3	0	864	5504	4048	224	0
DL4	0	32	384	528	192	0
DL5	0	0	0	0	0	0
Tabela Comparativa das Profundidades - Porcentagens (FRAME 38)
	AV1
HEVC	DL0	DL1	DL2	DL3	DL4	DL5
DL1	0.00%	79.17%	15.62%	4.95%	0.26%	0.00%
DL2	0.00%	8.02%	84.86%	6.82%	0.29%	0.00%
DL3	0.00%	8.12%	51.73%	38.05%	2.11%	0.00%
DL4	0.00%	2.82%	33.80%	46.48%	16.90%	0.00%
DL5	-nan%	-nan%	-nan%	-nan%	-nan%	-nan%


Tabela Comparativa das Profundidades - Valores Absolutos (FRAME 39)
	AV1
HEVC	DL0	DL1	DL2	DL3	DL4	DL5
DL1	0	24576	2048	0	0	0
DL2	0	5856	11552	944	16	0
DL3	0	2336	1952	1504	64	0
DL4	0	32	160	64	96	0
DL5	0	0	0	0	0	0
Tabela Comparativa das Profundidades - Porcentagens (FRAME 39)
	AV1
HEVC	DL0	DL1	DL2	DL3	DL4	DL5
DL1	0.00%	92.31%	7.69%	0.00%	0.00%	0.00%
DL2	0.00%	31.88%	62.89%	5.14%	0.09%	0.00%
DL3	0.00%	39.89%	33.33%	25.68%	1.09%	0.00%
DL4	0.00%	9.09%	45.45%	18.18%	27.27%	0.00%
DL5	-nan%	-nan%	-nan%	-nan%	-nan%	-nan%


Tabela Comparativa das Profundidades - Valores Absolutos (FRAME 40)
	AV1
HEVC	DL0	DL1	DL2	DL3	DL4	DL5
DL1	0	18432	1024	0	0	0
DL2	0	4928	5440	992	96	0
DL3	0	2128	2368	4752	1072	0
DL4	0	112	1344	4368	4144	0
DL5	0	0	0	0	0	0
Tabela Comparativa das Profundidades - Porcentagens (FRAME 40)
	AV1
HEVC	DL0	DL1	DL2	DL3	DL4	DL5
DL1	0.00%	94.74%	5.26%	0.00%	0.00%	0.00%
DL2	0.00%	43.02%	47.49%	8.66%	0.84%	0.00%
DL3	0.00%	20.62%	22.95%	46.05%	10.39%	0.00%
DL4	0.00%	1.12%	13.48%	43.82%	41.57%	0.00%
DL5	-nan%	-nan%	-nan%	-nan%	-nan%	-nan%


Tabela Comparativa das Profundidades - Valores Absolutos (FRAME 41)
	AV1
HEVC	DL0	DL1	DL2	DL3	DL4	DL5
DL1	0	1792	640	128	0	0
DL2	0	832	8704	1264	16	0
DL3	0	368	7465	9783	2336	0
DL4	0	80	2816	7648	7328	0
DL5	0	0	0	0	0	0
Tabela Comparativa das Profundidades - Porcentagens (FRAME 41)
	AV1
HEVC	DL0	DL1	DL2	DL3	DL4	DL5
DL1	0.00%	70.00%	25.00%	5.00%	0.00%	0.00%
DL2	0.00%	7.69%	80.47%	11.69%	0.15%	0.00%
DL3	0.00%	1.84%	37.41%	49.03%	11.71%	0.00%
DL4	0.00%	0.45%	15.76%	42.79%	41.00%	0.00%
DL5	-nan%	-nan%	-nan%	-nan%	-nan%	-nan%


Tabela Comparativa das Profundidades - Valores Absolutos (FRAME 42)
	AV1
HEVC	DL0	DL1	DL2	DL3	DL4	DL5
DL1	0	512	256	0	0	0
DL2	0	384	9248	1824	64	0
DL3	0	128	13216	14608	1648	0
DL4	0	0	3388	3936	1988	0
DL5	0	0	0	0	0	0
Tabela Comparativa das Profundidades - Porcentagens (FRAME 42)
	AV1
HEVC	DL0	DL1	DL2	DL3	DL4	DL5
DL1	0.00%	66.67%	33.33%	0.00%	0.00%	0.00%
DL2	0.00%	3.33%	80.28%	15.83%	0.56%	0.00%
DL3	0.00%	0.43%	44.65%	49.35%	5.57%	0.00%
DL4	0.00%	0.00%	36.38%	42.27%	21.35%	0.00%
DL5	-nan%	-nan%	-nan%	-nan%	-nan%	-nan%


Tabela Comparativa das Profundidades - Valores Absolutos (FRAME 43)
	AV1
HEVC	DL0	DL1	DL2	DL3	DL4	DL5
DL1	0	5120	1280	0	0	0
DL2	0	1856	14464	3536	112	0
DL3	0	1088	6816	10800	1216	0
DL4	0	128	1184	2064	1536	0
DL5	0	0	0	0	0	0
Tabela Comparativa das Profundidades - Porcentagens (FRAME 43)
	AV1
HEVC	DL0	DL1	DL2	DL3	DL4	DL5
DL1	0.00%	80.00%	20.00%	0.00%	0.00%	0.00%
DL2	0.00%	9.29%	72.44%	17.71%	0.56%	0.00%
DL3	0.00%	5.46%	34.22%	54.22%	6.10%	0.00%
DL4	0.00%	2.61%	24.10%	42.02%	31.27%	0.00%
DL5	-nan%	-nan%	-nan%	-nan%	-nan%	-nan%


Tabela Comparativa das Profundidades - Valores Absolutos (FRAME 44)
	AV1
HEVC	DL0	DL1	DL2	DL3	DL4	DL5
DL1	0	9728	1088	192	0	0
DL2	0	2176	15786	2438	16	0
DL3	0	784	7296	8400	448	0
DL4	0	112	624	1328	784	0
DL5	0	0	0	0	0	0
Tabela Comparativa das Profundidades - Porcentagens (FRAME 44)
	AV1
HEVC	DL0	DL1	DL2	DL3	DL4	DL5
DL1	0.00%	88.37%	9.88%	1.74%	0.00%	0.00%
DL2	0.00%	10.66%	77.32%	11.94%	0.08%	0.00%
DL3	0.00%	4.63%	43.10%	49.62%	2.65%	0.00%
DL4	0.00%	3.93%	21.91%	46.63%	27.53%	0.00%
DL5	-nan%	-nan%	-nan%	-nan%	-nan%	-nan%


Tabela Comparativa das Profundidades - Valores Absolutos (FRAME 45)
	AV1
HEVC	DL0	DL1	DL2	DL3	DL4	DL5
DL1	0	14336	1568	480	0	0
DL2	0	5920	18832	1552	0	0
DL3	0	1296	3648	3008	96	0
DL4	0	48	176	208	32	0
DL5	0	0	0	0	0	0
Tabela Comparativa das Profundidades - Porcentagens (FRAME 45)
	AV1
HEVC	DL0	DL1	DL2	DL3	DL4	DL5
DL1	0.00%	87.50%	9.57%	2.93%	0.00%	0.00%
DL2	0.00%	22.51%	71.59%	5.90%	0.00%	0.00%
DL3	0.00%	16.10%	45.33%	37.38%	1.19%	0.00%
DL4	0.00%	10.34%	37.93%	44.83%	6.90%	0.00%
DL5	-nan%	-nan%	-nan%	-nan%	-nan%	-nan%


Tabela Comparativa das Profundidades - Valores Absolutos (FRAME 46)
	AV1
HEVC	DL0	DL1	DL2	DL3	DL4	DL5
DL1	0	20992	2048	0	0	0
DL2	0	5344	12640	1568	32	0
DL3	0	2224	2400	3248	80	0
DL4	0	16	256	320	32	0
DL5	0	0	0	0	0	0
Tabela Comparativa das Profundidades - Porcentagens (FRAME 46)
	AV1
HEVC	DL0	DL1	DL2	DL3	DL4	DL5
DL1	0.00%	91.11%	8.89%	0.00%	0.00%	0.00%
DL2	0.00%	27.29%	64.54%	8.01%	0.16%	0.00%
DL3	0.00%	27.97%	30.18%	40.85%	1.01%	0.00%
DL4	0.00%	2.56%	41.03%	51.28%	5.13%	0.00%
DL5	-nan%	-nan%	-nan%	-nan%	-nan%	-nan%


Tabela Comparativa das Profundidades - Valores Absolutos (FRAME 47)
	AV1
HEVC	DL0	DL1	DL2	DL3	DL4	DL5
DL1	0	16896	1920	128	0	0
DL2	0	4648	14648	1184	64	0
DL3	0	2359	2889	5312	416	0
DL4	0	16	80	400	240	0
DL5	0	0	0	0	0	0
Tabela Comparativa das Profundidades - Porcentagens (FRAME 47)
	AV1
HEVC	DL0	DL1	DL2	DL3	DL4	DL5
DL1	0.00%	89.19%	10.14%	0.68%	0.00%	0.00%
DL2	0.00%	22.62%	71.30%	5.76%	0.31%	0.00%
DL3	0.00%	21.49%	26.32%	48.40%	3.79%	0.00%
DL4	0.00%	2.17%	10.87%	54.35%	32.61%	0.00%
DL5	-nan%	-nan%	-nan%	-nan%	-nan%	-nan%


Tabela Comparativa das Profundidades - Valores Absolutos (FRAME 48)
	AV1
HEVC	DL0	DL1	DL2	DL3	DL4	DL5
DL1	0	7936	1408	128	0	0
DL2	0	5552	15933	2931	32	0
DL3	0	1824	6480	6848	192	0
DL4	0	32	592	944	368	0
DL5	0	0	0	0	0	0
Tabela Comparativa das Profundidades - Porcentagens (FRAME 48)
	AV1
HEVC	DL0	DL1	DL2	DL3	DL4	DL5
DL1	0.00%	83.78%	14.86%	1.35%	0.00%	0.00%
DL2	0.00%	22.71%	65.17%	11.99%	0.13%	0.00%
DL3	0.00%	11.89%	42.23%	44.63%	1.25%	0.00%
DL4	0.00%	1.65%	30.58%	48.76%	19.01%	0.00%
DL5	-nan%	-nan%	-nan%	-nan%	-nan%	-nan%


Tabela Comparativa das Profundidades - Valores Absolutos (FRAME 49)
	AV1
HEVC	DL0	DL1	DL2	DL3	DL4	DL5
DL1	0	15360	2688	128	0	0
DL2	0	3648	20800	1376	96	0
DL3	0	432	3344	2736	48	0
DL4	0	16	240	192	96	0
DL5	0	0	0	0	0	0
Tabela Comparativa das Profundidades - Porcentagens (FRAME 49)
	AV1
HEVC	DL0	DL1	DL2	DL3	DL4	DL5
DL1	0.00%	84.51%	14.79%	0.70%	0.00%	0.00%
DL2	0.00%	14.07%	80.25%	5.31%	0.37%	0.00%
DL3	0.00%	6.59%	50.98%	41.71%	0.73%	0.00%
DL4	0.00%	2.94%	44.12%	35.29%	17.65%	0.00%
DL5	-nan%	-nan%	-nan%	-nan%	-nan%	-nan%


Tabela Comparativa das Profundidades - Valores Absolutos (FRAME 50)
	AV1
HEVC	DL0	DL1	DL2	DL3	DL4	DL5
DL1	0	22784	1728	320	0	0
DL2	0	5024	9056	2352	80	0
DL3	0	2864	2448	3456	336	0
DL4	0	16	208	384	144	0
DL5	0	0	0	0	0	0
Tabela Comparativa das Profundidades - Porcentagens (FRAME 50)
	AV1
HEVC	DL0	DL1	DL2	DL3	DL4	DL5
DL1	0.00%	91.75%	6.96%	1.29%	0.00%	0.00%
DL2	0.00%	30.43%	54.84%	14.24%	0.48%	0.00%
DL3	0.00%	31.46%	26.89%	37.96%	3.69%	0.00%
DL4	0.00%	2.13%	27.66%	51.06%	19.15%	0.00%
DL5	-nan%	-nan%	-nan%	-nan%	-nan%	-nan%


Tabela Comparativa das Profundidades - Valores Absolutos (FRAME 51)
	AV1
HEVC	DL0	DL1	DL2	DL3	DL4	DL5
DL1	0	17152	256	0	0	0
DL2	0	3712	8000	2416	80	0
DL3	0	2352	3680	9152	880	0
DL4	0	16	544	2016	944	0
DL5	0	0	0	0	0	0
Tabela Comparativa das Profundidades - Porcentagens (FRAME 51)
	AV1
HEVC	DL0	DL1	DL2	DL3	DL4	DL5
DL1	0.00%	98.53%	1.47%	0.00%	0.00%	0.00%
DL2	0.00%	26.13%	56.31%	17.00%	0.56%	0.00%
DL3	0.00%	14.64%	22.91%	56.97%	5.48%	0.00%
DL4	0.00%	0.45%	15.45%	57.27%	26.82%	0.00%
DL5	-nan%	-nan%	-nan%	-nan%	-nan%	-nan%


Tabela Comparativa das Profundidades - Valores Absolutos (FRAME 52)
	AV1
HEVC	DL0	DL1	DL2	DL3	DL4	DL5
DL1	0	5376	640	128	0	0
DL2	0	1344	22525	3203	0	0
DL3	0	496	6754	7918	448	0
DL4	0	16	496	1216	640	0
DL5	0	0	0	0	0	0
Tabela Comparativa das Profundidades - Porcentagens (FRAME 52)
	AV1
HEVC	DL0	DL1	DL2	DL3	DL4	DL5
DL1	0.00%	87.50%	10.42%	2.08%	0.00%	0.00%
DL2	0.00%	4.96%	83.20%	11.83%	0.00%	0.00%
DL3	0.00%	3.18%	43.25%	50.70%	2.87%	0.00%
DL4	0.00%	0.68%	20.95%	51.35%	27.03%	0.00%
DL5	-nan%	-nan%	-nan%	-nan%	-nan%	-nan%


Tabela Comparativa das Profundidades - Valores Absolutos (FRAME 53)
	AV1
HEVC	DL0	DL1	DL2	DL3	DL4	DL5
DL1	0	8448	2368	448	0	0
DL2	0	2723	21421	1744	96	0
DL3	0	1424	5392	5152	320	0
DL4	0	112	512	832	208	0
DL5	0	0	0	0	0	0
Tabela Comparativa das Profundidades - Porcentagens (FRAME 53)
	AV1
HEVC	DL0	DL1	DL2	DL3	DL4	DL5
DL1	0.00%	75.00%	21.02%	3.98%	0.00%	0.00%
DL2	0.00%	10.48%	82.44%	6.71%	0.37%	0.00%
DL3	0.00%	11.59%	43.88%	41.93%	2.60%	0.00%
DL4	0.00%	6.73%	30.77%	50.00%	12.50%	0.00%
DL5	-nan%	-nan%	-nan%	-nan%	-nan%	-nan%


Tabela Comparativa das Profundidades - Valores Absolutos (FRAME 54)
	AV1
HEVC	DL0	DL1	DL2	DL3	DL4	DL5
DL1	0	20992	2944	384	0	0
DL2	0	4800	11520	1088	64	0
DL3	0	2048	3232	3056	80	0
DL4	0	64	224	464	240	0
DL5	0	0	0	0	0	0
Tabela Comparativa das Profundidades - Porcentagens (FRAME 54)
	AV1
HEVC	DL0	DL1	DL2	DL3	DL4	DL5
DL1	0.00%	86.32%	12.11%	1.58%	0.00%	0.00%
DL2	0.00%	27.47%	65.93%	6.23%	0.37%	0.00%
DL3	0.00%	24.33%	38.40%	36.31%	0.95%	0.00%
DL4	0.00%	6.45%	22.58%	46.77%	24.19%	0.00%
DL5	-nan%	-nan%	-nan%	-nan%	-nan%	-nan%


Tabela Comparativa das Profundidades - Valores Absolutos (FRAME 55)
	AV1
HEVC	DL0	DL1	DL2	DL3	DL4	DL5
DL1	0	24064	2368	368	80	0
DL2	0	2176	13568	1600	0	0
DL3	0	336	2176	3504	80	0
DL4	0	48	384	416	32	0
DL5	0	0	0	0	0	0
Tabela Comparativa das Profundidades - Porcentagens (FRAME 55)
	AV1
HEVC	DL0	DL1	DL2	DL3	DL4	DL5
DL1	0.00%	89.52%	8.81%	1.37%	0.30%	0.00%
DL2	0.00%	12.55%	78.23%	9.23%	0.00%	0.00%
DL3	0.00%	5.51%	35.70%	57.48%	1.31%	0.00%
DL4	0.00%	5.45%	43.64%	47.27%	3.64%	0.00%
DL5	-nan%	-nan%	-nan%	-nan%	-nan%	-nan%


Tabela Comparativa das Profundidades - Valores Absolutos (FRAME 56)
	AV1
HEVC	DL0	DL1	DL2	DL3	DL4	DL5
DL1	0	9216	1728	320	0	0
DL2	0	3200	13088	3008	160	0
DL3	0	2320	6256	8832	352	0
DL4	0	48	720	1424	528	0
DL5	0	0	0	0	0	0
Tabela Comparativa das Profundidades - Porcentagens (FRAME 56)
	AV1
HEVC	DL0	DL1	DL2	DL3	DL4	DL5
DL1	0.00%	81.82%	15.34%	2.84%	0.00%	0.00%
DL2	0.00%	16.45%	67.27%	15.46%	0.82%	0.00%
DL3	0.00%	13.06%	35.23%	49.73%	1.98%	0.00%
DL4	0.00%	1.76%	26.47%	52.35%	19.41%	0.00%
DL5	-nan%	-nan%	-nan%	-nan%	-nan%	-nan%


Tabela Comparativa das Profundidades - Valores Absolutos (FRAME 57)
	AV1
HEVC	DL0	DL1	DL2	DL3	DL4	DL5
DL1	0	17920	2688	624	16	0
DL2	0	4800	14112	2176	32	0
DL3	0	1584	3696	2896	32	0
DL4	0	16	208	384	16	0
DL5	0	0	0	0	0	0
Tabela Comparativa das Profundidades - Porcentagens (FRAME 57)
	AV1
HEVC	DL0	DL1	DL2	DL3	DL4	DL5
DL1	0.00%	84.34%	12.65%	2.94%	0.08%	0.00%
DL2	0.00%	22.73%	66.82%	10.30%	0.15%	0.00%
DL3	0.00%	19.30%	45.03%	35.28%	0.39%	0.00%
DL4	0.00%	2.56%	33.33%	61.54%	2.56%	0.00%
DL5	-nan%	-nan%	-nan%	-nan%	-nan%	-nan%


Tabela Comparativa das Profundidades - Valores Absolutos (FRAME 58)
	AV1
HEVC	DL0	DL1	DL2	DL3	DL4	DL5
DL1	0	20480	2880	176	16	0
DL2	0	6048	12512	1088	0	0
DL3	0	2896	2496	2112	16	0
DL4	0	48	224	208	0	0
DL5	0	0	0	0	0	0
Tabela Comparativa das Profundidades - Porcentagens (FRAME 58)
	AV1
HEVC	DL0	DL1	DL2	DL3	DL4	DL5
DL1	0.00%	86.96%	12.23%	0.75%	0.07%	0.00%
DL2	0.00%	30.78%	63.68%	5.54%	0.00%	0.00%
DL3	0.00%	38.51%	33.19%	28.09%	0.21%	0.00%
DL4	0.00%	10.00%	46.67%	43.33%	0.00%	0.00%
DL5	-nan%	-nan%	-nan%	-nan%	-nan%	-nan%


Tabela Comparativa das Profundidades - Valores Absolutos (FRAME 59)
	AV1
HEVC	DL0	DL1	DL2	DL3	DL4	DL5
DL1	0	21248	1600	192	0	0
DL2	0	6176	8224	928	32	0
DL3	0	2976	1680	1840	320	0
DL4	0	96	784	1088	4016	0
DL5	0	0	0	0	0	0
Tabela Comparativa das Profundidades - Porcentagens (FRAME 59)
	AV1
HEVC	DL0	DL1	DL2	DL3	DL4	DL5
DL1	0.00%	92.22%	6.94%	0.83%	0.00%	0.00%
DL2	0.00%	40.21%	53.54%	6.04%	0.21%	0.00%
DL3	0.00%	43.66%	24.65%	27.00%	4.69%	0.00%
DL4	0.00%	1.60%	13.10%	18.18%	67.11%	0.00%
DL5	-nan%	-nan%	-nan%	-nan%	-nan%	-nan%


Tabela Comparativa das Profundidades - Valores Absolutos (FRAME 60)
	AV1
HEVC	DL0	DL1	DL2	DL3	DL4	DL5
DL1	0	0	0	0	0	0
DL2	0	640	5184	928	96	0
DL3	0	304	6080	3280	1520	0
DL4	0	80	8240	8992	15856	0
DL5	0	0	0	0	0	0
Tabela Comparativa das Profundidades - Porcentagens (FRAME 60)
	AV1
HEVC	DL0	DL1	DL2	DL3	DL4	DL5
DL1	-nan%	-nan%	-nan%	-nan%	-nan%	-nan%
DL2	0.00%	9.35%	75.70%	13.55%	1.40%	0.00%
DL3	0.00%	2.72%	54.36%	29.33%	13.59%	0.00%
DL4	0.00%	0.24%	24.84%	27.11%	47.81%	0.00%
DL5	-nan%	-nan%	-nan%	-nan%	-nan%	-nan%


Tabela Comparativa das Profundidades - Valores Absolutos (FRAME 61)
	AV1
HEVC	DL0	DL1	DL2	DL3	DL4	DL5
DL1	0	1280	0	0	0	0
DL2	0	768	5952	1856	0	0
DL3	0	416	8720	20448	1552	0
DL4	0	96	1968	6320	1824	0
DL5	0	0	0	0	0	0
Tabela Comparativa das Profundidades - Porcentagens (FRAME 61)
	AV1
HEVC	DL0	DL1	DL2	DL3	DL4	DL5
DL1	0.00%	100.00%	0.00%	0.00%	0.00%	0.00%
DL2	0.00%	8.96%	69.40%	21.64%	0.00%	0.00%
DL3	0.00%	1.34%	28.01%	65.67%	4.98%	0.00%
DL4	0.00%	0.94%	19.28%	61.91%	17.87%	0.00%
DL5	-nan%	-nan%	-nan%	-nan%	-nan%	-nan%


Tabela Comparativa das Profundidades - Valores Absolutos (FRAME 62)
	AV1
HEVC	DL0	DL1	DL2	DL3	DL4	DL5
DL1	0	3328	640	112	16	0
DL2	0	640	12192	2960	16	0
DL3	0	496	9488	13872	912	0
DL4	0	144	2528	2992	864	0
DL5	0	0	0	0	0	0
Tabela Comparativa das Profundidades - Porcentagens (FRAME 62)
	AV1
HEVC	DL0	DL1	DL2	DL3	DL4	DL5
DL1	0.00%	81.25%	15.62%	2.73%	0.39%	0.00%
DL2	0.00%	4.05%	77.13%	18.72%	0.10%	0.00%
DL3	0.00%	2.00%	38.31%	56.01%	3.68%	0.00%
DL4	0.00%	2.21%	38.73%	45.83%	13.24%	0.00%
DL5	-nan%	-nan%	-nan%	-nan%	-nan%	-nan%


Tabela Comparativa das Profundidades - Valores Absolutos (FRAME 63)
	AV1
HEVC	DL0	DL1	DL2	DL3	DL4	DL5
DL1	0	5376	768	0	0	0
DL2	0	1528	23848	2000	16	0
DL3	0	720	7568	7312	224	0
DL4	0	176	464	896	304	0
DL5	0	0	0	0	0	0
Tabela Comparativa das Profundidades - Porcentagens (FRAME 63)
	AV1
HEVC	DL0	DL1	DL2	DL3	DL4	DL5
DL1	0.00%	87.50%	12.50%	0.00%	0.00%	0.00%
DL2	0.00%	5.58%	87.06%	7.30%	0.06%	0.00%
DL3	0.00%	4.55%	47.83%	46.21%	1.42%	0.00%
DL4	0.00%	9.57%	25.22%	48.70%	16.52%	0.00%
DL5	-nan%	-nan%	-nan%	-nan%	-nan%	-nan%


Tabela Comparativa das Profundidades - Valores Absolutos (FRAME 64)
	AV1
HEVC	DL0	DL1	DL2	DL3	DL4	DL5
DL1	0	11008	2816	256	0	0
DL2	0	4030	20258	1824	0	0
DL3	0	1024	4649	4055	128	0
DL4	0	0	528	432	192	0
DL5	0	0	0	0	0	0
Tabela Comparativa das Profundidades - Porcentagens (FRAME 64)
	AV1
HEVC	DL0	DL1	DL2	DL3	DL4	DL5
DL1	0.00%	78.18%	20.00%	1.82%	0.00%	0.00%
DL2	0.00%	15.43%	77.58%	6.99%	0.00%	0.00%
DL3	0.00%	10.39%	47.17%	41.14%	1.30%	0.00%
DL4	0.00%	0.00%	45.83%	37.50%	16.67%	0.00%
DL5	-nan%	-nan%	-nan%	-nan%	-nan%	-nan%


Tabela Comparativa das Profundidades - Valores Absolutos (FRAME 65)
	AV1
HEVC	DL0	DL1	DL2	DL3	DL4	DL5
DL1	0	17664	2752	64	0	0
DL2	0	6819	12925	1616	16	0
DL3	0	2400	2496	3264	144	0
DL4	0	32	352	576	80	0
DL5	0	0	0	0	0	0
Tabela Comparativa das Profundidades - Porcentagens (FRAME 65)
	AV1
HEVC	DL0	DL1	DL2	DL3	DL4	DL5
DL1	0.00%	86.25%	13.44%	0.31%	0.00%	0.00%
DL2	0.00%	31.90%	60.47%	7.56%	0.07%	0.00%
DL3	0.00%	28.90%	30.06%	39.31%	1.73%	0.00%
DL4	0.00%	3.08%	33.85%	55.38%	7.69%	0.00%
DL5	-nan%	-nan%	-nan%	-nan%	-nan%	-nan%


Tabela Comparativa das Profundidades - Valores Absolutos (FRAME 66)
	AV1
HEVC	DL0	DL1	DL2	DL3	DL4	DL5
DL1	0	24832	2688	128	0	0
DL2	0	4176	10256	1504	0	0
DL3	0	1904	2441	2695	96	0
DL4	0	16	144	224	96	0
DL5	0	0	0	0	0	0
Tabela Comparativa das Profundidades - Porcentagens (FRAME 66)
	AV1
HEVC	DL0	DL1	DL2	DL3	DL4	DL5
DL1	0.00%	89.81%	9.72%	0.46%	0.00%	0.00%
DL2	0.00%	26.20%	64.36%	9.44%	0.00%	0.00%
DL3	0.00%	26.68%	34.21%	37.77%	1.35%	0.00%
DL4	0.00%	3.33%	30.00%	46.67%	20.00%	0.00%
DL5	-nan%	-nan%	-nan%	-nan%	-nan%	-nan%


Tabela Comparativa das Profundidades - Valores Absolutos (FRAME 67)
	AV1
HEVC	DL0	DL1	DL2	DL3	DL4	DL5
DL1	0	9216	1472	64	0	0
DL2	0	3584	17728	2848	96	0
DL3	0	480	4960	7840	496	0
DL4	0	32	608	1312	464	0
DL5	0	0	0	0	0	0
Tabela Comparativa das Profundidades - Porcentagens (FRAME 67)
	AV1
HEVC	DL0	DL1	DL2	DL3	DL4	DL5
DL1	0.00%	85.71%	13.69%	0.60%	0.00%	0.00%
DL2	0.00%	14.78%	73.09%	11.74%	0.40%	0.00%
DL3	0.00%	3.48%	36.00%	56.91%	3.60%	0.00%
DL4	0.00%	1.32%	25.17%	54.30%	19.21%	0.00%
DL5	-nan%	-nan%	-nan%	-nan%	-nan%	-nan%


Tabela Comparativa das Profundidades - Valores Absolutos (FRAME 68)
	AV1
HEVC	DL0	DL1	DL2	DL3	DL4	DL5
DL1	0	20224	2304	512	0	0
DL2	0	4608	14080	1600	0	0
DL3	0	1344	3792	2160	0	0
DL4	0	0	304	272	0	0
DL5	0	0	0	0	0	0
Tabela Comparativa das Profundidades - Porcentagens (FRAME 68)
	AV1
HEVC	DL0	DL1	DL2	DL3	DL4	DL5
DL1	0.00%	87.78%	10.00%	2.22%	0.00%	0.00%
DL2	0.00%	22.71%	69.40%	7.89%	0.00%	0.00%
DL3	0.00%	18.42%	51.97%	29.61%	0.00%	0.00%
DL4	0.00%	0.00%	52.78%	47.22%	0.00%	0.00%
DL5	-nan%	-nan%	-nan%	-nan%	-nan%	-nan%


Tabela Comparativa das Profundidades - Valores Absolutos (FRAME 69)
	AV1
HEVC	DL0	DL1	DL2	DL3	DL4	DL5
DL1	0	22784	2432	128	0	0
DL2	0	4832	12640	1232	48	0
DL3	0	2560	2000	2096	96	0
DL4	0	0	80	176	96	0
DL5	0	0	0	0	0	0
Tabela Comparativa das Profundidades - Porcentagens (FRAME 69)
	AV1
HEVC	DL0	DL1	DL2	DL3	DL4	DL5
DL1	0.00%	89.90%	9.60%	0.51%	0.00%	0.00%
DL2	0.00%	25.77%	67.41%	6.57%	0.26%	0.00%
DL3	0.00%	37.91%	29.62%	31.04%	1.42%	0.00%
DL4	0.00%	0.00%	22.73%	50.00%	27.27%	0.00%
DL5	-nan%	-nan%	-nan%	-nan%	-nan%	-nan%


Tabela Comparativa das Profundidades - Valores Absolutos (FRAME 70)
	AV1
HEVC	DL0	DL1	DL2	DL3	DL4	DL5
DL1	0	17408	1280	0	0	0
DL2	0	4288	10816	1584	80	0
DL3	0	2448	3408	6896	448	0
DL4	0	48	752	1248	496	0
DL5	0	0	0	0	0	0
Tabela Comparativa das Profundidades - Porcentagens (FRAME 70)
	AV1
HEVC	DL0	DL1	DL2	DL3	DL4	DL5
DL1	0.00%	93.15%	6.85%	0.00%	0.00%	0.00%
DL2	0.00%	25.57%	64.50%	9.45%	0.48%	0.00%
DL3	0.00%	18.55%	25.82%	52.24%	3.39%	0.00%
DL4	0.00%	1.89%	29.56%	49.06%	19.50%	0.00%
DL5	-nan%	-nan%	-nan%	-nan%	-nan%	-nan%


Tabela Comparativa das Profundidades - Valores Absolutos (FRAME 71)
	AV1
HEVC	DL0	DL1	DL2	DL3	DL4	DL5
DL1	0	2048	1152	128	0	0
DL2	0	432	24996	2364	176	0
DL3	0	84	7212	9168	752	0
DL4	0	0	544	1568	576	0
DL5	0	0	0	0	0	0
Tabela Comparativa das Profundidades - Porcentagens (FRAME 71)
	AV1
HEVC	DL0	DL1	DL2	DL3	DL4	DL5
DL1	0.00%	61.54%	34.62%	3.85%	0.00%	0.00%
DL2	0.00%	1.54%	89.37%	8.45%	0.63%	0.00%
DL3	0.00%	0.49%	41.89%	53.25%	4.37%	0.00%
DL4	0.00%	0.00%	20.24%	58.33%	21.43%	0.00%
DL5	-nan%	-nan%	-nan%	-nan%	-nan%	-nan%


Tabela Comparativa das Profundidades - Valores Absolutos (FRAME 72)
	AV1
HEVC	DL0	DL1	DL2	DL3	DL4	DL5
DL1	0	5888	2176	128	0	0
DL2	0	4041	20724	2403	32	0
DL3	0	1072	6048	6416	224	0
DL4	0	16	672	1088	272	0
DL5	0	0	0	0	0	0
Tabela Comparativa das Profundidades - Porcentagens (FRAME 72)
	AV1
HEVC	DL0	DL1	DL2	DL3	DL4	DL5
DL1	0.00%	71.88%	26.56%	1.56%	0.00%	0.00%
DL2	0.00%	14.86%	76.19%	8.83%	0.12%	0.00%
DL3	0.00%	7.79%	43.95%	46.63%	1.63%	0.00%
DL4	0.00%	0.78%	32.81%	53.12%	13.28%	0.00%
DL5	-nan%	-nan%	-nan%	-nan%	-nan%	-nan%


Tabela Comparativa das Profundidades - Valores Absolutos (FRAME 73)
	AV1
HEVC	DL0	DL1	DL2	DL3	DL4	DL5
DL1	0	22016	2624	448	0	0
DL2	0	5184	12416	1504	96	0
DL3	0	624	1984	3392	16	0
DL4	0	80	384	384	48	0
DL5	0	0	0	0	0	0
Tabela Comparativa das Profundidades - Porcentagens (FRAME 73)
	AV1
HEVC	DL0	DL1	DL2	DL3	DL4	DL5
DL1	0.00%	87.76%	10.46%	1.79%	0.00%	0.00%
DL2	0.00%	27.00%	64.67%	7.83%	0.50%	0.00%
DL3	0.00%	10.37%	32.98%	56.38%	0.27%	0.00%
DL4	0.00%	8.93%	42.86%	42.86%	5.36%	0.00%
DL5	-nan%	-nan%	-nan%	-nan%	-nan%	-nan%


Tabela Comparativa das Profundidades - Valores Absolutos (FRAME 74)
	AV1
HEVC	DL0	DL1	DL2	DL3	DL4	DL5
DL1	0	22272	2112	192	0	0
DL2	0	5088	11456	1344	32	0
DL3	0	2464	2208	3184	32	0
DL4	0	160	224	352	80	0
DL5	0	0	0	0	0	0
Tabela Comparativa das Profundidades - Porcentagens (FRAME 74)
	AV1
HEVC	DL0	DL1	DL2	DL3	DL4	DL5
DL1	0.00%	90.62%	8.59%	0.78%	0.00%	0.00%
DL2	0.00%	28.39%	63.93%	7.50%	0.18%	0.00%
DL3	0.00%	31.24%	27.99%	40.37%	0.41%	0.00%
DL4	0.00%	19.61%	27.45%	43.14%	9.80%	0.00%
DL5	-nan%	-nan%	-nan%	-nan%	-nan%	-nan%


Tabela Comparativa das Profundidades - Valores Absolutos (FRAME 75)
	AV1
HEVC	DL0	DL1	DL2	DL3	DL4	DL5
DL1	0	16128	2496	64	0	0
DL2	0	4736	12320	1600	32	0
DL3	0	2352	3056	6848	160	0
DL4	0	16	304	848	240	0
DL5	0	0	0	0	0	0
Tabela Comparativa das Profundidades - Porcentagens (FRAME 75)
	AV1
HEVC	DL0	DL1	DL2	DL3	DL4	DL5
DL1	0.00%	86.30%	13.36%	0.34%	0.00%	0.00%
DL2	0.00%	25.34%	65.92%	8.56%	0.17%	0.00%
DL3	0.00%	18.94%	24.61%	55.15%	1.29%	0.00%
DL4	0.00%	1.14%	21.59%	60.23%	17.05%	0.00%
DL5	-nan%	-nan%	-nan%	-nan%	-nan%	-nan%


Tabela Comparativa das Profundidades - Valores Absolutos (FRAME 76)
	AV1
HEVC	DL0	DL1	DL2	DL3	DL4	DL5
DL1	0	8704	1920	128	0	0
DL2	0	1856	24654	2386	32	0
DL3	0	192	6704	3296	192	0
DL4	0	0	496	416	224	0
DL5	0	0	0	0	0	0
Tabela Comparativa das Profundidades - Porcentagens (FRAME 76)
	AV1
HEVC	DL0	DL1	DL2	DL3	DL4	DL5
DL1	0.00%	80.95%	17.86%	1.19%	0.00%	0.00%
DL2	0.00%	6.42%	85.23%	8.25%	0.11%	0.00%
DL3	0.00%	1.85%	64.56%	31.74%	1.85%	0.00%
DL4	0.00%	0.00%	43.66%	36.62%	19.72%	0.00%
