Tabela Comparativa das Profundidades - Valores Absolutos (FRAME  1)
	AV1
HEVC	DL0	DL1	DL2	DL3	DL4	DL5
DL1	0	9728	4800	256	64	0
DL2	0	4288	16384	3824	1552	0
DL3	0	720	2768	13632	9232	0
DL4	0	368	2864	17520	34880	0
DL5	0	0	0	0	0	0
Tabela Comparativa das Profundidades - Porcentagens (FRAME  1)
	AV1
HEVC	DL0	DL1	DL2	DL3	DL4	DL5
DL1	0.00%	65.52%	32.33%	1.72%	0.43%	0.00%
DL2	0.00%	16.46%	62.90%	14.68%	5.96%	0.00%
DL3	0.00%	2.73%	10.50%	51.73%	35.03%	0.00%
DL4	0.00%	0.66%	5.15%	31.49%	62.70%	0.00%
DL5	-nan%	-nan%	-nan%	-nan%	-nan%	-nan%


Tabela Comparativa das Profundidades - Valores Absolutos (FRAME  2)
	AV1
HEVC	DL0	DL1	DL2	DL3	DL4	DL5
DL1	0	5148	1604	160	0	0
DL2	0	3648	29272	10632	992	0
DL3	0	1430	19062	27180	3032	0
DL4	0	1072	5848	10160	3640	0
DL5	0	0	0	0	0	0
Tabela Comparativa das Profundidades - Porcentagens (FRAME  2)
	AV1
HEVC	DL0	DL1	DL2	DL3	DL4	DL5
DL1	0.00%	74.48%	23.21%	2.31%	0.00%	0.00%
DL2	0.00%	8.19%	65.71%	23.87%	2.23%	0.00%
DL3	0.00%	2.82%	37.59%	53.61%	5.98%	0.00%
DL4	0.00%	5.17%	28.22%	49.03%	17.57%	0.00%
DL5	-nan%	-nan%	-nan%	-nan%	-nan%	-nan%


Tabela Comparativa das Profundidades - Valores Absolutos (FRAME  3)
	AV1
HEVC	DL0	DL1	DL2	DL3	DL4	DL5
DL1	0	15176	4152	608	32	0
DL2	0	11460	39404	6592	336	0
DL3	0	3790	15780	14606	848	0
DL4	0	1256	4416	3608	816	0
DL5	0	0	0	0	0	0
Tabela Comparativa das Profundidades - Porcentagens (FRAME  3)
	AV1
HEVC	DL0	DL1	DL2	DL3	DL4	DL5
DL1	0.00%	76.00%	20.79%	3.04%	0.16%	0.00%
DL2	0.00%	19.83%	68.18%	11.41%	0.58%	0.00%
DL3	0.00%	10.82%	45.05%	41.70%	2.42%	0.00%
DL4	0.00%	12.44%	43.74%	35.74%	8.08%	0.00%
DL5	-nan%	-nan%	-nan%	-nan%	-nan%	-nan%


Tabela Comparativa das Profundidades - Valores Absolutos (FRAME  4)
	AV1
HEVC	DL0	DL1	DL2	DL3	DL4	DL5
DL1	0	52992	8128	64	0	0
DL2	0	11200	28736	1584	16	0
DL3	0	2080	8144	2944	176	0
DL4	0	544	3952	1744	576	0
DL5	0	0	0	0	0	0
Tabela Comparativa das Profundidades - Porcentagens (FRAME  4)
	AV1
HEVC	DL0	DL1	DL2	DL3	DL4	DL5
DL1	0.00%	86.61%	13.28%	0.10%	0.00%	0.00%
DL2	0.00%	26.96%	69.18%	3.81%	0.04%	0.00%
DL3	0.00%	15.59%	61.03%	22.06%	1.32%	0.00%
DL4	0.00%	7.98%	57.98%	25.59%	8.45%	0.00%
DL5	-nan%	-nan%	-nan%	-nan%	-nan%	-nan%


Tabela Comparativa das Profundidades - Valores Absolutos (FRAME  5)
	AV1
HEVC	DL0	DL1	DL2	DL3	DL4	DL5
DL1	256	66048	2816	768	0	0
DL2	704	13056	15616	2000	240	0
DL3	64	3184	6528	4496	272	0
DL4	0	912	3072	2240	608	0
DL5	0	0	0	0	0	0
Tabela Comparativa das Profundidades - Porcentagens (FRAME  5)
	AV1
HEVC	DL0	DL1	DL2	DL3	DL4	DL5
DL1	0.37%	94.51%	4.03%	1.10%	0.00%	0.00%
DL2	2.23%	41.30%	49.39%	6.33%	0.76%	0.00%
DL3	0.44%	21.89%	44.88%	30.91%	1.87%	0.00%
DL4	0.00%	13.35%	44.96%	32.79%	8.90%	0.00%
DL5	-nan%	-nan%	-nan%	-nan%	-nan%	-nan%


Tabela Comparativa das Profundidades - Valores Absolutos (FRAME  6)
	AV1
HEVC	DL0	DL1	DL2	DL3	DL4	DL5
DL1	0	65536	3840	0	0	0
DL2	0	10672	18640	1200	16	0
DL3	0	4232	8616	4032	96	0
DL4	0	960	3024	1392	624	0
DL5	0	0	0	0	0	0
Tabela Comparativa das Profundidades - Porcentagens (FRAME  6)
	AV1
HEVC	DL0	DL1	DL2	DL3	DL4	DL5
DL1	0.00%	94.46%	5.54%	0.00%	0.00%	0.00%
DL2	0.00%	34.96%	61.06%	3.93%	0.05%	0.00%
DL3	0.00%	24.93%	50.75%	23.75%	0.57%	0.00%
DL4	0.00%	16.00%	50.40%	23.20%	10.40%	0.00%
DL5	-nan%	-nan%	-nan%	-nan%	-nan%	-nan%


Tabela Comparativa das Profundidades - Valores Absolutos (FRAME  7)
	AV1
HEVC	DL0	DL1	DL2	DL3	DL4	DL5
DL1	0	112384	0	0	0	0
DL2	0	3216	3440	0	0	0
DL3	0	1432	488	0	0	0
DL4	0	1440	480	0	0	0
DL5	0	0	0	0	0	0
Tabela Comparativa das Profundidades - Porcentagens (FRAME  7)
	AV1
HEVC	DL0	DL1	DL2	DL3	DL4	DL5
DL1	0.00%	100.00%	0.00%	0.00%	0.00%	0.00%
DL2	0.00%	48.32%	51.68%	0.00%	0.00%	0.00%
DL3	0.00%	74.58%	25.42%	0.00%	0.00%	0.00%
DL4	0.00%	75.00%	25.00%	0.00%	0.00%	0.00%
DL5	-nan%	-nan%	-nan%	-nan%	-nan%	-nan%


Tabela Comparativa das Profundidades - Valores Absolutos (FRAME  8)
	AV1
HEVC	DL0	DL1	DL2	DL3	DL4	DL5
DL1	0	77568	1984	64	0	0
DL2	0	13248	14208	1088	128	0
DL3	0	2256	4432	3264	176	0
DL4	0	1136	1840	1120	368	0
DL5	0	0	0	0	0	0
Tabela Comparativa das Profundidades - Porcentagens (FRAME  8)
	AV1
HEVC	DL0	DL1	DL2	DL3	DL4	DL5
DL1	0.00%	97.43%	2.49%	0.08%	0.00%	0.00%
DL2	0.00%	46.21%	49.55%	3.79%	0.45%	0.00%
DL3	0.00%	22.27%	43.76%	32.23%	1.74%	0.00%
DL4	0.00%	25.45%	41.22%	25.09%	8.24%	0.00%
DL5	-nan%	-nan%	-nan%	-nan%	-nan%	-nan%


Tabela Comparativa das Profundidades - Valores Absolutos (FRAME  9)
	AV1
HEVC	DL0	DL1	DL2	DL3	DL4	DL5
DL1	0	71872	3072	320	0	0
DL2	0	9720	15560	1072	16	0
DL3	0	3392	6768	3936	240	0
DL4	0	1408	3344	1664	496	0
DL5	0	0	0	0	0	0
Tabela Comparativa das Profundidades - Porcentagens (FRAME  9)
	AV1
HEVC	DL0	DL1	DL2	DL3	DL4	DL5
DL1	0.00%	95.49%	4.08%	0.43%	0.00%	0.00%
DL2	0.00%	36.86%	59.01%	4.07%	0.06%	0.00%
DL3	0.00%	23.66%	47.21%	27.46%	1.67%	0.00%
DL4	0.00%	20.37%	48.38%	24.07%	7.18%	0.00%
DL5	-nan%	-nan%	-nan%	-nan%	-nan%	-nan%


Tabela Comparativa das Profundidades - Valores Absolutos (FRAME 10)
	AV1
HEVC	DL0	DL1	DL2	DL3	DL4	DL5
DL1	0	90624	2432	304	80	0
DL2	0	8832	10432	912	48	0
DL3	0	1776	2544	2208	176	0
DL4	0	400	784	832	496	0
DL5	0	0	0	0	0	0
Tabela Comparativa das Profundidades - Porcentagens (FRAME 10)
	AV1
HEVC	DL0	DL1	DL2	DL3	DL4	DL5
DL1	0.00%	96.99%	2.60%	0.33%	0.09%	0.00%
DL2	0.00%	43.67%	51.58%	4.51%	0.24%	0.00%
DL3	0.00%	26.49%	37.95%	32.94%	2.63%	0.00%
DL4	0.00%	15.92%	31.21%	33.12%	19.75%	0.00%
DL5	-nan%	-nan%	-nan%	-nan%	-nan%	-nan%


Tabela Comparativa das Profundidades - Valores Absolutos (FRAME 11)
	AV1
HEVC	DL0	DL1	DL2	DL3	DL4	DL5
DL1	0	84096	2432	480	32	0
DL2	0	7848	11800	1056	32	0
DL3	0	2784	4272	3072	224	0
DL4	0	1248	1808	1152	544	0
DL5	0	0	0	0	0	0
Tabela Comparativa das Profundidades - Porcentagens (FRAME 11)
	AV1
HEVC	DL0	DL1	DL2	DL3	DL4	DL5
DL1	0.00%	96.62%	2.79%	0.55%	0.04%	0.00%
DL2	0.00%	37.85%	56.91%	5.09%	0.15%	0.00%
DL3	0.00%	26.89%	41.27%	29.68%	2.16%	0.00%
DL4	0.00%	26.26%	38.05%	24.24%	11.45%	0.00%
DL5	-nan%	-nan%	-nan%	-nan%	-nan%	-nan%


Tabela Comparativa das Profundidades - Valores Absolutos (FRAME 12)
	AV1
HEVC	DL0	DL1	DL2	DL3	DL4	DL5
DL1	0	47616	5952	192	0	0
DL2	0	14528	32256	2880	128	0
DL3	0	2816	7216	4992	96	0
DL4	0	1088	1744	1184	192	0
DL5	0	0	0	0	0	0
Tabela Comparativa das Profundidades - Porcentagens (FRAME 12)
	AV1
HEVC	DL0	DL1	DL2	DL3	DL4	DL5
DL1	0.00%	88.57%	11.07%	0.36%	0.00%	0.00%
DL2	0.00%	29.18%	64.78%	5.78%	0.26%	0.00%
DL3	0.00%	18.62%	47.72%	33.02%	0.63%	0.00%
DL4	0.00%	25.86%	41.44%	28.14%	4.56%	0.00%
DL5	-nan%	-nan%	-nan%	-nan%	-nan%	-nan%


Tabela Comparativa das Profundidades - Valores Absolutos (FRAME 13)
	AV1
HEVC	DL0	DL1	DL2	DL3	DL4	DL5
DL1	0	51216	4848	256	0	0
DL2	0	15944	30456	1024	0	0
DL3	0	3280	7968	2624	128	0
DL4	0	688	2912	944	592	0
DL5	0	0	0	0	0	0
Tabela Comparativa das Profundidades - Porcentagens (FRAME 13)
	AV1
HEVC	DL0	DL1	DL2	DL3	DL4	DL5
DL1	0.00%	90.94%	8.61%	0.45%	0.00%	0.00%
DL2	0.00%	33.62%	64.22%	2.16%	0.00%	0.00%
DL3	0.00%	23.43%	56.91%	18.74%	0.91%	0.00%
DL4	0.00%	13.40%	56.70%	18.38%	11.53%	0.00%
DL5	-nan%	-nan%	-nan%	-nan%	-nan%	-nan%


Tabela Comparativa das Profundidades - Valores Absolutos (FRAME 14)
	AV1
HEVC	DL0	DL1	DL2	DL3	DL4	DL5
DL1	1024	77312	2240	48	16	0
DL2	0	11000	10376	1376	32	0
DL3	0	3072	5344	4928	176	0
DL4	0	1352	1888	1840	856	0
DL5	0	0	0	0	0	0
Tabela Comparativa das Profundidades - Porcentagens (FRAME 14)
	AV1
HEVC	DL0	DL1	DL2	DL3	DL4	DL5
DL1	1.27%	95.87%	2.78%	0.06%	0.02%	0.00%
DL2	0.00%	48.28%	45.54%	6.04%	0.14%	0.00%
DL3	0.00%	22.72%	39.53%	36.45%	1.30%	0.00%
DL4	0.00%	22.78%	31.81%	31.00%	14.42%	0.00%
DL5	-nan%	-nan%	-nan%	-nan%	-nan%	-nan%


Tabela Comparativa das Profundidades - Valores Absolutos (FRAME 15)
	AV1
HEVC	DL0	DL1	DL2	DL3	DL4	DL5
DL1	0	83712	896	880	16	0
DL2	0	9784	12296	1152	0	0
DL3	0	2448	3952	3408	80	0
DL4	0	1136	1808	832	480	0
DL5	0	0	0	0	0	0
Tabela Comparativa das Profundidades - Porcentagens (FRAME 15)
	AV1
HEVC	DL0	DL1	DL2	DL3	DL4	DL5
DL1	0.00%	97.90%	1.05%	1.03%	0.02%	0.00%
DL2	0.00%	42.11%	52.93%	4.96%	0.00%	0.00%
DL3	0.00%	24.76%	39.97%	34.47%	0.81%	0.00%
DL4	0.00%	26.69%	42.48%	19.55%	11.28%	0.00%
DL5	-nan%	-nan%	-nan%	-nan%	-nan%	-nan%


Tabela Comparativa das Profundidades - Valores Absolutos (FRAME 16)
	AV1
HEVC	DL0	DL1	DL2	DL3	DL4	DL5
DL1	0	72432	3216	384	0	0
DL2	0	10488	20936	672	96	0
DL3	0	2448	4816	2080	160	0
DL4	0	1216	2064	1216	656	0
DL5	0	0	0	0	0	0
Tabela Comparativa das Profundidades - Porcentagens (FRAME 16)
	AV1
HEVC	DL0	DL1	DL2	DL3	DL4	DL5
DL1	0.00%	95.27%	4.23%	0.51%	0.00%	0.00%
DL2	0.00%	32.58%	65.03%	2.09%	0.30%	0.00%
DL3	0.00%	25.76%	50.67%	21.89%	1.68%	0.00%
DL4	0.00%	23.60%	40.06%	23.60%	12.73%	0.00%
DL5	-nan%	-nan%	-nan%	-nan%	-nan%	-nan%


Tabela Comparativa das Profundidades - Valores Absolutos (FRAME 17)
	AV1
HEVC	DL0	DL1	DL2	DL3	DL4	DL5
DL1	0	63112	2936	0	0	0
DL2	0	15344	19920	1904	80	0
DL3	0	3016	6296	4560	176	0
DL4	0	1072	2480	1376	608	0
DL5	0	0	0	0	0	0
Tabela Comparativa das Profundidades - Porcentagens (FRAME 17)
	AV1
HEVC	DL0	DL1	DL2	DL3	DL4	DL5
DL1	0.00%	95.55%	4.45%	0.00%	0.00%	0.00%
DL2	0.00%	41.19%	53.48%	5.11%	0.21%	0.00%
DL3	0.00%	21.47%	44.82%	32.46%	1.25%	0.00%
DL4	0.00%	19.36%	44.80%	24.86%	10.98%	0.00%
DL5	-nan%	-nan%	-nan%	-nan%	-nan%	-nan%


Tabela Comparativa das Profundidades - Valores Absolutos (FRAME 18)
	AV1
HEVC	DL0	DL1	DL2	DL3	DL4	DL5
DL1	0	78592	2048	224	32	0
DL2	0	11072	14464	1056	32	0
DL3	0	3184	4336	3168	272	0
DL4	0	1368	1680	704	648	0
DL5	0	0	0	0	0	0
Tabela Comparativa das Profundidades - Porcentagens (FRAME 18)
	AV1
HEVC	DL0	DL1	DL2	DL3	DL4	DL5
DL1	0.00%	97.15%	2.53%	0.28%	0.04%	0.00%
DL2	0.00%	41.59%	54.33%	3.97%	0.12%	0.00%
DL3	0.00%	29.05%	39.56%	28.91%	2.48%	0.00%
DL4	0.00%	31.09%	38.18%	16.00%	14.73%	0.00%
DL5	-nan%	-nan%	-nan%	-nan%	-nan%	-nan%


Tabela Comparativa das Profundidades - Valores Absolutos (FRAME 19)
	AV1
HEVC	DL0	DL1	DL2	DL3	DL4	DL5
DL1	0	84992	3776	448	128	0
DL2	0	6656	13568	1456	16	0
DL3	0	1040	3200	3920	224	0
DL4	0	240	1024	1440	752	0
DL5	0	0	0	0	0	0
Tabela Comparativa das Profundidades - Porcentagens (FRAME 19)
	AV1
HEVC	DL0	DL1	DL2	DL3	DL4	DL5
DL1	0.00%	95.13%	4.23%	0.50%	0.14%	0.00%
DL2	0.00%	30.68%	62.54%	6.71%	0.07%	0.00%
DL3	0.00%	12.40%	38.17%	46.76%	2.67%	0.00%
DL4	0.00%	6.94%	29.63%	41.67%	21.76%	0.00%
DL5	-nan%	-nan%	-nan%	-nan%	-nan%	-nan%


Tabela Comparativa das Profundidades - Valores Absolutos (FRAME 20)
	AV1
HEVC	DL0	DL1	DL2	DL3	DL4	DL5
DL1	0	13824	1664	64	64	0
DL2	0	6544	17776	2224	720	0
DL3	400	3520	10832	9808	2832	0
DL4	624	4352	18544	16384	12704	0
DL5	0	0	0	0	0	0
Tabela Comparativa das Profundidades - Porcentagens (FRAME 20)
	AV1
HEVC	DL0	DL1	DL2	DL3	DL4	DL5
DL1	0.00%	88.52%	10.66%	0.41%	0.41%	0.00%
DL2	0.00%	24.00%	65.20%	8.16%	2.64%	0.00%
DL3	1.46%	12.85%	39.54%	35.81%	10.34%	0.00%
DL4	1.19%	8.27%	35.25%	31.14%	24.15%	0.00%
DL5	-nan%	-nan%	-nan%	-nan%	-nan%	-nan%


Tabela Comparativa das Profundidades - Valores Absolutos (FRAME 21)
	AV1
HEVC	DL0	DL1	DL2	DL3	DL4	DL5
DL1	0	16640	4736	640	0	0
DL2	0	9912	46664	4560	112	0
DL3	0	2560	17712	11584	224	0
DL4	0	896	3984	2320	336	0
DL5	0	0	0	0	0	0
Tabela Comparativa das Profundidades - Porcentagens (FRAME 21)
	AV1
HEVC	DL0	DL1	DL2	DL3	DL4	DL5
DL1	0.00%	75.58%	21.51%	2.91%	0.00%	0.00%
DL2	0.00%	16.18%	76.19%	7.45%	0.18%	0.00%
DL3	0.00%	7.98%	55.21%	36.11%	0.70%	0.00%
DL4	0.00%	11.89%	52.87%	30.79%	4.46%	0.00%
DL5	-nan%	-nan%	-nan%	-nan%	-nan%	-nan%


Tabela Comparativa das Profundidades - Valores Absolutos (FRAME 22)
	AV1
HEVC	DL0	DL1	DL2	DL3	DL4	DL5
DL1	0	37528	4392	64	0	0
DL2	0	19316	33932	1712	80	0
DL3	0	3420	11076	4608	352	0
DL4	0	768	2984	1936	712	0
DL5	0	0	0	0	0	0
Tabela Comparativa das Profundidades - Porcentagens (FRAME 22)
	AV1
HEVC	DL0	DL1	DL2	DL3	DL4	DL5
DL1	0.00%	89.39%	10.46%	0.15%	0.00%	0.00%
DL2	0.00%	35.09%	61.65%	3.11%	0.15%	0.00%
DL3	0.00%	17.58%	56.93%	23.68%	1.81%	0.00%
DL4	0.00%	12.00%	46.63%	30.25%	11.12%	0.00%
DL5	-nan%	-nan%	-nan%	-nan%	-nan%	-nan%


Tabela Comparativa das Profundidades - Valores Absolutos (FRAME 23)
	AV1
HEVC	DL0	DL1	DL2	DL3	DL4	DL5
DL1	768	41928	6136	288	32	0
DL2	256	17792	29056	2128	48	0
DL3	0	3232	8896	5584	336	0
DL4	0	864	2688	2080	768	0
DL5	0	0	0	0	0	0
Tabela Comparativa das Profundidades - Porcentagens (FRAME 23)
	AV1
HEVC	DL0	DL1	DL2	DL3	DL4	DL5
DL1	1.56%	85.30%	12.48%	0.59%	0.07%	0.00%
DL2	0.52%	36.10%	58.96%	4.32%	0.10%	0.00%
DL3	0.00%	17.91%	49.29%	30.94%	1.86%	0.00%
DL4	0.00%	13.50%	42.00%	32.50%	12.00%	0.00%
DL5	-nan%	-nan%	-nan%	-nan%	-nan%	-nan%


Tabela Comparativa das Profundidades - Valores Absolutos (FRAME 24)
	AV1
HEVC	DL0	DL1	DL2	DL3	DL4	DL5
DL1	0	51776	4928	384	0	0
DL2	1024	14392	27272	1376	32	0
DL3	0	1840	8032	5376	224	0
DL4	0	720	3168	1712	624	0
DL5	0	0	0	0	0	0
Tabela Comparativa das Profundidades - Porcentagens (FRAME 24)
	AV1
HEVC	DL0	DL1	DL2	DL3	DL4	DL5
DL1	0.00%	90.70%	8.63%	0.67%	0.00%	0.00%
DL2	2.32%	32.64%	61.85%	3.12%	0.07%	0.00%
DL3	0.00%	11.89%	51.91%	34.75%	1.45%	0.00%
DL4	0.00%	11.57%	50.90%	27.51%	10.03%	0.00%
DL5	-nan%	-nan%	-nan%	-nan%	-nan%	-nan%


Tabela Comparativa das Profundidades - Valores Absolutos (FRAME 25)
	AV1
HEVC	DL0	DL1	DL2	DL3	DL4	DL5
DL1	0	73216	2880	448	0	0
DL2	0	10432	19072	1280	64	0
DL3	0	1968	4288	3952	288	0
DL4	0	1176	1856	1296	664	0
DL5	0	0	0	0	0	0
Tabela Comparativa das Profundidades - Porcentagens (FRAME 25)
	AV1
HEVC	DL0	DL1	DL2	DL3	DL4	DL5
DL1	0.00%	95.65%	3.76%	0.59%	0.00%	0.00%
DL2	0.00%	33.82%	61.83%	4.15%	0.21%	0.00%
DL3	0.00%	18.75%	40.85%	37.65%	2.74%	0.00%
DL4	0.00%	23.56%	37.18%	25.96%	13.30%	0.00%
DL5	-nan%	-nan%	-nan%	-nan%	-nan%	-nan%


Tabela Comparativa das Profundidades - Valores Absolutos (FRAME 26)
	AV1
HEVC	DL0	DL1	DL2	DL3	DL4	DL5
DL1	512	75264	2432	128	0	0
DL2	512	13680	14992	608	32	0
DL3	0	2592	4608	2512	224	0
DL4	0	1248	2240	976	320	0
DL5	0	0	0	0	0	0
Tabela Comparativa das Profundidades - Porcentagens (FRAME 26)
	AV1
HEVC	DL0	DL1	DL2	DL3	DL4	DL5
DL1	0.65%	96.08%	3.10%	0.16%	0.00%	0.00%
DL2	1.72%	45.87%	50.27%	2.04%	0.11%	0.00%
DL3	0.00%	26.09%	46.38%	25.28%	2.25%	0.00%
DL4	0.00%	26.09%	46.82%	20.40%	6.69%	0.00%
DL5	-nan%	-nan%	-nan%	-nan%	-nan%	-nan%


Tabela Comparativa das Profundidades - Valores Absolutos (FRAME 27)
	AV1
HEVC	DL0	DL1	DL2	DL3	DL4	DL5
DL1	0	60416	4096	0	0	0
DL2	0	15352	22280	1312	32	0
DL3	0	2064	6816	4512	256	0
DL4	0	752	2656	1888	448	0
DL5	0	0	0	0	0	0
Tabela Comparativa das Profundidades - Porcentagens (FRAME 27)
	AV1
HEVC	DL0	DL1	DL2	DL3	DL4	DL5
DL1	0.00%	93.65%	6.35%	0.00%	0.00%	0.00%
DL2	0.00%	39.39%	57.16%	3.37%	0.08%	0.00%
DL3	0.00%	15.12%	49.94%	33.06%	1.88%	0.00%
DL4	0.00%	13.09%	46.24%	32.87%	7.80%	0.00%
DL5	-nan%	-nan%	-nan%	-nan%	-nan%	-nan%


Tabela Comparativa das Profundidades - Valores Absolutos (FRAME 28)
	AV1
HEVC	DL0	DL1	DL2	DL3	DL4	DL5
DL1	0	89344	2752	576	0	0
DL2	0	8064	9152	1408	64	0
DL3	0	1616	2960	3376	384	0
DL4	0	304	1072	1456	352	0
DL5	0	0	0	0	0	0
Tabela Comparativa das Profundidades - Porcentagens (FRAME 28)
	AV1
HEVC	DL0	DL1	DL2	DL3	DL4	DL5
DL1	0.00%	96.41%	2.97%	0.62%	0.00%	0.00%
DL2	0.00%	43.15%	48.97%	7.53%	0.34%	0.00%
DL3	0.00%	19.39%	35.51%	40.50%	4.61%	0.00%
DL4	0.00%	9.55%	33.67%	45.73%	11.06%	0.00%
DL5	-nan%	-nan%	-nan%	-nan%	-nan%	-nan%


Tabela Comparativa das Profundidades - Valores Absolutos (FRAME 29)
	AV1
HEVC	DL0	DL1	DL2	DL3	DL4	DL5
DL1	0	80320	3712	176	16	0
DL2	0	7680	16000	944	16	0
DL3	0	2064	4336	2592	144	0
DL4	0	1264	2128	1104	384	0
DL5	0	0	0	0	0	0
Tabela Comparativa das Profundidades - Porcentagens (FRAME 29)
	AV1
HEVC	DL0	DL1	DL2	DL3	DL4	DL5
DL1	0.00%	95.36%	4.41%	0.21%	0.02%	0.00%
DL2	0.00%	31.17%	64.94%	3.83%	0.06%	0.00%
DL3	0.00%	22.59%	47.46%	28.37%	1.58%	0.00%
DL4	0.00%	25.90%	43.61%	22.62%	7.87%	0.00%
DL5	-nan%	-nan%	-nan%	-nan%	-nan%	-nan%


Tabela Comparativa das Profundidades - Valores Absolutos (FRAME 30)
	AV1
HEVC	DL0	DL1	DL2	DL3	DL4	DL5
DL1	0	64768	5632	512	0	0
DL2	0	13680	21456	560	16	0
DL3	0	3168	6016	2544	16	0
DL4	0	1440	1856	944	272	0
DL5	0	0	0	0	0	0
Tabela Comparativa das Profundidades - Porcentagens (FRAME 30)
	AV1
HEVC	DL0	DL1	DL2	DL3	DL4	DL5
DL1	0.00%	91.34%	7.94%	0.72%	0.00%	0.00%
DL2	0.00%	38.31%	60.08%	1.57%	0.04%	0.00%
DL3	0.00%	26.98%	51.23%	21.66%	0.14%	0.00%
DL4	0.00%	31.91%	41.13%	20.92%	6.03%	0.00%
DL5	-nan%	-nan%	-nan%	-nan%	-nan%	-nan%


Tabela Comparativa das Profundidades - Valores Absolutos (FRAME 31)
	AV1
HEVC	DL0	DL1	DL2	DL3	DL4	DL5
DL1	0	58880	5824	320	0	0
DL2	0	12480	24512	1280	128	0
DL3	0	2072	9032	2416	256	0
DL4	0	480	3392	1136	672	0
DL5	0	0	0	0	0	0
Tabela Comparativa das Profundidades - Porcentagens (FRAME 31)
	AV1
HEVC	DL0	DL1	DL2	DL3	DL4	DL5
DL1	0.00%	90.55%	8.96%	0.49%	0.00%	0.00%
DL2	0.00%	32.50%	63.83%	3.33%	0.33%	0.00%
DL3	0.00%	15.04%	65.56%	17.54%	1.86%	0.00%
DL4	0.00%	8.45%	59.72%	20.00%	11.83%	0.00%
DL5	-nan%	-nan%	-nan%	-nan%	-nan%	-nan%


Tabela Comparativa das Profundidades - Valores Absolutos (FRAME 32)
	AV1
HEVC	DL0	DL1	DL2	DL3	DL4	DL5
DL1	1024	73984	1792	0	0	0
DL2	0	12352	15360	1136	16	0
DL3	0	1600	6560	3728	128	0
DL4	0	896	2400	1568	336	0
DL5	0	0	0	0	0	0
Tabela Comparativa das Profundidades - Porcentagens (FRAME 32)
	AV1
HEVC	DL0	DL1	DL2	DL3	DL4	DL5
DL1	1.33%	96.33%	2.33%	0.00%	0.00%	0.00%
DL2	0.00%	42.79%	53.22%	3.94%	0.06%	0.00%
DL3	0.00%	13.32%	54.59%	31.03%	1.07%	0.00%
DL4	0.00%	17.23%	46.15%	30.15%	6.46%	0.00%
DL5	-nan%	-nan%	-nan%	-nan%	-nan%	-nan%


Tabela Comparativa das Profundidades - Valores Absolutos (FRAME 33)
	AV1
HEVC	DL0	DL1	DL2	DL3	DL4	DL5
DL1	0	78592	2048	736	32	0
DL2	0	10344	14872	880	144	0
DL3	0	2440	4008	3760	208	0
DL4	0	1392	1824	1328	272	0
DL5	0	0	0	0	0	0
Tabela Comparativa das Profundidades - Porcentagens (FRAME 33)
	AV1
HEVC	DL0	DL1	DL2	DL3	DL4	DL5
DL1	0.00%	96.54%	2.52%	0.90%	0.04%	0.00%
DL2	0.00%	39.42%	56.68%	3.35%	0.55%	0.00%
DL3	0.00%	23.43%	38.48%	36.10%	2.00%	0.00%
DL4	0.00%	28.90%	37.87%	27.57%	5.65%	0.00%
DL5	-nan%	-nan%	-nan%	-nan%	-nan%	-nan%


Tabela Comparativa das Profundidades - Valores Absolutos (FRAME 34)
	AV1
HEVC	DL0	DL1	DL2	DL3	DL4	DL5
DL1	0	67584	2048	512	0	0
DL2	0	13312	20672	912	48	0
DL3	0	3200	6480	3360	96	0
DL4	0	1152	2096	1168	240	0
DL5	0	0	0	0	0	0
Tabela Comparativa das Profundidades - Porcentagens (FRAME 34)
	AV1
HEVC	DL0	DL1	DL2	DL3	DL4	DL5
DL1	0.00%	96.35%	2.92%	0.73%	0.00%	0.00%
DL2	0.00%	38.10%	59.16%	2.61%	0.14%	0.00%
DL3	0.00%	24.36%	49.33%	25.58%	0.73%	0.00%
DL4	0.00%	24.74%	45.02%	25.09%	5.15%	0.00%
DL5	-nan%	-nan%	-nan%	-nan%	-nan%	-nan%


Tabela Comparativa das Profundidades - Valores Absolutos (FRAME 35)
	AV1
HEVC	DL0	DL1	DL2	DL3	DL4	DL5
DL1	0	53248	3072	0	0	0
DL2	0	14840	26696	2112	64	0
DL3	0	2672	8848	4944	128	0
DL4	0	1168	3056	1392	640	0
DL5	0	0	0	0	0	0
Tabela Comparativa das Profundidades - Porcentagens (FRAME 35)
	AV1
HEVC	DL0	DL1	DL2	DL3	DL4	DL5
DL1	0.00%	94.55%	5.45%	0.00%	0.00%	0.00%
DL2	0.00%	33.95%	61.07%	4.83%	0.15%	0.00%
DL3	0.00%	16.10%	53.33%	29.80%	0.77%	0.00%
DL4	0.00%	18.67%	48.85%	22.25%	10.23%	0.00%
DL5	-nan%	-nan%	-nan%	-nan%	-nan%	-nan%


Tabela Comparativa das Profundidades - Valores Absolutos (FRAME 36)
	AV1
HEVC	DL0	DL1	DL2	DL3	DL4	DL5
DL1	0	67328	5952	192	0	0
DL2	0	13440	18816	1056	32	0
DL3	0	2272	6048	2816	160	0
DL4	0	928	2464	1040	336	0
DL5	0	0	0	0	0	0
Tabela Comparativa das Profundidades - Porcentagens (FRAME 36)
	AV1
HEVC	DL0	DL1	DL2	DL3	DL4	DL5
DL1	0.00%	91.64%	8.10%	0.26%	0.00%	0.00%
DL2	0.00%	40.31%	56.43%	3.17%	0.10%	0.00%
DL3	0.00%	20.11%	53.54%	24.93%	1.42%	0.00%
DL4	0.00%	19.46%	51.68%	21.81%	7.05%	0.00%
DL5	-nan%	-nan%	-nan%	-nan%	-nan%	-nan%


Tabela Comparativa das Profundidades - Valores Absolutos (FRAME 37)
	AV1
HEVC	DL0	DL1	DL2	DL3	DL4	DL5
DL1	0	88064	2048	256	0	0
DL2	0	7616	12096	1088	0	0
DL3	0	1632	3840	3008	176	0
DL4	0	480	1344	912	320	0
DL5	0	0	0	0	0	0
Tabela Comparativa das Profundidades - Porcentagens (FRAME 37)
	AV1
HEVC	DL0	DL1	DL2	DL3	DL4	DL5
DL1	0.00%	97.45%	2.27%	0.28%	0.00%	0.00%
DL2	0.00%	36.62%	58.15%	5.23%	0.00%	0.00%
DL3	0.00%	18.85%	44.36%	34.75%	2.03%	0.00%
DL4	0.00%	15.71%	43.98%	29.84%	10.47%	0.00%
DL5	-nan%	-nan%	-nan%	-nan%	-nan%	-nan%


Tabela Comparativa das Profundidades - Valores Absolutos (FRAME 38)
	AV1
HEVC	DL0	DL1	DL2	DL3	DL4	DL5
DL1	0	7936	960	48	16	0
DL2	0	3640	31368	8064	384	0
DL3	0	1760	22928	23520	1248	0
DL4	0	1168	8384	8800	2656	0
DL5	0	0	0	0	0	0
Tabela Comparativa das Profundidades - Porcentagens (FRAME 38)
	AV1
HEVC	DL0	DL1	DL2	DL3	DL4	DL5
DL1	0.00%	88.57%	10.71%	0.54%	0.18%	0.00%
DL2	0.00%	8.38%	72.18%	18.56%	0.88%	0.00%
DL3	0.00%	3.56%	46.36%	47.56%	2.52%	0.00%
DL4	0.00%	5.56%	39.91%	41.89%	12.64%	0.00%
DL5	-nan%	-nan%	-nan%	-nan%	-nan%	-nan%


Tabela Comparativa das Profundidades - Valores Absolutos (FRAME 39)
	AV1
HEVC	DL0	DL1	DL2	DL3	DL4	DL5
DL1	0	11776	1728	64	0	0
DL2	0	10624	35328	7200	288	0
DL3	0	3184	20880	20288	704	0
DL4	0	912	5488	3728	688	0
DL5	0	0	0	0	0	0
Tabela Comparativa das Profundidades - Porcentagens (FRAME 39)
	AV1
HEVC	DL0	DL1	DL2	DL3	DL4	DL5
DL1	0.00%	86.79%	12.74%	0.47%	0.00%	0.00%
DL2	0.00%	19.88%	66.11%	13.47%	0.54%	0.00%
DL3	0.00%	7.07%	46.34%	45.03%	1.56%	0.00%
DL4	0.00%	8.43%	50.74%	34.47%	6.36%	0.00%
DL5	-nan%	-nan%	-nan%	-nan%	-nan%	-nan%


Tabela Comparativa das Profundidades - Valores Absolutos (FRAME 40)
	AV1
HEVC	DL0	DL1	DL2	DL3	DL4	DL5
DL1	0	48256	4736	0	0	0
DL2	0	15552	30016	848	48	0
DL3	0	2736	9744	3408	272	0
DL4	0	656	3632	2240	736	0
DL5	0	0	0	0	0	0
Tabela Comparativa das Profundidades - Porcentagens (FRAME 40)
	AV1
HEVC	DL0	DL1	DL2	DL3	DL4	DL5
DL1	0.00%	91.06%	8.94%	0.00%	0.00%	0.00%
DL2	0.00%	33.47%	64.60%	1.83%	0.10%	0.00%
DL3	0.00%	16.93%	60.30%	21.09%	1.68%	0.00%
DL4	0.00%	9.03%	50.00%	30.84%	10.13%	0.00%
DL5	-nan%	-nan%	-nan%	-nan%	-nan%	-nan%


Tabela Comparativa das Profundidades - Valores Absolutos (FRAME 41)
	AV1
HEVC	DL0	DL1	DL2	DL3	DL4	DL5
DL1	0	49352	6392	64	0	0
DL2	0	17968	25040	1088	192	0
DL3	0	3168	9184	3568	384	0
DL4	0	1120	3104	1504	752	0
DL5	0	0	0	0	0	0
Tabela Comparativa das Profundidades - Porcentagens (FRAME 41)
	AV1
HEVC	DL0	DL1	DL2	DL3	DL4	DL5
DL1	0.00%	88.43%	11.45%	0.11%	0.00%	0.00%
DL2	0.00%	40.57%	56.54%	2.46%	0.43%	0.00%
DL3	0.00%	19.43%	56.33%	21.88%	2.36%	0.00%
DL4	0.00%	17.28%	47.90%	23.21%	11.60%	0.00%
DL5	-nan%	-nan%	-nan%	-nan%	-nan%	-nan%


Tabela Comparativa das Profundidades - Valores Absolutos (FRAME 42)
	AV1
HEVC	DL0	DL1	DL2	DL3	DL4	DL5
DL1	0	66176	2432	0	0	0
DL2	0	14064	18128	1280	192	0
DL3	0	2464	7440	4096	272	0
DL4	0	992	3056	1856	432	0
DL5	0	0	0	0	0	0
Tabela Comparativa das Profundidades - Porcentagens (FRAME 42)
	AV1
HEVC	DL0	DL1	DL2	DL3	DL4	DL5
DL1	0.00%	96.46%	3.54%	0.00%	0.00%	0.00%
DL2	0.00%	41.78%	53.85%	3.80%	0.57%	0.00%
DL3	0.00%	17.26%	52.13%	28.70%	1.91%	0.00%
DL4	0.00%	15.66%	48.23%	29.29%	6.82%	0.00%
DL5	-nan%	-nan%	-nan%	-nan%	-nan%	-nan%


Tabela Comparativa das Profundidades - Valores Absolutos (FRAME 43)
	AV1
HEVC	DL0	DL1	DL2	DL3	DL4	DL5
DL1	0	82944	1664	640	0	0
DL2	0	10352	12496	624	16	0
DL3	0	2272	5008	2064	64	0
DL4	0	1312	2224	944	256	0
DL5	0	0	0	0	0	0
Tabela Comparativa das Profundidades - Porcentagens (FRAME 43)
	AV1
HEVC	DL0	DL1	DL2	DL3	DL4	DL5
DL1	0.00%	97.30%	1.95%	0.75%	0.00%	0.00%
DL2	0.00%	44.07%	53.20%	2.66%	0.07%	0.00%
DL3	0.00%	24.15%	53.23%	21.94%	0.68%	0.00%
DL4	0.00%	27.70%	46.96%	19.93%	5.41%	0.00%
DL5	-nan%	-nan%	-nan%	-nan%	-nan%	-nan%


Tabela Comparativa das Profundidades - Valores Absolutos (FRAME 44)
	AV1
HEVC	DL0	DL1	DL2	DL3	DL4	DL5
DL1	0	75008	2816	336	176	0
DL2	0	10800	15952	1104	48	0
DL3	0	2688	4752	3504	144	0
DL4	0	1480	1968	1472	632	0
DL5	0	0	0	0	0	0
Tabela Comparativa das Profundidades - Porcentagens (FRAME 44)
	AV1
HEVC	DL0	DL1	DL2	DL3	DL4	DL5
DL1	0.00%	95.75%	3.59%	0.43%	0.22%	0.00%
DL2	0.00%	38.70%	57.17%	3.96%	0.17%	0.00%
DL3	0.00%	24.24%	42.86%	31.60%	1.30%	0.00%
DL4	0.00%	26.66%	35.45%	26.51%	11.38%	0.00%
DL5	-nan%	-nan%	-nan%	-nan%	-nan%	-nan%


Tabela Comparativa das Profundidades - Valores Absolutos (FRAME 45)
	AV1
HEVC	DL0	DL1	DL2	DL3	DL4	DL5
DL1	0	53888	4224	256	0	0
DL2	0	17144	24008	1072	16	0
DL3	0	3072	8256	4464	144	0
DL4	0	896	3488	1488	464	0
DL5	0	0	0	0	0	0
Tabela Comparativa das Profundidades - Porcentagens (FRAME 45)
	AV1
HEVC	DL0	DL1	DL2	DL3	DL4	DL5
DL1	0.00%	92.32%	7.24%	0.44%	0.00%	0.00%
DL2	0.00%	40.59%	56.84%	2.54%	0.04%	0.00%
DL3	0.00%	19.28%	51.81%	28.01%	0.90%	0.00%
DL4	0.00%	14.14%	55.05%	23.48%	7.32%	0.00%
DL5	-nan%	-nan%	-nan%	-nan%	-nan%	-nan%


Tabela Comparativa das Profundidades - Valores Absolutos (FRAME 46)
	AV1
HEVC	DL0	DL1	DL2	DL3	DL4	DL5
DL1	0	75776	3200	128	0	0
DL2	0	11520	19328	992	32	0
DL3	0	1360	5008	2272	160	0
DL4	0	432	1392	928	352	0
DL5	0	0	0	0	0	0
Tabela Comparativa das Profundidades - Porcentagens (FRAME 46)
	AV1
HEVC	DL0	DL1	DL2	DL3	DL4	DL5
DL1	0.00%	95.79%	4.05%	0.16%	0.00%	0.00%
DL2	0.00%	36.14%	60.64%	3.11%	0.10%	0.00%
DL3	0.00%	15.45%	56.91%	25.82%	1.82%	0.00%
DL4	0.00%	13.92%	44.85%	29.90%	11.34%	0.00%
DL5	-nan%	-nan%	-nan%	-nan%	-nan%	-nan%


Tabela Comparativa das Profundidades - Valores Absolutos (FRAME 47)
	AV1
HEVC	DL0	DL1	DL2	DL3	DL4	DL5
DL1	0	83840	2176	256	0	0
DL2	0	9120	12448	832	0	0
DL3	0	2592	4272	2368	112	0
DL4	0	1312	2512	816	224	0
DL5	0	0	0	0	0	0
Tabela Comparativa das Profundidades - Porcentagens (FRAME 47)
	AV1
HEVC	DL0	DL1	DL2	DL3	DL4	DL5
DL1	0.00%	97.18%	2.52%	0.30%	0.00%	0.00%
DL2	0.00%	40.71%	55.57%	3.71%	0.00%	0.00%
DL3	0.00%	27.74%	45.72%	25.34%	1.20%	0.00%
DL4	0.00%	26.97%	51.64%	16.78%	4.61%	0.00%
DL5	-nan%	-nan%	-nan%	-nan%	-nan%	-nan%


Tabela Comparativa das Profundidades - Valores Absolutos (FRAME 48)
	AV1
HEVC	DL0	DL1	DL2	DL3	DL4	DL5
DL1	0	54784	2688	640	0	0
DL2	0	17832	25880	1648	16	0
DL3	0	4656	5680	4064	48	0
DL4	0	1432	2128	1280	104	0
DL5	0	0	0	0	0	0
Tabela Comparativa das Profundidades - Porcentagens (FRAME 48)
	AV1
HEVC	DL0	DL1	DL2	DL3	DL4	DL5
DL1	0.00%	94.27%	4.63%	1.10%	0.00%	0.00%
DL2	0.00%	39.30%	57.03%	3.63%	0.04%	0.00%
DL3	0.00%	32.23%	39.31%	28.13%	0.33%	0.00%
DL4	0.00%	28.96%	43.04%	25.89%	2.10%	0.00%
DL5	-nan%	-nan%	-nan%	-nan%	-nan%	-nan%


Tabela Comparativa das Profundidades - Valores Absolutos (FRAME 49)
	AV1
HEVC	DL0	DL1	DL2	DL3	DL4	DL5
DL1	0	60544	5504	0	0	0
DL2	0	17280	21248	624	16	0
DL3	0	2360	7112	2720	64	0
DL4	0	512	3200	1392	304	0
DL5	0	0	0	0	0	0
Tabela Comparativa das Profundidades - Porcentagens (FRAME 49)
	AV1
HEVC	DL0	DL1	DL2	DL3	DL4	DL5
DL1	0.00%	91.67%	8.33%	0.00%	0.00%	0.00%
DL2	0.00%	44.12%	54.25%	1.59%	0.04%	0.00%
DL3	0.00%	19.26%	58.03%	22.19%	0.52%	0.00%
DL4	0.00%	9.47%	59.17%	25.74%	5.62%	0.00%
DL5	-nan%	-nan%	-nan%	-nan%	-nan%	-nan%


Tabela Comparativa das Profundidades - Valores Absolutos (FRAME 50)
	AV1
HEVC	DL0	DL1	DL2	DL3	DL4	DL5
DL1	0	80384	1280	0	0	0
DL2	0	9336	14408	944	16	0
DL3	0	1968	6304	2672	144	0
DL4	0	1040	2848	1120	416	0
DL5	0	0	0	0	0	0
Tabela Comparativa das Profundidades - Porcentagens (FRAME 50)
	AV1
HEVC	DL0	DL1	DL2	DL3	DL4	DL5
DL1	0.00%	98.43%	1.57%	0.00%	0.00%	0.00%
DL2	0.00%	37.79%	58.32%	3.82%	0.06%	0.00%
DL3	0.00%	17.75%	56.85%	24.10%	1.30%	0.00%
DL4	0.00%	19.17%	52.51%	20.65%	7.67%	0.00%
DL5	-nan%	-nan%	-nan%	-nan%	-nan%	-nan%


Tabela Comparativa das Profundidades - Valores Absolutos (FRAME 51)
	AV1
HEVC	DL0	DL1	DL2	DL3	DL4	DL5
DL1	0	78848	4096	256	0	0
DL2	0	9272	16328	768	0	0
DL3	0	2432	4000	1824	48	0
DL4	0	1288	2336	1040	344	0
DL5	0	0	0	0	0	0
Tabela Comparativa das Profundidades - Porcentagens (FRAME 51)
	AV1
HEVC	DL0	DL1	DL2	DL3	DL4	DL5
DL1	0.00%	94.77%	4.92%	0.31%	0.00%	0.00%
DL2	0.00%	35.16%	61.92%	2.91%	0.00%	0.00%
DL3	0.00%	29.29%	48.17%	21.97%	0.58%	0.00%
DL4	0.00%	25.72%	46.65%	20.77%	6.87%	0.00%
DL5	-nan%	-nan%	-nan%	-nan%	-nan%	-nan%


Tabela Comparativa das Profundidades - Valores Absolutos (FRAME 52)
	AV1
HEVC	DL0	DL1	DL2	DL3	DL4	DL5
DL1	0	66832	4080	0	0	0
DL2	0	12456	22808	1088	0	0
DL3	0	3052	5364	2320	112	0
DL4	0	1528	1976	976	288	0
DL5	0	0	0	0	0	0
Tabela Comparativa das Profundidades - Porcentagens (FRAME 52)
	AV1
HEVC	DL0	DL1	DL2	DL3	DL4	DL5
DL1	0.00%	94.25%	5.75%	0.00%	0.00%	0.00%
DL2	0.00%	34.26%	62.74%	2.99%	0.00%	0.00%
DL3	0.00%	28.13%	49.45%	21.39%	1.03%	0.00%
DL4	0.00%	32.05%	41.44%	20.47%	6.04%	0.00%
DL5	-nan%	-nan%	-nan%	-nan%	-nan%	-nan%


Tabela Comparativa das Profundidades - Valores Absolutos (FRAME 53)
	AV1
HEVC	DL0	DL1	DL2	DL3	DL4	DL5
DL1	0	56220	4196	256	0	0
DL2	0	17012	21388	2320	112	0
DL3	0	2496	7296	5120	48	0
DL4	0	896	2888	2304	328	0
DL5	0	0	0	0	0	0
Tabela Comparativa das Profundidades - Porcentagens (FRAME 53)
	AV1
HEVC	DL0	DL1	DL2	DL3	DL4	DL5
DL1	0.00%	92.66%	6.92%	0.42%	0.00%	0.00%
DL2	0.00%	41.66%	52.38%	5.68%	0.27%	0.00%
DL3	0.00%	16.68%	48.77%	34.22%	0.32%	0.00%
DL4	0.00%	13.97%	45.01%	35.91%	5.11%	0.00%
DL5	-nan%	-nan%	-nan%	-nan%	-nan%	-nan%


Tabela Comparativa das Profundidades - Valores Absolutos (FRAME 54)
	AV1
HEVC	DL0	DL1	DL2	DL3	DL4	DL5
DL1	0	77248	2240	384	0	0
DL2	0	10864	16144	1152	0	0
DL3	0	2016	4976	3040	128	0
DL4	0	1064	2256	992	376	0
DL5	0	0	0	0	0	0
Tabela Comparativa das Profundidades - Porcentagens (FRAME 54)
	AV1
HEVC	DL0	DL1	DL2	DL3	DL4	DL5
DL1	0.00%	96.71%	2.80%	0.48%	0.00%	0.00%
DL2	0.00%	38.58%	57.33%	4.09%	0.00%	0.00%
DL3	0.00%	19.84%	48.98%	29.92%	1.26%	0.00%
DL4	0.00%	22.70%	48.12%	21.16%	8.02%	0.00%
DL5	-nan%	-nan%	-nan%	-nan%	-nan%	-nan%


Tabela Comparativa das Profundidades - Valores Absolutos (FRAME 55)
	AV1
HEVC	DL0	DL1	DL2	DL3	DL4	DL5
DL1	0	88832	1280	0	0	0
DL2	0	9280	11904	1584	16	0
DL3	0	944	2848	3056	96	0
DL4	0	272	1056	1280	432	0
DL5	0	0	0	0	0	0
Tabela Comparativa das Profundidades - Porcentagens (FRAME 55)
	AV1
HEVC	DL0	DL1	DL2	DL3	DL4	DL5
DL1	0.00%	98.58%	1.42%	0.00%	0.00%	0.00%
DL2	0.00%	40.73%	52.25%	6.95%	0.07%	0.00%
DL3	0.00%	13.59%	41.01%	44.01%	1.38%	0.00%
DL4	0.00%	8.95%	34.74%	42.11%	14.21%	0.00%
DL5	-nan%	-nan%	-nan%	-nan%	-nan%	-nan%


Tabela Comparativa das Profundidades - Valores Absolutos (FRAME 56)
	AV1
HEVC	DL0	DL1	DL2	DL3	DL4	DL5
DL1	0	10752	960	64	0	0
DL2	0	7664	34768	6464	192	0
DL3	0	5120	24304	16960	784	0
DL4	0	1664	5904	5856	1424	0
DL5	0	0	0	0	0	0
Tabela Comparativa das Profundidades - Porcentagens (FRAME 56)
	AV1
HEVC	DL0	DL1	DL2	DL3	DL4	DL5
DL1	0.00%	91.30%	8.15%	0.54%	0.00%	0.00%
DL2	0.00%	15.61%	70.83%	13.17%	0.39%	0.00%
DL3	0.00%	10.85%	51.53%	35.96%	1.66%	0.00%
DL4	0.00%	11.21%	39.76%	39.44%	9.59%	0.00%
DL5	-nan%	-nan%	-nan%	-nan%	-nan%	-nan%


Tabela Comparativa das Profundidades - Valores Absolutos (FRAME 57)
	AV1
HEVC	DL0	DL1	DL2	DL3	DL4	DL5
DL1	256	59392	4608	256	0	0
DL2	640	17272	23048	960	0	0
DL3	128	3152	5792	3024	0	0
DL4	0	944	2208	1088	112	0
DL5	0	0	0	0	0	0
Tabela Comparativa das Profundidades - Porcentagens (FRAME 57)
	AV1
HEVC	DL0	DL1	DL2	DL3	DL4	DL5
DL1	0.40%	92.06%	7.14%	0.40%	0.00%	0.00%
DL2	1.53%	41.20%	54.98%	2.29%	0.00%	0.00%
DL3	1.06%	26.06%	47.88%	25.00%	0.00%	0.00%
DL4	0.00%	21.69%	50.74%	25.00%	2.57%	0.00%
DL5	-nan%	-nan%	-nan%	-nan%	-nan%	-nan%


Tabela Comparativa das Profundidades - Valores Absolutos (FRAME 58)
	AV1
HEVC	DL0	DL1	DL2	DL3	DL4	DL5
DL1	0	60544	4480	0	0	0
DL2	0	15352	23240	320	0	0
DL3	0	2896	8128	2144	96	0
DL4	0	944	3200	1216	320	0
DL5	0	0	0	0	0	0
Tabela Comparativa das Profundidades - Porcentagens (FRAME 58)
	AV1
HEVC	DL0	DL1	DL2	DL3	DL4	DL5
DL1	0.00%	93.11%	6.89%	0.00%	0.00%	0.00%
DL2	0.00%	39.45%	59.72%	0.82%	0.00%	0.00%
DL3	0.00%	21.83%	61.28%	16.16%	0.72%	0.00%
DL4	0.00%	16.62%	56.34%	21.41%	5.63%	0.00%
DL5	-nan%	-nan%	-nan%	-nan%	-nan%	-nan%


Tabela Comparativa das Profundidades - Valores Absolutos (FRAME 59)
	AV1
HEVC	DL0	DL1	DL2	DL3	DL4	DL5
DL1	0	72832	3456	256	0	0
DL2	0	9600	17600	752	16	0
DL3	0	1408	7184	3424	240	0
DL4	0	640	3248	1760	464	0
DL5	0	0	0	0	0	0
Tabela Comparativa das Profundidades - Porcentagens (FRAME 59)
	AV1
HEVC	DL0	DL1	DL2	DL3	DL4	DL5
DL1	0.00%	95.15%	4.52%	0.33%	0.00%	0.00%
DL2	0.00%	34.32%	62.93%	2.69%	0.06%	0.00%
DL3	0.00%	11.49%	58.62%	27.94%	1.96%	0.00%
DL4	0.00%	10.47%	53.14%	28.80%	7.59%	0.00%
DL5	-nan%	-nan%	-nan%	-nan%	-nan%	-nan%


Tabela Comparativa das Profundidades - Valores Absolutos (FRAME 60)
	AV1
HEVC	DL0	DL1	DL2	DL3	DL4	DL5
DL1	0	71480	3272	0	0	0
DL2	0	12288	19136	1248	32	0
DL3	0	1920	5040	3584	192	0
DL4	0	904	2176	1296	312	0
DL5	0	0	0	0	0	0
Tabela Comparativa das Profundidades - Porcentagens (FRAME 60)
	AV1
HEVC	DL0	DL1	DL2	DL3	DL4	DL5
DL1	0.00%	95.62%	4.38%	0.00%	0.00%	0.00%
DL2	0.00%	37.57%	58.51%	3.82%	0.10%	0.00%
DL3	0.00%	17.88%	46.94%	33.38%	1.79%	0.00%
DL4	0.00%	19.28%	46.42%	27.65%	6.66%	0.00%
DL5	-nan%	-nan%	-nan%	-nan%	-nan%	-nan%


