Tabela Comparativa das Profundidades - Valores Absolutos (FRAME  1)
	AV1
HEVC	DL0	DL1	DL2	DL3	DL4	DL5
DL1	0	3840	2496	496	80	0
DL2	0	1216	27520	7712	3744	0
DL3	0	352	7392	16432	7056	0
DL4	0	224	6240	12528	25552	0
DL5	0	0	0	0	0	0
Tabela Comparativa das Profundidades - Porcentagens (FRAME  1)
	AV1
HEVC	DL0	DL1	DL2	DL3	DL4	DL5
DL1	0.00%	55.56%	36.11%	7.18%	1.16%	0.00%
DL2	0.00%	3.03%	68.47%	19.19%	9.32%	0.00%
DL3	0.00%	1.13%	23.67%	52.61%	22.59%	0.00%
DL4	0.00%	0.50%	14.01%	28.12%	57.36%	0.00%
DL5	-nan%	-nan%	-nan%	-nan%	-nan%	-nan%


Tabela Comparativa das Profundidades - Valores Absolutos (FRAME  2)
	AV1
HEVC	DL0	DL1	DL2	DL3	DL4	DL5
DL1	0	9216	3136	384	64	0
DL2	0	5388	29880	6464	1148	0
DL3	0	3400	17762	14524	2666	0
DL4	0	1528	12128	9262	5930	0
DL5	0	0	0	0	0	0
Tabela Comparativa das Profundidades - Porcentagens (FRAME  2)
	AV1
HEVC	DL0	DL1	DL2	DL3	DL4	DL5
DL1	0.00%	72.00%	24.50%	3.00%	0.50%	0.00%
DL2	0.00%	12.57%	69.68%	15.07%	2.68%	0.00%
DL3	0.00%	8.87%	46.31%	37.87%	6.95%	0.00%
DL4	0.00%	5.30%	42.04%	32.11%	20.56%	0.00%
DL5	-nan%	-nan%	-nan%	-nan%	-nan%	-nan%


Tabela Comparativa das Profundidades - Valores Absolutos (FRAME  3)
	AV1
HEVC	DL0	DL1	DL2	DL3	DL4	DL5
DL1	0	17996	2484	0	0	0
DL2	0	9332	23500	3408	624	0
DL3	0	3944	18304	15072	1608	0
DL4	0	2676	10732	9752	3448	0
DL5	0	0	0	0	0	0
Tabela Comparativa das Profundidades - Porcentagens (FRAME  3)
	AV1
HEVC	DL0	DL1	DL2	DL3	DL4	DL5
DL1	0.00%	87.87%	12.13%	0.00%	0.00%	0.00%
DL2	0.00%	25.31%	63.75%	9.24%	1.69%	0.00%
DL3	0.00%	10.13%	47.02%	38.72%	4.13%	0.00%
DL4	0.00%	10.06%	40.33%	36.65%	12.96%	0.00%
DL5	-nan%	-nan%	-nan%	-nan%	-nan%	-nan%


Tabela Comparativa das Profundidades - Valores Absolutos (FRAME  4)
	AV1
HEVC	DL0	DL1	DL2	DL3	DL4	DL5
DL1	0	28360	3912	240	0	0
DL2	0	9792	20440	2640	152	0
DL3	0	4088	13756	15004	1808	0
DL4	0	2748	6760	8736	4444	0
DL5	0	0	0	0	0	0
Tabela Comparativa das Profundidades - Porcentagens (FRAME  4)
	AV1
HEVC	DL0	DL1	DL2	DL3	DL4	DL5
DL1	0.00%	87.23%	12.03%	0.74%	0.00%	0.00%
DL2	0.00%	29.65%	61.89%	7.99%	0.46%	0.00%
DL3	0.00%	11.80%	39.69%	43.29%	5.22%	0.00%
DL4	0.00%	12.11%	29.80%	38.50%	19.59%	0.00%
DL5	-nan%	-nan%	-nan%	-nan%	-nan%	-nan%


Tabela Comparativa das Profundidades - Valores Absolutos (FRAME  5)
	AV1
HEVC	DL0	DL1	DL2	DL3	DL4	DL5
DL1	0	43792	2136	152	0	0
DL2	0	7236	19192	2928	148	0
DL3	0	3808	9524	14348	1216	0
DL4	0	2912	5316	7444	2728	0
DL5	0	0	0	0	0	0
Tabela Comparativa das Profundidades - Porcentagens (FRAME  5)
	AV1
HEVC	DL0	DL1	DL2	DL3	DL4	DL5
DL1	0.00%	95.03%	4.64%	0.33%	0.00%	0.00%
DL2	0.00%	24.53%	65.05%	9.92%	0.50%	0.00%
DL3	0.00%	13.18%	32.96%	49.65%	4.21%	0.00%
DL4	0.00%	15.83%	28.89%	40.46%	14.83%	0.00%
DL5	-nan%	-nan%	-nan%	-nan%	-nan%	-nan%


Tabela Comparativa das Profundidades - Valores Absolutos (FRAME  6)
	AV1
HEVC	DL0	DL1	DL2	DL3	DL4	DL5
DL1	1664	49536	4160	192	0	0
DL2	784	6980	22164	2820	212	0
DL3	736	3148	6912	11436	968	0
DL4	504	1864	2776	3952	2072	0
DL5	0	0	0	0	0	0
Tabela Comparativa das Profundidades - Porcentagens (FRAME  6)
	AV1
HEVC	DL0	DL1	DL2	DL3	DL4	DL5
DL1	3.00%	89.17%	7.49%	0.35%	0.00%	0.00%
DL2	2.38%	21.18%	67.25%	8.56%	0.64%	0.00%
DL3	3.17%	13.57%	29.79%	49.29%	4.17%	0.00%
DL4	4.51%	16.69%	24.86%	35.39%	18.55%	0.00%
DL5	-nan%	-nan%	-nan%	-nan%	-nan%	-nan%


Tabela Comparativa das Profundidades - Valores Absolutos (FRAME  7)
	AV1
HEVC	DL0	DL1	DL2	DL3	DL4	DL5
DL1	0	65088	4096	1208	8	0
DL2	0	8520	18904	2152	56	0
DL3	0	4684	5400	6900	424	0
DL4	0	1736	1632	1560	512	0
DL5	0	0	0	0	0	0
Tabela Comparativa das Profundidades - Porcentagens (FRAME  7)
	AV1
HEVC	DL0	DL1	DL2	DL3	DL4	DL5
DL1	0.00%	92.45%	5.82%	1.72%	0.01%	0.00%
DL2	0.00%	28.75%	63.80%	7.26%	0.19%	0.00%
DL3	0.00%	26.91%	31.02%	39.64%	2.44%	0.00%
DL4	0.00%	31.91%	30.00%	28.68%	9.41%	0.00%
DL5	-nan%	-nan%	-nan%	-nan%	-nan%	-nan%


Tabela Comparativa das Profundidades - Valores Absolutos (FRAME  8)
	AV1
HEVC	DL0	DL1	DL2	DL3	DL4	DL5
DL1	0	51176	4148	420	64	0
DL2	0	10076	22764	3972	436	0
DL3	0	4230	6766	10276	792	0
DL4	0	2152	2078	2766	764	0
DL5	0	0	0	0	0	0
Tabela Comparativa das Profundidades - Porcentagens (FRAME  8)
	AV1
HEVC	DL0	DL1	DL2	DL3	DL4	DL5
DL1	0.00%	91.70%	7.43%	0.75%	0.11%	0.00%
DL2	0.00%	27.05%	61.11%	10.66%	1.17%	0.00%
DL3	0.00%	19.17%	30.67%	46.57%	3.59%	0.00%
DL4	0.00%	27.73%	26.78%	35.64%	9.85%	0.00%
DL5	-nan%	-nan%	-nan%	-nan%	-nan%	-nan%


Tabela Comparativa das Profundidades - Valores Absolutos (FRAME  9)
	AV1
HEVC	DL0	DL1	DL2	DL3	DL4	DL5
DL1	2256	31744	3264	368	0	0
DL2	828	7872	22816	2972	136	0
DL3	1004	3248	11668	15724	1540	0
DL4	1016	1680	5456	7080	2208	0
DL5	0	0	0	0	0	0
Tabela Comparativa das Profundidades - Porcentagens (FRAME  9)
	AV1
HEVC	DL0	DL1	DL2	DL3	DL4	DL5
DL1	5.99%	84.35%	8.67%	0.98%	0.00%	0.00%
DL2	2.39%	22.74%	65.90%	8.58%	0.39%	0.00%
DL3	3.03%	9.79%	35.16%	47.38%	4.64%	0.00%
DL4	5.83%	9.63%	31.28%	40.60%	12.66%	0.00%
DL5	-nan%	-nan%	-nan%	-nan%	-nan%	-nan%


Tabela Comparativa das Profundidades - Valores Absolutos (FRAME 10)
	AV1
HEVC	DL0	DL1	DL2	DL3	DL4	DL5
DL1	0	62208	5760	1136	16	0
DL2	0	6592	22144	2240	64	0
DL3	0	3152	6448	8560	368	0
DL4	0	752	1360	1520	560	0
DL5	0	0	0	0	0	0
Tabela Comparativa das Profundidades - Porcentagens (FRAME 10)
	AV1
HEVC	DL0	DL1	DL2	DL3	DL4	DL5
DL1	0.00%	90.00%	8.33%	1.64%	0.02%	0.00%
DL2	0.00%	21.24%	71.34%	7.22%	0.21%	0.00%
DL3	0.00%	17.01%	34.80%	46.20%	1.99%	0.00%
DL4	0.00%	17.94%	32.44%	36.26%	13.36%	0.00%
DL5	-nan%	-nan%	-nan%	-nan%	-nan%	-nan%


Tabela Comparativa das Profundidades - Valores Absolutos (FRAME 11)
	AV1
HEVC	DL0	DL1	DL2	DL3	DL4	DL5
DL1	0	62528	4784	272	0	0
DL2	0	7210	21462	2376	56	0
DL3	0	3734	6992	7594	192	0
DL4	0	1604	2048	1468	560	0
DL5	0	0	0	0	0	0
Tabela Comparativa das Profundidades - Porcentagens (FRAME 11)
	AV1
HEVC	DL0	DL1	DL2	DL3	DL4	DL5
DL1	0.00%	92.52%	7.08%	0.40%	0.00%	0.00%
DL2	0.00%	23.18%	69.00%	7.64%	0.18%	0.00%
DL3	0.00%	20.17%	37.77%	41.02%	1.04%	0.00%
DL4	0.00%	28.24%	36.06%	25.85%	9.86%	0.00%
DL5	-nan%	-nan%	-nan%	-nan%	-nan%	-nan%


Tabela Comparativa das Profundidades - Valores Absolutos (FRAME 12)
	AV1
HEVC	DL0	DL1	DL2	DL3	DL4	DL5
DL1	2528	31704	1088	8	0	0
DL2	608	10276	20928	3940	344	0
DL3	652	4428	12172	17016	1236	0
DL4	384	1980	4624	6976	1988	0
DL5	0	0	0	0	0	0
Tabela Comparativa das Profundidades - Porcentagens (FRAME 12)
	AV1
HEVC	DL0	DL1	DL2	DL3	DL4	DL5
DL1	7.16%	89.74%	3.08%	0.02%	0.00%	0.00%
DL2	1.68%	28.47%	57.98%	10.92%	0.95%	0.00%
DL3	1.84%	12.47%	34.28%	47.93%	3.48%	0.00%
DL4	2.41%	12.41%	28.99%	43.73%	12.46%	0.00%
DL5	-nan%	-nan%	-nan%	-nan%	-nan%	-nan%


Tabela Comparativa das Profundidades - Valores Absolutos (FRAME 13)
	AV1
HEVC	DL0	DL1	DL2	DL3	DL4	DL5
DL1	0	43488	2400	448	0	0
DL2	0	8848	17464	3196	252	0
DL3	0	5028	10252	13924	1244	0
DL4	0	2884	4696	6548	2208	0
DL5	0	0	0	0	0	0
Tabela Comparativa das Profundidades - Porcentagens (FRAME 13)
	AV1
HEVC	DL0	DL1	DL2	DL3	DL4	DL5
DL1	0.00%	93.85%	5.18%	0.97%	0.00%	0.00%
DL2	0.00%	29.73%	58.68%	10.74%	0.85%	0.00%
DL3	0.00%	16.51%	33.67%	45.73%	4.09%	0.00%
DL4	0.00%	17.65%	28.75%	40.08%	13.52%	0.00%
DL5	-nan%	-nan%	-nan%	-nan%	-nan%	-nan%


Tabela Comparativa das Profundidades - Valores Absolutos (FRAME 14)
	AV1
HEVC	DL0	DL1	DL2	DL3	DL4	DL5
DL1	0	55032	3712	392	0	0
DL2	0	6712	20708	2172	104	0
DL3	0	4112	9172	9328	764	0
DL4	0	2016	3436	3732	1488	0
DL5	0	0	0	0	0	0
Tabela Comparativa das Profundidades - Porcentagens (FRAME 14)
	AV1
HEVC	DL0	DL1	DL2	DL3	DL4	DL5
DL1	0.00%	93.06%	6.28%	0.66%	0.00%	0.00%
DL2	0.00%	22.60%	69.73%	7.31%	0.35%	0.00%
DL3	0.00%	17.59%	39.24%	39.90%	3.27%	0.00%
DL4	0.00%	18.89%	32.20%	34.97%	13.94%	0.00%
DL5	-nan%	-nan%	-nan%	-nan%	-nan%	-nan%


Tabela Comparativa das Profundidades - Valores Absolutos (FRAME 15)
	AV1
HEVC	DL0	DL1	DL2	DL3	DL4	DL5
DL1	1748	56828	4344	56	0	0
DL2	888	7236	22708	3392	80	0
DL3	920	3620	6612	7796	316	0
DL4	384	1828	1680	1888	556	0
DL5	0	0	0	0	0	0
Tabela Comparativa das Profundidades - Porcentagens (FRAME 15)
	AV1
HEVC	DL0	DL1	DL2	DL3	DL4	DL5
DL1	2.78%	90.24%	6.90%	0.09%	0.00%	0.00%
DL2	2.59%	21.09%	66.20%	9.89%	0.23%	0.00%
DL3	4.78%	18.79%	34.32%	40.47%	1.64%	0.00%
DL4	6.06%	28.85%	26.52%	29.80%	8.78%	0.00%
DL5	-nan%	-nan%	-nan%	-nan%	-nan%	-nan%


Tabela Comparativa das Profundidades - Valores Absolutos (FRAME 16)
	AV1
HEVC	DL0	DL1	DL2	DL3	DL4	DL5
DL1	1792	51052	4936	300	32	0
DL2	256	8908	23496	2044	48	0
DL3	0	4252	9038	8670	472	0
DL4	0	1908	2408	2300	968	0
DL5	0	0	0	0	0	0
Tabela Comparativa das Profundidades - Porcentagens (FRAME 16)
	AV1
HEVC	DL0	DL1	DL2	DL3	DL4	DL5
DL1	3.08%	87.85%	8.49%	0.52%	0.06%	0.00%
DL2	0.74%	25.63%	67.61%	5.88%	0.14%	0.00%
DL3	0.00%	18.96%	40.29%	38.65%	2.10%	0.00%
DL4	0.00%	25.16%	31.75%	30.33%	12.76%	0.00%
DL5	-nan%	-nan%	-nan%	-nan%	-nan%	-nan%


Tabela Comparativa das Profundidades - Valores Absolutos (FRAME 17)
	AV1
HEVC	DL0	DL1	DL2	DL3	DL4	DL5
DL1	0	44456	2516	388	0	0
DL2	0	9096	19432	2892	132	0
DL3	0	4940	10168	13532	1360	0
DL4	0	2372	4084	5244	2268	0
DL5	0	0	0	0	0	0
Tabela Comparativa das Profundidades - Porcentagens (FRAME 17)
	AV1
HEVC	DL0	DL1	DL2	DL3	DL4	DL5
DL1	0.00%	93.87%	5.31%	0.82%	0.00%	0.00%
DL2	0.00%	28.83%	61.59%	9.17%	0.42%	0.00%
DL3	0.00%	16.47%	33.89%	45.11%	4.53%	0.00%
DL4	0.00%	16.98%	29.24%	37.54%	16.24%	0.00%
DL5	-nan%	-nan%	-nan%	-nan%	-nan%	-nan%


Tabela Comparativa das Profundidades - Valores Absolutos (FRAME 18)
	AV1
HEVC	DL0	DL1	DL2	DL3	DL4	DL5
DL1	1792	50756	4924	360	24	0
DL2	256	9152	24012	2824	236	0
DL3	128	4112	8232	7924	452	0
DL4	128	1988	2700	2172	708	0
DL5	0	0	0	0	0	0
Tabela Comparativa das Profundidades - Porcentagens (FRAME 18)
	AV1
HEVC	DL0	DL1	DL2	DL3	DL4	DL5
DL1	3.10%	87.73%	8.51%	0.62%	0.04%	0.00%
DL2	0.70%	25.09%	65.82%	7.74%	0.65%	0.00%
DL3	0.61%	19.72%	39.49%	38.01%	2.17%	0.00%
DL4	1.66%	25.83%	35.08%	28.22%	9.20%	0.00%
DL5	-nan%	-nan%	-nan%	-nan%	-nan%	-nan%


Tabela Comparativa das Profundidades - Valores Absolutos (FRAME 19)
	AV1
HEVC	DL0	DL1	DL2	DL3	DL4	DL5
DL1	0	59136	5312	576	0	0
DL2	0	8192	24576	2336	32	0
DL3	0	3456	6736	8048	400	0
DL4	0	640	1392	1472	576	0
DL5	0	0	0	0	0	0
Tabela Comparativa das Profundidades - Porcentagens (FRAME 19)
	AV1
HEVC	DL0	DL1	DL2	DL3	DL4	DL5
DL1	0.00%	90.94%	8.17%	0.89%	0.00%	0.00%
DL2	0.00%	23.32%	69.95%	6.65%	0.09%	0.00%
DL3	0.00%	18.54%	36.14%	43.18%	2.15%	0.00%
DL4	0.00%	15.69%	34.12%	36.08%	14.12%	0.00%
DL5	-nan%	-nan%	-nan%	-nan%	-nan%	-nan%


Tabela Comparativa das Profundidades - Valores Absolutos (FRAME 20)
	AV1
HEVC	DL0	DL1	DL2	DL3	DL4	DL5
DL1	0	9868	2224	420	32	0
DL2	1152	10572	25080	3928	548	0
DL3	544	7550	14072	6954	1504	0
DL4	352	6324	17480	10224	4052	0
DL5	0	0	0	0	0	0
Tabela Comparativa das Profundidades - Porcentagens (FRAME 20)
	AV1
HEVC	DL0	DL1	DL2	DL3	DL4	DL5
DL1	0.00%	78.67%	17.73%	3.35%	0.26%	0.00%
DL2	2.79%	25.61%	60.76%	9.52%	1.33%	0.00%
DL3	1.78%	24.65%	45.95%	22.71%	4.91%	0.00%
DL4	0.92%	16.46%	45.48%	26.60%	10.54%	0.00%
DL5	-nan%	-nan%	-nan%	-nan%	-nan%	-nan%


Tabela Comparativa das Profundidades - Valores Absolutos (FRAME 21)
	AV1
HEVC	DL0	DL1	DL2	DL3	DL4	DL5
DL1	938	14110	2668	204	0	0
DL2	3824	5032	18788	4132	544	0
DL3	4850	4544	14904	16678	1664	0
DL4	3764	2890	8836	10050	4460	0
DL5	0	0	0	0	0	0
Tabela Comparativa das Profundidades - Porcentagens (FRAME 21)
	AV1
HEVC	DL0	DL1	DL2	DL3	DL4	DL5
DL1	5.23%	78.74%	14.89%	1.14%	0.00%	0.00%
DL2	11.83%	15.57%	58.13%	12.78%	1.68%	0.00%
DL3	11.37%	10.66%	34.95%	39.11%	3.90%	0.00%
DL4	12.55%	9.63%	29.45%	33.50%	14.87%	0.00%
DL5	-nan%	-nan%	-nan%	-nan%	-nan%	-nan%


Tabela Comparativa das Profundidades - Valores Absolutos (FRAME 22)
	AV1
HEVC	DL0	DL1	DL2	DL3	DL4	DL5
DL1	1348	25480	4080	324	0	0
DL2	2160	6840	20264	3184	256	0
DL3	1168	3776	11892	17196	1776	0
DL4	1024	1984	5928	10640	3560	0
DL5	0	0	0	0	0	0
Tabela Comparativa das Profundidades - Porcentagens (FRAME 22)
	AV1
HEVC	DL0	DL1	DL2	DL3	DL4	DL5
DL1	4.32%	81.58%	13.06%	1.04%	0.00%	0.00%
DL2	6.60%	20.91%	61.96%	9.74%	0.78%	0.00%
DL3	3.26%	10.55%	33.21%	48.02%	4.96%	0.00%
DL4	4.43%	8.58%	25.62%	45.99%	15.39%	0.00%
DL5	-nan%	-nan%	-nan%	-nan%	-nan%	-nan%


Tabela Comparativa das Profundidades - Valores Absolutos (FRAME 23)
	AV1
HEVC	DL0	DL1	DL2	DL3	DL4	DL5
DL1	0	40444	1988	560	16	0
DL2	0	8528	19592	2840	336	0
DL3	0	3904	11416	13032	1504	0
DL4	0	3064	4852	7308	3496	0
DL5	0	0	0	0	0	0
Tabela Comparativa das Profundidades - Porcentagens (FRAME 23)
	AV1
HEVC	DL0	DL1	DL2	DL3	DL4	DL5
DL1	0.00%	94.04%	4.62%	1.30%	0.04%	0.00%
DL2	0.00%	27.25%	62.60%	9.07%	1.07%	0.00%
DL3	0.00%	13.08%	38.24%	43.65%	5.04%	0.00%
DL4	0.00%	16.37%	25.92%	39.04%	18.68%	0.00%
DL5	-nan%	-nan%	-nan%	-nan%	-nan%	-nan%


Tabela Comparativa das Profundidades - Valores Absolutos (FRAME 24)
	AV1
HEVC	DL0	DL1	DL2	DL3	DL4	DL5
DL1	0	47784	2964	196	0	0
DL2	0	11028	23406	1766	152	0
DL3	0	4056	9570	9774	776	0
DL4	0	2000	3584	4308	1516	0
DL5	0	0	0	0	0	0
Tabela Comparativa das Profundidades - Porcentagens (FRAME 24)
	AV1
HEVC	DL0	DL1	DL2	DL3	DL4	DL5
DL1	0.00%	93.80%	5.82%	0.38%	0.00%	0.00%
DL2	0.00%	30.34%	64.39%	4.86%	0.42%	0.00%
DL3	0.00%	16.78%	39.58%	40.43%	3.21%	0.00%
DL4	0.00%	17.53%	31.42%	37.76%	13.29%	0.00%
DL5	-nan%	-nan%	-nan%	-nan%	-nan%	-nan%


Tabela Comparativa das Profundidades - Valores Absolutos (FRAME 25)
	AV1
HEVC	DL0	DL1	DL2	DL3	DL4	DL5
DL1	0	57724	4356	384	0	0
DL2	0	10452	22184	2656	228	0
DL3	0	4322	7446	6540	492	0
DL4	0	1588	2302	1670	536	0
DL5	0	0	0	0	0	0
Tabela Comparativa das Profundidades - Porcentagens (FRAME 25)
	AV1
HEVC	DL0	DL1	DL2	DL3	DL4	DL5
DL1	0.00%	92.41%	6.97%	0.61%	0.00%	0.00%
DL2	0.00%	29.43%	62.45%	7.48%	0.64%	0.00%
DL3	0.00%	22.99%	39.61%	34.79%	2.62%	0.00%
DL4	0.00%	26.05%	37.76%	27.40%	8.79%	0.00%
DL5	-nan%	-nan%	-nan%	-nan%	-nan%	-nan%


Tabela Comparativa das Profundidades - Valores Absolutos (FRAME 26)
	AV1
HEVC	DL0	DL1	DL2	DL3	DL4	DL5
DL1	1772	55636	4476	580	0	0
DL2	948	7428	21132	3180	144	0
DL3	668	3768	7516	7944	648	0
DL4	184	1632	2316	1928	980	0
DL5	0	0	0	0	0	0
Tabela Comparativa das Profundidades - Porcentagens (FRAME 26)
	AV1
HEVC	DL0	DL1	DL2	DL3	DL4	DL5
DL1	2.84%	89.07%	7.17%	0.93%	0.00%	0.00%
DL2	2.89%	22.62%	64.36%	9.69%	0.44%	0.00%
DL3	3.25%	18.34%	36.58%	38.67%	3.15%	0.00%
DL4	2.61%	23.18%	32.90%	27.39%	13.92%	0.00%
DL5	-nan%	-nan%	-nan%	-nan%	-nan%	-nan%


Tabela Comparativa das Profundidades - Valores Absolutos (FRAME 27)
	AV1
HEVC	DL0	DL1	DL2	DL3	DL4	DL5
DL1	0	37450	4208	326	0	0
DL2	0	6456	22680	3216	224	0
DL3	0	4968	12212	16316	1160	0
DL4	0	2036	4348	5580	1700	0
DL5	0	0	0	0	0	0
Tabela Comparativa das Profundidades - Porcentagens (FRAME 27)
	AV1
HEVC	DL0	DL1	DL2	DL3	DL4	DL5
DL1	0.00%	89.20%	10.02%	0.78%	0.00%	0.00%
DL2	0.00%	19.82%	69.62%	9.87%	0.69%	0.00%
DL3	0.00%	14.34%	35.24%	47.08%	3.35%	0.00%
DL4	0.00%	14.90%	31.82%	40.84%	12.44%	0.00%
DL5	-nan%	-nan%	-nan%	-nan%	-nan%	-nan%


Tabela Comparativa das Profundidades - Valores Absolutos (FRAME 28)
	AV1
HEVC	DL0	DL1	DL2	DL3	DL4	DL5
DL1	0	66048	4928	448	0	0
DL2	0	5952	21696	1472	0	0
DL3	0	2880	7200	7104	496	0
DL4	0	896	1568	1504	688	0
DL5	0	0	0	0	0	0
Tabela Comparativa das Profundidades - Porcentagens (FRAME 28)
	AV1
HEVC	DL0	DL1	DL2	DL3	DL4	DL5
DL1	0.00%	92.47%	6.90%	0.63%	0.00%	0.00%
DL2	0.00%	20.44%	74.51%	5.05%	0.00%	0.00%
DL3	0.00%	16.29%	40.72%	40.18%	2.81%	0.00%
DL4	0.00%	19.24%	33.68%	32.30%	14.78%	0.00%
DL5	-nan%	-nan%	-nan%	-nan%	-nan%	-nan%


Tabela Comparativa das Profundidades - Valores Absolutos (FRAME 29)
	AV1
HEVC	DL0	DL1	DL2	DL3	DL4	DL5
DL1	1630	53654	4876	720	48	0
DL2	648	9268	22024	2948	120	0
DL3	676	3894	7400	7742	304	0
DL4	360	1836	2284	1900	548	0
DL5	0	0	0	0	0	0
Tabela Comparativa das Profundidades - Porcentagens (FRAME 29)
	AV1
HEVC	DL0	DL1	DL2	DL3	DL4	DL5
DL1	2.68%	88.06%	8.00%	1.18%	0.08%	0.00%
DL2	1.85%	26.47%	62.91%	8.42%	0.34%	0.00%
DL3	3.38%	19.45%	36.97%	38.68%	1.52%	0.00%
DL4	5.20%	26.50%	32.97%	27.42%	7.91%	0.00%
DL5	-nan%	-nan%	-nan%	-nan%	-nan%	-nan%


Tabela Comparativa das Profundidades - Valores Absolutos (FRAME 30)
	AV1
HEVC	DL0	DL1	DL2	DL3	DL4	DL5
DL1	2432	30432	2720	256	0	0
DL2	696	7384	25740	2948	160	0
DL3	448	2888	14816	15772	1036	0
DL4	320	1474	5284	6428	1646	0
DL5	0	0	0	0	0	0
Tabela Comparativa das Profundidades - Porcentagens (FRAME 30)
	AV1
HEVC	DL0	DL1	DL2	DL3	DL4	DL5
DL1	6.79%	84.91%	7.59%	0.71%	0.00%	0.00%
DL2	1.88%	20.00%	69.70%	7.98%	0.43%	0.00%
DL3	1.28%	8.26%	42.38%	45.11%	2.96%	0.00%
DL4	2.11%	9.73%	34.87%	42.42%	10.86%	0.00%
DL5	-nan%	-nan%	-nan%	-nan%	-nan%	-nan%


Tabela Comparativa das Profundidades - Valores Absolutos (FRAME 31)
	AV1
HEVC	DL0	DL1	DL2	DL3	DL4	DL5
DL1	0	38092	4576	1108	0	0
DL2	0	10248	18364	2756	120	0
DL3	0	5080	11964	14324	1304	0
DL4	0	2484	4732	5664	2064	0
DL5	0	0	0	0	0	0
Tabela Comparativa das Profundidades - Porcentagens (FRAME 31)
	AV1
HEVC	DL0	DL1	DL2	DL3	DL4	DL5
DL1	0.00%	87.02%	10.45%	2.53%	0.00%	0.00%
DL2	0.00%	32.55%	58.32%	8.75%	0.38%	0.00%
DL3	0.00%	15.55%	36.62%	43.84%	3.99%	0.00%
DL4	0.00%	16.62%	31.66%	37.90%	13.81%	0.00%
DL5	-nan%	-nan%	-nan%	-nan%	-nan%	-nan%


Tabela Comparativa das Profundidades - Valores Absolutos (FRAME 32)
	AV1
HEVC	DL0	DL1	DL2	DL3	DL4	DL5
DL1	0	53884	3136	324	0	0
DL2	0	9800	20392	2344	40	0
DL3	0	4584	8468	9344	516	0
DL4	0	2428	2912	3356	1352	0
DL5	0	0	0	0	0	0
Tabela Comparativa das Profundidades - Porcentagens (FRAME 32)
	AV1
HEVC	DL0	DL1	DL2	DL3	DL4	DL5
DL1	0.00%	93.97%	5.47%	0.57%	0.00%	0.00%
DL2	0.00%	30.08%	62.60%	7.20%	0.12%	0.00%
DL3	0.00%	20.01%	36.96%	40.78%	2.25%	0.00%
DL4	0.00%	24.16%	28.98%	33.40%	13.46%	0.00%
DL5	-nan%	-nan%	-nan%	-nan%	-nan%	-nan%


Tabela Comparativa das Profundidades - Valores Absolutos (FRAME 33)
	AV1
HEVC	DL0	DL1	DL2	DL3	DL4	DL5
DL1	0	63096	3528	184	8	0
DL2	0	10768	20816	2192	144	0
DL3	0	3622	5256	6280	378	0
DL4	0	2082	2024	1818	684	0
DL5	0	0	0	0	0	0
Tabela Comparativa das Profundidades - Porcentagens (FRAME 33)
	AV1
HEVC	DL0	DL1	DL2	DL3	DL4	DL5
DL1	0.00%	94.43%	5.28%	0.28%	0.01%	0.00%
DL2	0.00%	31.75%	61.37%	6.46%	0.42%	0.00%
DL3	0.00%	23.31%	33.83%	40.42%	2.43%	0.00%
DL4	0.00%	31.51%	30.63%	27.51%	10.35%	0.00%
DL5	-nan%	-nan%	-nan%	-nan%	-nan%	-nan%


Tabela Comparativa das Profundidades - Valores Absolutos (FRAME 34)
	AV1
HEVC	DL0	DL1	DL2	DL3	DL4	DL5
DL1	0	53788	4768	820	16	0
DL2	0	8120	22760	3604	204	0
DL3	0	4208	8874	8314	460	0
DL4	0	1572	2892	1960	520	0
DL5	0	0	0	0	0	0
Tabela Comparativa das Profundidades - Porcentagens (FRAME 34)
	AV1
HEVC	DL0	DL1	DL2	DL3	DL4	DL5
DL1	0.00%	90.56%	8.03%	1.38%	0.03%	0.00%
DL2	0.00%	23.41%	65.61%	10.39%	0.59%	0.00%
DL3	0.00%	19.25%	40.60%	38.04%	2.10%	0.00%
DL4	0.00%	22.64%	41.65%	28.23%	7.49%	0.00%
DL5	-nan%	-nan%	-nan%	-nan%	-nan%	-nan%


Tabela Comparativa das Profundidades - Valores Absolutos (FRAME 35)
	AV1
HEVC	DL0	DL1	DL2	DL3	DL4	DL5
DL1	1648	42372	1856	204	0	0
DL2	448	8264	20484	3988	288	0
DL3	192	4448	10068	14660	1080	0
DL4	128	2136	3668	4916	2032	0
DL5	0	0	0	0	0	0
Tabela Comparativa das Profundidades - Porcentagens (FRAME 35)
	AV1
HEVC	DL0	DL1	DL2	DL3	DL4	DL5
DL1	3.58%	91.95%	4.03%	0.44%	0.00%	0.00%
DL2	1.34%	24.69%	61.20%	11.91%	0.86%	0.00%
DL3	0.63%	14.61%	33.07%	48.15%	3.55%	0.00%
DL4	0.99%	16.58%	28.48%	38.17%	15.78%	0.00%
DL5	-nan%	-nan%	-nan%	-nan%	-nan%	-nan%


Tabela Comparativa das Profundidades - Valores Absolutos (FRAME 36)
	AV1
HEVC	DL0	DL1	DL2	DL3	DL4	DL5
DL1	0	49960	4620	700	16	0
DL2	0	9176	25680	3652	84	0
DL3	0	4448	7984	8904	504	0
DL4	0	1836	2700	1980	636	0
DL5	0	0	0	0	0	0
Tabela Comparativa das Profundidades - Porcentagens (FRAME 36)
	AV1
HEVC	DL0	DL1	DL2	DL3	DL4	DL5
DL1	0.00%	90.35%	8.36%	1.27%	0.03%	0.00%
DL2	0.00%	23.78%	66.54%	9.46%	0.22%	0.00%
DL3	0.00%	20.37%	36.56%	40.77%	2.31%	0.00%
DL4	0.00%	25.67%	37.75%	27.68%	8.89%	0.00%
DL5	-nan%	-nan%	-nan%	-nan%	-nan%	-nan%


Tabela Comparativa das Profundidades - Valores Absolutos (FRAME 37)
	AV1
HEVC	DL0	DL1	DL2	DL3	DL4	DL5
DL1	0	55296	6144	992	32	0
DL2	0	7360	27136	2832	48	0
DL3	0	2704	8048	7776	512	0
DL4	0	432	1616	1504	448	0
DL5	0	0	0	0	0	0
Tabela Comparativa das Profundidades - Porcentagens (FRAME 37)
	AV1
HEVC	DL0	DL1	DL2	DL3	DL4	DL5
DL1	0.00%	88.52%	9.84%	1.59%	0.05%	0.00%
DL2	0.00%	19.69%	72.60%	7.58%	0.13%	0.00%
DL3	0.00%	14.20%	42.27%	40.84%	2.69%	0.00%
DL4	0.00%	10.80%	40.40%	37.60%	11.20%	0.00%
DL5	-nan%	-nan%	-nan%	-nan%	-nan%	-nan%


Tabela Comparativa das Profundidades - Valores Absolutos (FRAME 38)
	AV1
HEVC	DL0	DL1	DL2	DL3	DL4	DL5
DL1	2800	6800	960	192	0	0
DL2	1528	5744	33304	6480	688	0
DL3	1200	2896	21594	14566	848	0
DL4	464	1008	10566	8922	2320	0
DL5	0	0	0	0	0	0
Tabela Comparativa das Profundidades - Porcentagens (FRAME 38)
	AV1
HEVC	DL0	DL1	DL2	DL3	DL4	DL5
DL1	26.04%	63.24%	8.93%	1.79%	0.00%	0.00%
DL2	3.20%	12.03%	69.76%	13.57%	1.44%	0.00%
DL3	2.92%	7.05%	52.54%	35.44%	2.06%	0.00%
DL4	1.99%	4.33%	45.39%	38.32%	9.97%	0.00%
DL5	-nan%	-nan%	-nan%	-nan%	-nan%	-nan%


Tabela Comparativa das Profundidades - Valores Absolutos (FRAME 39)
	AV1
HEVC	DL0	DL1	DL2	DL3	DL4	DL5
DL1	1416	8704	1056	344	0	0
DL2	3472	8832	23272	4600	336	0
DL3	2264	3792	20304	17772	1484	0
DL4	1684	944	9464	9972	3168	0
DL5	0	0	0	0	0	0
Tabela Comparativa das Profundidades - Porcentagens (FRAME 39)
	AV1
HEVC	DL0	DL1	DL2	DL3	DL4	DL5
DL1	12.29%	75.56%	9.17%	2.99%	0.00%	0.00%
DL2	8.57%	21.80%	57.44%	11.35%	0.83%	0.00%
DL3	4.96%	8.31%	44.51%	38.96%	3.25%	0.00%
DL4	6.67%	3.74%	37.51%	39.52%	12.56%	0.00%
DL5	-nan%	-nan%	-nan%	-nan%	-nan%	-nan%


Tabela Comparativa das Profundidades - Valores Absolutos (FRAME 40)
	AV1
HEVC	DL0	DL1	DL2	DL3	DL4	DL5
DL1	0	26560	3960	200	0	0
DL2	0	9708	23624	3180	224	0
DL3	0	4308	12202	15350	1916	0
DL4	0	2772	5798	8924	4154	0
DL5	0	0	0	0	0	0
Tabela Comparativa das Profundidades - Porcentagens (FRAME 40)
	AV1
HEVC	DL0	DL1	DL2	DL3	DL4	DL5
DL1	0.00%	86.46%	12.89%	0.65%	0.00%	0.00%
DL2	0.00%	26.43%	64.31%	8.66%	0.61%	0.00%
DL3	0.00%	12.75%	36.13%	45.45%	5.67%	0.00%
DL4	0.00%	12.80%	26.78%	41.22%	19.19%	0.00%
DL5	-nan%	-nan%	-nan%	-nan%	-nan%	-nan%


Tabela Comparativa das Profundidades - Valores Absolutos (FRAME 41)
	AV1
HEVC	DL0	DL1	DL2	DL3	DL4	DL5
DL1	2560	33760	2176	160	0	0
DL2	512	8664	22196	3336	108	0
DL3	128	3262	12542	13892	1248	0
DL4	128	2032	6038	7162	2976	0
DL5	0	0	0	0	0	0
Tabela Comparativa das Profundidades - Porcentagens (FRAME 41)
	AV1
HEVC	DL0	DL1	DL2	DL3	DL4	DL5
DL1	6.62%	87.33%	5.63%	0.41%	0.00%	0.00%
DL2	1.47%	24.89%	63.75%	9.58%	0.31%	0.00%
DL3	0.41%	10.50%	40.36%	44.71%	4.02%	0.00%
DL4	0.70%	11.08%	32.93%	39.06%	16.23%	0.00%
DL5	-nan%	-nan%	-nan%	-nan%	-nan%	-nan%


Tabela Comparativa das Profundidades - Valores Absolutos (FRAME 42)
	AV1
HEVC	DL0	DL1	DL2	DL3	DL4	DL5
DL1	3072	50104	2880	520	0	0
DL2	832	7304	18464	2392	128	0
DL3	112	4164	9188	10124	1116	0
DL4	80	2164	3784	4812	1640	0
DL5	0	0	0	0	0	0
Tabela Comparativa das Profundidades - Porcentagens (FRAME 42)
	AV1
HEVC	DL0	DL1	DL2	DL3	DL4	DL5
DL1	5.43%	88.56%	5.09%	0.92%	0.00%	0.00%
DL2	2.86%	25.08%	63.41%	8.21%	0.44%	0.00%
DL3	0.45%	16.86%	37.19%	40.98%	4.52%	0.00%
DL4	0.64%	17.34%	30.32%	38.56%	13.14%	0.00%
DL5	-nan%	-nan%	-nan%	-nan%	-nan%	-nan%


Tabela Comparativa das Profundidades - Valores Absolutos (FRAME 43)
	AV1
HEVC	DL0	DL1	DL2	DL3	DL4	DL5
DL1	3112	58776	4724	460	0	0
DL2	624	8016	21024	2204	68	0
DL3	816	3884	6120	7668	376	0
DL4	192	1656	1692	1076	392	0
DL5	0	0	0	0	0	0
Tabela Comparativa das Profundidades - Porcentagens (FRAME 43)
	AV1
HEVC	DL0	DL1	DL2	DL3	DL4	DL5
DL1	4.64%	87.63%	7.04%	0.69%	0.00%	0.00%
DL2	1.95%	25.10%	65.83%	6.90%	0.21%	0.00%
DL3	4.33%	20.59%	32.44%	40.65%	1.99%	0.00%
DL4	3.83%	33.07%	33.79%	21.49%	7.83%	0.00%
DL5	-nan%	-nan%	-nan%	-nan%	-nan%	-nan%


Tabela Comparativa das Profundidades - Valores Absolutos (FRAME 44)
	AV1
HEVC	DL0	DL1	DL2	DL3	DL4	DL5
DL1	1024	49936	4416	416	16	0
DL2	0	9160	25030	2946	112	0
DL3	0	4356	8800	9948	320	0
DL4	0	1708	2542	1830	320	0
DL5	0	0	0	0	0	0
Tabela Comparativa das Profundidades - Porcentagens (FRAME 44)
	AV1
HEVC	DL0	DL1	DL2	DL3	DL4	DL5
DL1	1.83%	89.48%	7.91%	0.75%	0.03%	0.00%
DL2	0.00%	24.59%	67.20%	7.91%	0.30%	0.00%
DL3	0.00%	18.60%	37.57%	42.47%	1.37%	0.00%
DL4	0.00%	26.69%	39.72%	28.59%	5.00%	0.00%
DL5	-nan%	-nan%	-nan%	-nan%	-nan%	-nan%


Tabela Comparativa das Profundidades - Valores Absolutos (FRAME 45)
	AV1
HEVC	DL0	DL1	DL2	DL3	DL4	DL5
DL1	0	33160	2104	320	0	0
DL2	0	9370	26694	2704	80	0
DL3	0	3872	13456	14712	1288	0
DL4	0	2552	5100	5584	1884	0
DL5	0	0	0	0	0	0
Tabela Comparativa das Profundidades - Porcentagens (FRAME 45)
	AV1
HEVC	DL0	DL1	DL2	DL3	DL4	DL5
DL1	0.00%	93.19%	5.91%	0.90%	0.00%	0.00%
DL2	0.00%	24.12%	68.71%	6.96%	0.21%	0.00%
DL3	0.00%	11.62%	40.37%	44.14%	3.86%	0.00%
DL4	0.00%	16.88%	33.73%	36.93%	12.46%	0.00%
DL5	-nan%	-nan%	-nan%	-nan%	-nan%	-nan%


Tabela Comparativa das Profundidades - Valores Absolutos (FRAME 46)
	AV1
HEVC	DL0	DL1	DL2	DL3	DL4	DL5
DL1	0	46848	6976	960	0	0
DL2	0	8448	29568	3984	48	0
DL3	0	2176	9392	8976	480	0
DL4	0	384	2256	1712	672	0
DL5	0	0	0	0	0	0
Tabela Comparativa das Profundidades - Porcentagens (FRAME 46)
	AV1
HEVC	DL0	DL1	DL2	DL3	DL4	DL5
DL1	0.00%	85.51%	12.73%	1.75%	0.00%	0.00%
DL2	0.00%	20.09%	70.32%	9.47%	0.11%	0.00%
DL3	0.00%	10.35%	44.67%	42.69%	2.28%	0.00%
DL4	0.00%	7.64%	44.90%	34.08%	13.38%	0.00%
DL5	-nan%	-nan%	-nan%	-nan%	-nan%	-nan%


Tabela Comparativa das Profundidades - Valores Absolutos (FRAME 47)
	AV1
HEVC	DL0	DL1	DL2	DL3	DL4	DL5
DL1	3792	47788	5764	768	0	0
DL2	256	10060	25852	1824	24	0
DL3	128	4000	8536	7256	208	0
DL4	128	1932	2620	1576	368	0
DL5	0	0	0	0	0	0
Tabela Comparativa das Profundidades - Porcentagens (FRAME 47)
	AV1
HEVC	DL0	DL1	DL2	DL3	DL4	DL5
DL1	6.53%	82.23%	9.92%	1.32%	0.00%	0.00%
DL2	0.67%	26.46%	68.00%	4.80%	0.06%	0.00%
DL3	0.64%	19.87%	42.41%	36.05%	1.03%	0.00%
DL4	1.93%	29.17%	39.55%	23.79%	5.56%	0.00%
DL5	-nan%	-nan%	-nan%	-nan%	-nan%	-nan%


Tabela Comparativa das Profundidades - Valores Absolutos (FRAME 48)
	AV1
HEVC	DL0	DL1	DL2	DL3	DL4	DL5
DL1	0	34440	2488	192	0	0
DL2	0	10404	23172	3592	208	0
DL3	0	4224	13358	14930	880	0
DL4	0	2368	5600	5376	1648	0
DL5	0	0	0	0	0	0
Tabela Comparativa das Profundidades - Porcentagens (FRAME 48)
	AV1
HEVC	DL0	DL1	DL2	DL3	DL4	DL5
DL1	0.00%	92.78%	6.70%	0.52%	0.00%	0.00%
DL2	0.00%	27.84%	62.00%	9.61%	0.56%	0.00%
DL3	0.00%	12.65%	40.00%	44.71%	2.64%	0.00%
DL4	0.00%	15.80%	37.35%	35.86%	10.99%	0.00%
DL5	-nan%	-nan%	-nan%	-nan%	-nan%	-nan%


Tabela Comparativa das Profundidades - Valores Absolutos (FRAME 49)
	AV1
HEVC	DL0	DL1	DL2	DL3	DL4	DL5
DL1	0	33280	3228	332	24	0
DL2	0	8136	23068	3264	220	0
DL3	0	4168	12180	15268	1584	0
DL4	0	2432	5608	7678	2410	0
DL5	0	0	0	0	0	0
Tabela Comparativa das Profundidades - Porcentagens (FRAME 49)
	AV1
HEVC	DL0	DL1	DL2	DL3	DL4	DL5
DL1	0.00%	90.28%	8.76%	0.90%	0.07%	0.00%
DL2	0.00%	23.45%	66.50%	9.41%	0.63%	0.00%
DL3	0.00%	12.55%	36.69%	45.99%	4.77%	0.00%
DL4	0.00%	13.42%	30.94%	42.35%	13.29%	0.00%
DL5	-nan%	-nan%	-nan%	-nan%	-nan%	-nan%


Tabela Comparativa das Profundidades - Valores Absolutos (FRAME 50)
	AV1
HEVC	DL0	DL1	DL2	DL3	DL4	DL5
DL1	2560	47512	4412	276	24	0
DL2	448	8024	22828	2228	136	0
DL3	64	3704	8392	11120	944	0
DL4	0	1796	3228	3868	1316	0
DL5	0	0	0	0	0	0
Tabela Comparativa das Profundidades - Porcentagens (FRAME 50)
	AV1
HEVC	DL0	DL1	DL2	DL3	DL4	DL5
DL1	4.67%	86.73%	8.05%	0.50%	0.04%	0.00%
DL2	1.33%	23.84%	67.81%	6.62%	0.40%	0.00%
DL3	0.26%	15.29%	34.64%	45.90%	3.90%	0.00%
DL4	0.00%	17.59%	31.62%	37.89%	12.89%	0.00%
DL5	-nan%	-nan%	-nan%	-nan%	-nan%	-nan%


Tabela Comparativa das Profundidades - Valores Absolutos (FRAME 51)
	AV1
HEVC	DL0	DL1	DL2	DL3	DL4	DL5
DL1	3716	54140	4992	896	0	0
DL2	168	7264	23944	2032	64	0
DL3	228	2980	8958	6766	460	0
DL4	104	1576	2612	1444	536	0
DL5	0	0	0	0	0	0
Tabela Comparativa das Profundidades - Porcentagens (FRAME 51)
	AV1
HEVC	DL0	DL1	DL2	DL3	DL4	DL5
DL1	5.83%	84.93%	7.83%	1.41%	0.00%	0.00%
DL2	0.50%	21.70%	71.53%	6.07%	0.19%	0.00%
DL3	1.18%	15.37%	46.19%	34.89%	2.37%	0.00%
DL4	1.66%	25.13%	41.65%	23.02%	8.55%	0.00%
DL5	-nan%	-nan%	-nan%	-nan%	-nan%	-nan%


Tabela Comparativa das Profundidades - Valores Absolutos (FRAME 52)
	AV1
HEVC	DL0	DL1	DL2	DL3	DL4	DL5
DL1	0	45056	6628	952	100	0
DL2	0	7588	25648	2740	120	0
DL3	0	3828	9316	11760	744	0
DL4	0	1752	3180	2692	776	0
DL5	0	0	0	0	0	0
Tabela Comparativa das Profundidades - Porcentagens (FRAME 52)
	AV1
HEVC	DL0	DL1	DL2	DL3	DL4	DL5
DL1	0.00%	85.44%	12.57%	1.81%	0.19%	0.00%
DL2	0.00%	21.02%	71.05%	7.59%	0.33%	0.00%
DL3	0.00%	14.93%	36.32%	45.85%	2.90%	0.00%
DL4	0.00%	20.86%	37.86%	32.05%	9.24%	0.00%
DL5	-nan%	-nan%	-nan%	-nan%	-nan%	-nan%


Tabela Comparativa das Profundidades - Valores Absolutos (FRAME 53)
	AV1
HEVC	DL0	DL1	DL2	DL3	DL4	DL5
DL1	3816	32112	3724	236	48	0
DL2	1460	7696	24740	3046	50	0
DL3	1288	2240	10960	16160	712	0
DL4	664	1520	4452	6448	1508	0
DL5	0	0	0	0	0	0
Tabela Comparativa das Profundidades - Porcentagens (FRAME 53)
	AV1
HEVC	DL0	DL1	DL2	DL3	DL4	DL5
DL1	9.56%	80.41%	9.32%	0.59%	0.12%	0.00%
DL2	3.95%	20.80%	66.88%	8.23%	0.14%	0.00%
DL3	4.11%	7.14%	34.95%	51.53%	2.27%	0.00%
DL4	4.55%	10.42%	30.51%	44.19%	10.33%	0.00%
DL5	-nan%	-nan%	-nan%	-nan%	-nan%	-nan%


Tabela Comparativa das Profundidades - Valores Absolutos (FRAME 54)
	AV1
HEVC	DL0	DL1	DL2	DL3	DL4	DL5
DL1	0	51776	6240	608	0	0
DL2	0	8692	24636	2344	168	0
DL3	0	4344	7392	8220	556	0
DL4	0	2208	2732	2320	644	0
DL5	0	0	0	0	0	0
Tabela Comparativa das Profundidades - Porcentagens (FRAME 54)
	AV1
HEVC	DL0	DL1	DL2	DL3	DL4	DL5
DL1	0.00%	88.32%	10.64%	1.04%	0.00%	0.00%
DL2	0.00%	24.25%	68.74%	6.54%	0.47%	0.00%
DL3	0.00%	21.18%	36.04%	40.07%	2.71%	0.00%
DL4	0.00%	27.94%	34.56%	29.35%	8.15%	0.00%
DL5	-nan%	-nan%	-nan%	-nan%	-nan%	-nan%


Tabela Comparativa das Profundidades - Valores Absolutos (FRAME 55)
	AV1
HEVC	DL0	DL1	DL2	DL3	DL4	DL5
DL1	1024	60416	5696	704	0	0
DL2	0	7808	22848	1920	64	0
DL3	0	2880	7584	7120	336	0
DL4	0	832	1504	1648	496	0
DL5	0	0	0	0	0	0
Tabela Comparativa das Profundidades - Porcentagens (FRAME 55)
	AV1
HEVC	DL0	DL1	DL2	DL3	DL4	DL5
DL1	1.51%	89.06%	8.40%	1.04%	0.00%	0.00%
DL2	0.00%	23.92%	70.00%	5.88%	0.20%	0.00%
DL3	0.00%	16.07%	42.32%	39.73%	1.88%	0.00%
DL4	0.00%	18.57%	33.57%	36.79%	11.07%	0.00%
DL5	-nan%	-nan%	-nan%	-nan%	-nan%	-nan%


Tabela Comparativa das Profundidades - Valores Absolutos (FRAME 56)
	AV1
HEVC	DL0	DL1	DL2	DL3	DL4	DL5
DL1	2560	12132	1420	16	0	0
DL2	3648	11618	23986	4552	804	0
DL3	864	4898	15848	14342	2336	0
DL4	96	2018	8486	9700	3556	0
DL5	0	0	0	0	0	0
Tabela Comparativa das Profundidades - Porcentagens (FRAME 56)
	AV1
HEVC	DL0	DL1	DL2	DL3	DL4	DL5
DL1	15.87%	75.22%	8.80%	0.10%	0.00%	0.00%
DL2	8.18%	26.04%	53.77%	10.20%	1.80%	0.00%
DL3	2.26%	12.79%	41.39%	37.46%	6.10%	0.00%
DL4	0.40%	8.46%	35.57%	40.66%	14.91%	0.00%
DL5	-nan%	-nan%	-nan%	-nan%	-nan%	-nan%


Tabela Comparativa das Profundidades - Valores Absolutos (FRAME 57)
	AV1
HEVC	DL0	DL1	DL2	DL3	DL4	DL5
DL1	1856	23356	2132	48	0	0
DL2	2708	12092	16988	2704	324	0
DL3	912	4720	13472	17396	1372	0
DL4	368	2808	7476	9152	2996	0
DL5	0	0	0	0	0	0
Tabela Comparativa das Profundidades - Porcentagens (FRAME 57)
	AV1
HEVC	DL0	DL1	DL2	DL3	DL4	DL5
DL1	6.78%	85.27%	7.78%	0.18%	0.00%	0.00%
DL2	7.78%	34.73%	48.79%	7.77%	0.93%	0.00%
DL3	2.41%	12.46%	35.57%	45.93%	3.62%	0.00%
DL4	1.61%	12.32%	32.79%	40.14%	13.14%	0.00%
DL5	-nan%	-nan%	-nan%	-nan%	-nan%	-nan%


Tabela Comparativa das Profundidades - Valores Absolutos (FRAME 58)
	AV1
HEVC	DL0	DL1	DL2	DL3	DL4	DL5
DL1	1024	38376	2200	112	16	0
DL2	0	9944	17764	3244	216	0
DL3	0	3880	12844	15564	992	0
DL4	0	2844	4980	6954	1926	0
DL5	0	0	0	0	0	0
Tabela Comparativa das Profundidades - Porcentagens (FRAME 58)
	AV1
HEVC	DL0	DL1	DL2	DL3	DL4	DL5
DL1	2.45%	91.97%	5.27%	0.27%	0.04%	0.00%
DL2	0.00%	31.90%	56.99%	10.41%	0.69%	0.00%
DL3	0.00%	11.66%	38.59%	46.77%	2.98%	0.00%
DL4	0.00%	17.03%	29.81%	41.63%	11.53%	0.00%
DL5	-nan%	-nan%	-nan%	-nan%	-nan%	-nan%


Tabela Comparativa das Profundidades - Valores Absolutos (FRAME 59)
	AV1
HEVC	DL0	DL1	DL2	DL3	DL4	DL5
DL1	7424	44832	3232	320	0	0
DL2	1780	8088	20308	2184	152	0
DL3	612	3424	7600	10688	860	0
DL4	508	1704	3568	4232	1364	0
DL5	0	0	0	0	0	0
Tabela Comparativa das Profundidades - Porcentagens (FRAME 59)
	AV1
HEVC	DL0	DL1	DL2	DL3	DL4	DL5
DL1	13.30%	80.33%	5.79%	0.57%	0.00%	0.00%
DL2	5.47%	24.88%	62.46%	6.72%	0.47%	0.00%
DL3	2.64%	14.77%	32.78%	46.10%	3.71%	0.00%
DL4	4.47%	14.98%	31.36%	37.20%	11.99%	0.00%
DL5	-nan%	-nan%	-nan%	-nan%	-nan%	-nan%


Tabela Comparativa das Profundidades - Valores Absolutos (FRAME 60)
	AV1
HEVC	DL0	DL1	DL2	DL3	DL4	DL5
DL1	0	53848	4496	248	32	0
DL2	0	7700	25824	3236	104	0
DL3	0	3340	8554	8346	432	0
DL4	0	1676	2664	1848	532	0
DL5	0	0	0	0	0	0
Tabela Comparativa das Profundidades - Porcentagens (FRAME 60)
	AV1
HEVC	DL0	DL1	DL2	DL3	DL4	DL5
DL1	0.00%	91.85%	7.67%	0.42%	0.05%	0.00%
DL2	0.00%	20.89%	70.05%	8.78%	0.28%	0.00%
DL3	0.00%	16.16%	41.38%	40.37%	2.09%	0.00%
DL4	0.00%	24.94%	39.64%	27.50%	7.92%	0.00%
DL5	-nan%	-nan%	-nan%	-nan%	-nan%	-nan%


