Tabela Comparativa das Profundidades - Valores Absolutos (FRAME  1)
	AV1
HEVC	DL0	DL1	DL2	DL3	DL4	DL5
DL1	0	2816	1088	432	16	0
DL2	0	1472	21696	5680	3472	0
DL3	0	528	6560	15040	7728	0
DL4	0	816	6688	13936	34912	0
DL5	0	0	0	0	0	0
Tabela Comparativa das Profundidades - Porcentagens (FRAME  1)
	AV1
HEVC	DL0	DL1	DL2	DL3	DL4	DL5
DL1	0.00%	64.71%	25.00%	9.93%	0.37%	0.00%
DL2	0.00%	4.55%	67.13%	17.57%	10.74%	0.00%
DL3	0.00%	1.77%	21.97%	50.38%	25.88%	0.00%
DL4	0.00%	1.45%	11.87%	24.73%	61.95%	0.00%
DL5	-nan%	-nan%	-nan%	-nan%	-nan%	-nan%


Tabela Comparativa das Profundidades - Valores Absolutos (FRAME  2)
	AV1
HEVC	DL0	DL1	DL2	DL3	DL4	DL5
DL1	256	2104	312	240	160	0
DL2	128	2492	23636	4588	1092	0
DL3	288	2152	11546	19850	5796	0
DL4	352	3188	8534	22718	13448	0
DL5	0	0	0	0	0	0
Tabela Comparativa das Profundidades - Porcentagens (FRAME  2)
	AV1
HEVC	DL0	DL1	DL2	DL3	DL4	DL5
DL1	8.33%	68.49%	10.16%	7.81%	5.21%	0.00%
DL2	0.40%	7.80%	74.01%	14.37%	3.42%	0.00%
DL3	0.73%	5.43%	29.13%	50.09%	14.62%	0.00%
DL4	0.73%	6.61%	17.69%	47.09%	27.88%	0.00%
DL5	-nan%	-nan%	-nan%	-nan%	-nan%	-nan%


Tabela Comparativa das Profundidades - Valores Absolutos (FRAME  3)
	AV1
HEVC	DL0	DL1	DL2	DL3	DL4	DL5
DL1	0	18176	0	0	0	0
DL2	0	5624	11710	4638	492	0
DL3	0	1400	13042	26194	4740	0
DL4	0	484	7832	19952	8596	0
DL5	0	0	0	0	0	0
Tabela Comparativa das Profundidades - Porcentagens (FRAME  3)
	AV1
HEVC	DL0	DL1	DL2	DL3	DL4	DL5
DL1	0.00%	100.00%	0.00%	0.00%	0.00%	0.00%
DL2	0.00%	25.04%	52.13%	20.65%	2.19%	0.00%
DL3	0.00%	3.09%	28.74%	57.73%	10.45%	0.00%
DL4	0.00%	1.31%	21.25%	54.12%	23.32%	0.00%
DL5	-nan%	-nan%	-nan%	-nan%	-nan%	-nan%


Tabela Comparativa das Profundidades - Valores Absolutos (FRAME  4)
	AV1
HEVC	DL0	DL1	DL2	DL3	DL4	DL5
DL1	0	20160	1012	316	16	0
DL2	0	6052	17268	5128	736	0
DL3	0	1088	12872	23760	4120	0
DL4	0	612	7256	13072	9412	0
DL5	0	0	0	0	0	0
Tabela Comparativa das Profundidades - Porcentagens (FRAME  4)
	AV1
HEVC	DL0	DL1	DL2	DL3	DL4	DL5
DL1	0.00%	93.75%	4.71%	1.47%	0.07%	0.00%
DL2	0.00%	20.74%	59.17%	17.57%	2.52%	0.00%
DL3	0.00%	2.60%	30.76%	56.79%	9.85%	0.00%
DL4	0.00%	2.02%	23.91%	43.07%	31.01%	0.00%
DL5	-nan%	-nan%	-nan%	-nan%	-nan%	-nan%


Tabela Comparativa das Profundidades - Valores Absolutos (FRAME  5)
	AV1
HEVC	DL0	DL1	DL2	DL3	DL4	DL5
DL1	0	26136	2152	128	0	0
DL2	0	5796	25552	5240	468	0
DL3	0	1744	13728	20916	2252	0
DL4	0	1008	4908	8656	4196	0
DL5	0	0	0	0	0	0
Tabela Comparativa das Profundidades - Porcentagens (FRAME  5)
	AV1
HEVC	DL0	DL1	DL2	DL3	DL4	DL5
DL1	0.00%	91.98%	7.57%	0.45%	0.00%	0.00%
DL2	0.00%	15.64%	68.96%	14.14%	1.26%	0.00%
DL3	0.00%	4.51%	35.53%	54.13%	5.83%	0.00%
DL4	0.00%	5.37%	26.15%	46.12%	22.36%	0.00%
DL5	-nan%	-nan%	-nan%	-nan%	-nan%	-nan%


Tabela Comparativa das Profundidades - Valores Absolutos (FRAME  6)
	AV1
HEVC	DL0	DL1	DL2	DL3	DL4	DL5
DL1	0	41356	2748	656	40	0
DL2	0	5064	25360	5400	400	0
DL3	0	1648	10188	14908	1848	0
DL4	0	776	3712	5912	2864	0
DL5	0	0	0	0	0	0
Tabela Comparativa das Profundidades - Porcentagens (FRAME  6)
	AV1
HEVC	DL0	DL1	DL2	DL3	DL4	DL5
DL1	0.00%	92.31%	6.13%	1.46%	0.09%	0.00%
DL2	0.00%	13.98%	70.01%	14.91%	1.10%	0.00%
DL3	0.00%	5.76%	35.63%	52.14%	6.46%	0.00%
DL4	0.00%	5.85%	27.99%	44.57%	21.59%	0.00%
DL5	-nan%	-nan%	-nan%	-nan%	-nan%	-nan%


Tabela Comparativa das Profundidades - Valores Absolutos (FRAME  7)
	AV1
HEVC	DL0	DL1	DL2	DL3	DL4	DL5
DL1	0	43100	4228	288	0	0
DL2	0	6496	30054	4834	472	0
DL3	0	1920	11342	10878	884	0
DL4	0	736	3912	2768	968	0
DL5	0	0	0	0	0	0
Tabela Comparativa das Profundidades - Porcentagens (FRAME  7)
	AV1
HEVC	DL0	DL1	DL2	DL3	DL4	DL5
DL1	0.00%	90.52%	8.88%	0.60%	0.00%	0.00%
DL2	0.00%	15.52%	71.80%	11.55%	1.13%	0.00%
DL3	0.00%	7.67%	45.32%	43.47%	3.53%	0.00%
DL4	0.00%	8.78%	46.66%	33.02%	11.55%	0.00%
DL5	-nan%	-nan%	-nan%	-nan%	-nan%	-nan%


Tabela Comparativa das Profundidades - Valores Absolutos (FRAME  8)
	AV1
HEVC	DL0	DL1	DL2	DL3	DL4	DL5
DL1	0	29944	3976	848	48	0
DL2	0	6774	36888	5914	408	0
DL3	0	3190	11630	13168	1116	0
DL4	0	1016	3136	3804	1020	0
DL5	0	0	0	0	0	0
Tabela Comparativa das Profundidades - Porcentagens (FRAME  8)
	AV1
HEVC	DL0	DL1	DL2	DL3	DL4	DL5
DL1	0.00%	86.01%	11.42%	2.44%	0.14%	0.00%
DL2	0.00%	13.55%	73.80%	11.83%	0.82%	0.00%
DL3	0.00%	10.96%	39.96%	45.24%	3.83%	0.00%
DL4	0.00%	11.32%	34.94%	42.38%	11.36%	0.00%
DL5	-nan%	-nan%	-nan%	-nan%	-nan%	-nan%


Tabela Comparativa das Profundidades - Valores Absolutos (FRAME  9)
	AV1
HEVC	DL0	DL1	DL2	DL3	DL4	DL5
DL1	0	16270	2994	160	32	0
DL2	0	6286	30482	7192	584	0
DL3	0	2200	13300	24824	2172	0
DL4	0	776	3872	8268	3468	0
DL5	0	0	0	0	0	0
Tabela Comparativa das Profundidades - Porcentagens (FRAME  9)
	AV1
HEVC	DL0	DL1	DL2	DL3	DL4	DL5
DL1	0.00%	83.62%	15.39%	0.82%	0.16%	0.00%
DL2	0.00%	14.11%	68.43%	16.15%	1.31%	0.00%
DL3	0.00%	5.18%	31.30%	58.41%	5.11%	0.00%
DL4	0.00%	4.74%	23.63%	50.46%	21.17%	0.00%
DL5	-nan%	-nan%	-nan%	-nan%	-nan%	-nan%


Tabela Comparativa das Profundidades - Valores Absolutos (FRAME 10)
	AV1
HEVC	DL0	DL1	DL2	DL3	DL4	DL5
DL1	0	43008	5824	784	48	0
DL2	0	4032	34880	6720	384	0
DL3	0	1184	7776	12032	864	0
DL4	0	160	1376	2736	1072	0
DL5	0	0	0	0	0	0
Tabela Comparativa das Profundidades - Porcentagens (FRAME 10)
	AV1
HEVC	DL0	DL1	DL2	DL3	DL4	DL5
DL1	0.00%	86.60%	11.73%	1.58%	0.10%	0.00%
DL2	0.00%	8.76%	75.80%	14.60%	0.83%	0.00%
DL3	0.00%	5.42%	35.58%	55.05%	3.95%	0.00%
DL4	0.00%	2.99%	25.75%	51.20%	20.06%	0.00%
DL5	-nan%	-nan%	-nan%	-nan%	-nan%	-nan%


Tabela Comparativa das Profundidades - Valores Absolutos (FRAME 11)
	AV1
HEVC	DL0	DL1	DL2	DL3	DL4	DL5
DL1	0	50660	4524	768	112	0
DL2	0	6634	24922	6020	312	0
DL3	0	2478	7470	11084	696	0
DL4	0	898	2602	2924	776	0
DL5	0	0	0	0	0	0
Tabela Comparativa das Profundidades - Porcentagens (FRAME 11)
	AV1
HEVC	DL0	DL1	DL2	DL3	DL4	DL5
DL1	0.00%	90.36%	8.07%	1.37%	0.20%	0.00%
DL2	0.00%	17.51%	65.78%	15.89%	0.82%	0.00%
DL3	0.00%	11.40%	34.38%	51.01%	3.20%	0.00%
DL4	0.00%	12.47%	36.14%	40.61%	10.78%	0.00%
DL5	-nan%	-nan%	-nan%	-nan%	-nan%	-nan%


Tabela Comparativa das Profundidades - Valores Absolutos (FRAME 12)
	AV1
HEVC	DL0	DL1	DL2	DL3	DL4	DL5
DL1	1318	26362	1064	184	0	0
DL2	2344	5910	23064	4182	404	0
DL3	960	1244	11240	22676	2360	0
DL4	448	828	4980	9072	4240	0
DL5	0	0	0	0	0	0
Tabela Comparativa das Profundidades - Porcentagens (FRAME 12)
	AV1
HEVC	DL0	DL1	DL2	DL3	DL4	DL5
DL1	4.56%	91.13%	3.68%	0.64%	0.00%	0.00%
DL2	6.53%	16.46%	64.24%	11.65%	1.13%	0.00%
DL3	2.49%	3.23%	29.21%	58.93%	6.13%	0.00%
DL4	2.29%	4.23%	25.45%	46.36%	21.67%	0.00%
DL5	-nan%	-nan%	-nan%	-nan%	-nan%	-nan%


Tabela Comparativa das Profundidades - Valores Absolutos (FRAME 13)
	AV1
HEVC	DL0	DL1	DL2	DL3	DL4	DL5
DL1	0	28640	2448	856	56	0
DL2	0	3336	25052	6092	400	0
DL3	0	1568	12120	21652	2532	0
DL4	0	984	4972	8644	3528	0
DL5	0	0	0	0	0	0
Tabela Comparativa das Profundidades - Porcentagens (FRAME 13)
	AV1
HEVC	DL0	DL1	DL2	DL3	DL4	DL5
DL1	0.00%	89.50%	7.65%	2.68%	0.18%	0.00%
DL2	0.00%	9.56%	71.82%	17.47%	1.15%	0.00%
DL3	0.00%	4.14%	32.00%	57.17%	6.69%	0.00%
DL4	0.00%	5.43%	27.43%	47.68%	19.46%	0.00%
DL5	-nan%	-nan%	-nan%	-nan%	-nan%	-nan%


Tabela Comparativa das Profundidades - Valores Absolutos (FRAME 14)
	AV1
HEVC	DL0	DL1	DL2	DL3	DL4	DL5
DL1	0	38724	4144	1324	96	0
DL2	0	6822	29074	4864	392	0
DL3	0	3506	9032	13254	1280	0
DL4	0	1284	3340	3980	1764	0
DL5	0	0	0	0	0	0
Tabela Comparativa das Profundidades - Porcentagens (FRAME 14)
	AV1
HEVC	DL0	DL1	DL2	DL3	DL4	DL5
DL1	0.00%	87.44%	9.36%	2.99%	0.22%	0.00%
DL2	0.00%	16.58%	70.65%	11.82%	0.95%	0.00%
DL3	0.00%	12.95%	33.36%	48.96%	4.73%	0.00%
DL4	0.00%	12.38%	32.21%	38.39%	17.01%	0.00%
DL5	-nan%	-nan%	-nan%	-nan%	-nan%	-nan%


Tabela Comparativa das Profundidades - Valores Absolutos (FRAME 15)
	AV1
HEVC	DL0	DL1	DL2	DL3	DL4	DL5
DL1	0	46020	4804	888	0	0
DL2	0	8402	26706	5848	388	0
DL3	0	2508	8500	10240	768	0
DL4	0	984	2792	3292	740	0
DL5	0	0	0	0	0	0
Tabela Comparativa das Profundidades - Porcentagens (FRAME 15)
	AV1
HEVC	DL0	DL1	DL2	DL3	DL4	DL5
DL1	0.00%	88.99%	9.29%	1.72%	0.00%	0.00%
DL2	0.00%	20.32%	64.59%	14.14%	0.94%	0.00%
DL3	0.00%	11.39%	38.61%	46.51%	3.49%	0.00%
DL4	0.00%	12.60%	35.76%	42.16%	9.48%	0.00%
DL5	-nan%	-nan%	-nan%	-nan%	-nan%	-nan%


Tabela Comparativa das Profundidades - Valores Absolutos (FRAME 16)
	AV1
HEVC	DL0	DL1	DL2	DL3	DL4	DL5
DL1	0	40220	4932	160	0	0
DL2	0	7026	31846	5908	340	0
DL3	0	2310	10402	10864	680	0
DL4	0	1038	3342	2892	920	0
DL5	0	0	0	0	0	0
Tabela Comparativa das Profundidades - Porcentagens (FRAME 16)
	AV1
HEVC	DL0	DL1	DL2	DL3	DL4	DL5
DL1	0.00%	88.76%	10.88%	0.35%	0.00%	0.00%
DL2	0.00%	15.57%	70.58%	13.09%	0.75%	0.00%
DL3	0.00%	9.52%	42.88%	44.79%	2.80%	0.00%
DL4	0.00%	12.67%	40.80%	35.30%	11.23%	0.00%
DL5	-nan%	-nan%	-nan%	-nan%	-nan%	-nan%


Tabela Comparativa das Profundidades - Valores Absolutos (FRAME 17)
	AV1
HEVC	DL0	DL1	DL2	DL3	DL4	DL5
DL1	740	22948	2310	626	0	0
DL2	1108	3560	27606	6734	288	0
DL3	732	2228	11624	23328	1800	0
DL4	472	942	4598	8060	3176	0
DL5	0	0	0	0	0	0
Tabela Comparativa das Profundidades - Porcentagens (FRAME 17)
	AV1
HEVC	DL0	DL1	DL2	DL3	DL4	DL5
DL1	2.78%	86.19%	8.68%	2.35%	0.00%	0.00%
DL2	2.82%	9.06%	70.25%	17.14%	0.73%	0.00%
DL3	1.84%	5.61%	29.27%	58.74%	4.53%	0.00%
DL4	2.74%	5.46%	26.66%	46.73%	18.41%	0.00%
DL5	-nan%	-nan%	-nan%	-nan%	-nan%	-nan%


Tabela Comparativa das Profundidades - Valores Absolutos (FRAME 18)
	AV1
HEVC	DL0	DL1	DL2	DL3	DL4	DL5
DL1	1812	31708	4400	976	16	0
DL2	1872	8204	35088	5900	264	0
DL3	1072	1624	10668	9764	616	0
DL4	416	544	4120	2888	928	0
DL5	0	0	0	0	0	0
Tabela Comparativa das Profundidades - Porcentagens (FRAME 18)
	AV1
HEVC	DL0	DL1	DL2	DL3	DL4	DL5
DL1	4.66%	81.49%	11.31%	2.51%	0.04%	0.00%
DL2	3.65%	15.98%	68.36%	11.49%	0.51%	0.00%
DL3	4.51%	6.84%	44.93%	41.12%	2.59%	0.00%
DL4	4.68%	6.12%	46.31%	32.46%	10.43%	0.00%
DL5	-nan%	-nan%	-nan%	-nan%	-nan%	-nan%


Tabela Comparativa das Profundidades - Valores Absolutos (FRAME 19)
	AV1
HEVC	DL0	DL1	DL2	DL3	DL4	DL5
DL1	0	49408	5952	960	0	0
DL2	0	6400	29568	5520	176	0
DL3	0	2288	8256	9456	368	0
DL4	0	272	1536	2144	576	0
DL5	0	0	0	0	0	0
Tabela Comparativa das Profundidades - Porcentagens (FRAME 19)
	AV1
HEVC	DL0	DL1	DL2	DL3	DL4	DL5
DL1	0.00%	87.73%	10.57%	1.70%	0.00%	0.00%
DL2	0.00%	15.36%	70.97%	13.25%	0.42%	0.00%
DL3	0.00%	11.23%	40.53%	46.43%	1.81%	0.00%
DL4	0.00%	6.01%	33.92%	47.35%	12.72%	0.00%
DL5	-nan%	-nan%	-nan%	-nan%	-nan%	-nan%


Tabela Comparativa das Profundidades - Valores Absolutos (FRAME 20)
	AV1
HEVC	DL0	DL1	DL2	DL3	DL4	DL5
DL1	1618	2746	1200	1092	256	0
DL2	1054	2848	24332	4378	1884	0
DL3	854	1528	11884	10634	4524	0
DL4	360	1608	15336	18316	16428	0
DL5	0	0	0	0	0	0
Tabela Comparativa das Profundidades - Porcentagens (FRAME 20)
	AV1
HEVC	DL0	DL1	DL2	DL3	DL4	DL5
DL1	23.41%	39.73%	17.36%	15.80%	3.70%	0.00%
DL2	3.06%	8.26%	70.54%	12.69%	5.46%	0.00%
DL3	2.90%	5.19%	40.39%	36.14%	15.38%	0.00%
DL4	0.69%	3.09%	29.47%	35.19%	31.56%	0.00%
DL5	-nan%	-nan%	-nan%	-nan%	-nan%	-nan%


Tabela Comparativa das Profundidades - Valores Absolutos (FRAME 21)
	AV1
HEVC	DL0	DL1	DL2	DL3	DL4	DL5
DL1	0	10496	2560	256	0	0
DL2	0	4912	18096	3520	608	0
DL3	0	1312	14040	21226	4798	0
DL4	0	400	11196	21202	8258	0
DL5	0	0	0	0	0	0
Tabela Comparativa das Profundidades - Porcentagens (FRAME 21)
	AV1
HEVC	DL0	DL1	DL2	DL3	DL4	DL5
DL1	0.00%	78.85%	19.23%	1.92%	0.00%	0.00%
DL2	0.00%	18.10%	66.69%	12.97%	2.24%	0.00%
DL3	0.00%	3.17%	33.93%	51.30%	11.60%	0.00%
DL4	0.00%	0.97%	27.27%	51.64%	20.11%	0.00%
DL5	-nan%	-nan%	-nan%	-nan%	-nan%	-nan%


Tabela Comparativa das Profundidades - Valores Absolutos (FRAME 22)
	AV1
HEVC	DL0	DL1	DL2	DL3	DL4	DL5
DL1	0	17992	2444	540	16	0
DL2	0	5878	20158	5980	496	0
DL3	0	1796	12008	26740	2640	0
DL4	0	318	5490	15232	5152	0
DL5	0	0	0	0	0	0
Tabela Comparativa das Profundidades - Porcentagens (FRAME 22)
	AV1
HEVC	DL0	DL1	DL2	DL3	DL4	DL5
DL1	0.00%	85.71%	11.64%	2.57%	0.08%	0.00%
DL2	0.00%	18.08%	62.00%	18.39%	1.53%	0.00%
DL3	0.00%	4.16%	27.81%	61.92%	6.11%	0.00%
DL4	0.00%	1.21%	20.96%	58.16%	19.67%	0.00%
DL5	-nan%	-nan%	-nan%	-nan%	-nan%	-nan%


Tabela Comparativa das Profundidades - Valores Absolutos (FRAME 23)
	AV1
HEVC	DL0	DL1	DL2	DL3	DL4	DL5
DL1	1792	21388	1476	416	16	0
DL2	1216	6692	26980	5744	264	0
DL3	48	2020	14776	22252	1608	0
DL4	16	620	5040	7840	2676	0
DL5	0	0	0	0	0	0
Tabela Comparativa das Profundidades - Porcentagens (FRAME 23)
	AV1
HEVC	DL0	DL1	DL2	DL3	DL4	DL5
DL1	7.14%	85.25%	5.88%	1.66%	0.06%	0.00%
DL2	2.97%	16.36%	65.97%	14.05%	0.65%	0.00%
DL3	0.12%	4.96%	36.30%	54.67%	3.95%	0.00%
DL4	0.10%	3.83%	31.13%	48.42%	16.53%	0.00%
DL5	-nan%	-nan%	-nan%	-nan%	-nan%	-nan%


Tabela Comparativa das Profundidades - Valores Absolutos (FRAME 24)
	AV1
HEVC	DL0	DL1	DL2	DL3	DL4	DL5
DL1	0	38300	2866	802	16	0
DL2	0	6412	26830	5558	240	0
DL3	0	2344	11452	14836	1384	0
DL4	0	984	4048	4604	2204	0
DL5	0	0	0	0	0	0
Tabela Comparativa das Profundidades - Porcentagens (FRAME 24)
	AV1
HEVC	DL0	DL1	DL2	DL3	DL4	DL5
DL1	0.00%	91.23%	6.83%	1.91%	0.04%	0.00%
DL2	0.00%	16.42%	68.72%	14.24%	0.61%	0.00%
DL3	0.00%	7.81%	38.15%	49.43%	4.61%	0.00%
DL4	0.00%	8.31%	34.19%	38.89%	18.61%	0.00%
DL5	-nan%	-nan%	-nan%	-nan%	-nan%	-nan%


Tabela Comparativa das Profundidades - Valores Absolutos (FRAME 25)
	AV1
HEVC	DL0	DL1	DL2	DL3	DL4	DL5
DL1	0	44160	3648	1008	80	0
DL2	0	8640	26532	4948	136	0
DL3	0	3468	10212	11032	696	0
DL4	0	1096	3500	2904	820	0
DL5	0	0	0	0	0	0
Tabela Comparativa das Profundidades - Porcentagens (FRAME 25)
	AV1
HEVC	DL0	DL1	DL2	DL3	DL4	DL5
DL1	0.00%	90.31%	7.46%	2.06%	0.16%	0.00%
DL2	0.00%	21.46%	65.91%	12.29%	0.34%	0.00%
DL3	0.00%	13.65%	40.19%	43.42%	2.74%	0.00%
DL4	0.00%	13.17%	42.07%	34.90%	9.86%	0.00%
DL5	-nan%	-nan%	-nan%	-nan%	-nan%	-nan%


Tabela Comparativa das Profundidades - Valores Absolutos (FRAME 26)
	AV1
HEVC	DL0	DL1	DL2	DL3	DL4	DL5
DL1	824	31468	2820	2192	72	0
DL2	832	6548	31560	6780	232	0
DL3	528	2474	10628	15538	880	0
DL4	232	1116	3220	3892	1044	0
DL5	0	0	0	0	0	0
Tabela Comparativa das Profundidades - Porcentagens (FRAME 26)
	AV1
HEVC	DL0	DL1	DL2	DL3	DL4	DL5
DL1	2.20%	84.19%	7.54%	5.86%	0.19%	0.00%
DL2	1.81%	14.25%	68.68%	14.75%	0.50%	0.00%
DL3	1.76%	8.23%	35.37%	51.71%	2.93%	0.00%
DL4	2.44%	11.74%	33.88%	40.95%	10.98%	0.00%
DL5	-nan%	-nan%	-nan%	-nan%	-nan%	-nan%


Tabela Comparativa das Profundidades - Valores Absolutos (FRAME 27)
	AV1
HEVC	DL0	DL1	DL2	DL3	DL4	DL5
DL1	1830	22810	2432	320	0	0
DL2	1234	5328	25894	5840	296	0
DL3	1242	2478	11908	22028	1848	0
DL4	744	1304	4012	8104	3228	0
DL5	0	0	0	0	0	0
Tabela Comparativa das Profundidades - Porcentagens (FRAME 27)
	AV1
HEVC	DL0	DL1	DL2	DL3	DL4	DL5
DL1	6.68%	83.27%	8.88%	1.17%	0.00%	0.00%
DL2	3.20%	13.81%	67.10%	15.13%	0.77%	0.00%
DL3	3.14%	6.27%	30.14%	55.76%	4.68%	0.00%
DL4	4.28%	7.50%	23.07%	46.60%	18.56%	0.00%
DL5	-nan%	-nan%	-nan%	-nan%	-nan%	-nan%


Tabela Comparativa das Profundidades - Valores Absolutos (FRAME 28)
	AV1
HEVC	DL0	DL1	DL2	DL3	DL4	DL5
DL1	0	45568	4864	720	48	0
DL2	0	5952	31104	5520	176	0
DL3	0	2080	9040	11312	528	0
DL4	0	160	2032	2768	1008	0
DL5	0	0	0	0	0	0
Tabela Comparativa das Profundidades - Porcentagens (FRAME 28)
	AV1
HEVC	DL0	DL1	DL2	DL3	DL4	DL5
DL1	0.00%	89.00%	9.50%	1.41%	0.09%	0.00%
DL2	0.00%	13.92%	72.75%	12.91%	0.41%	0.00%
DL3	0.00%	9.06%	39.37%	49.27%	2.30%	0.00%
DL4	0.00%	2.68%	34.05%	46.38%	16.89%	0.00%
DL5	-nan%	-nan%	-nan%	-nan%	-nan%	-nan%


Tabela Comparativa das Profundidades - Valores Absolutos (FRAME 29)
	AV1
HEVC	DL0	DL1	DL2	DL3	DL4	DL5
DL1	1764	45716	4840	928	0	0
DL2	1624	4886	28710	4804	360	0
DL3	1072	2070	8636	9326	480	0
DL4	652	772	2944	2336	960	0
DL5	0	0	0	0	0	0
Tabela Comparativa das Profundidades - Porcentagens (FRAME 29)
	AV1
HEVC	DL0	DL1	DL2	DL3	DL4	DL5
DL1	3.31%	85.85%	9.09%	1.74%	0.00%	0.00%
DL2	4.02%	12.10%	71.09%	11.90%	0.89%	0.00%
DL3	4.97%	9.59%	40.01%	43.21%	2.22%	0.00%
DL4	8.51%	10.07%	38.41%	30.48%	12.53%	0.00%
DL5	-nan%	-nan%	-nan%	-nan%	-nan%	-nan%


Tabela Comparativa das Profundidades - Valores Absolutos (FRAME 30)
	AV1
HEVC	DL0	DL1	DL2	DL3	DL4	DL5
DL1	0	33276	800	192	36	0
DL2	0	4702	17262	5356	392	0
DL3	0	3492	10840	21288	3180	0
DL4	0	1904	4696	10024	5440	0
DL5	0	0	0	0	0	0
Tabela Comparativa das Profundidades - Porcentagens (FRAME 30)
	AV1
HEVC	DL0	DL1	DL2	DL3	DL4	DL5
DL1	0.00%	97.00%	2.33%	0.56%	0.10%	0.00%
DL2	0.00%	16.97%	62.29%	19.33%	1.41%	0.00%
DL3	0.00%	9.00%	27.94%	54.87%	8.20%	0.00%
DL4	0.00%	8.63%	21.28%	45.43%	24.66%	0.00%
DL5	-nan%	-nan%	-nan%	-nan%	-nan%	-nan%


Tabela Comparativa das Profundidades - Valores Absolutos (FRAME 31)
	AV1
HEVC	DL0	DL1	DL2	DL3	DL4	DL5
DL1	0	30180	1780	712	96	0
DL2	0	7056	20356	4724	568	0
DL3	0	2672	11888	21288	2680	0
DL4	0	1420	4694	8902	3864	0
DL5	0	0	0	0	0	0
Tabela Comparativa das Profundidades - Porcentagens (FRAME 31)
	AV1
HEVC	DL0	DL1	DL2	DL3	DL4	DL5
DL1	0.00%	92.10%	5.43%	2.17%	0.29%	0.00%
DL2	0.00%	21.58%	62.24%	14.44%	1.74%	0.00%
DL3	0.00%	6.94%	30.86%	55.25%	6.96%	0.00%
DL4	0.00%	7.52%	24.86%	47.15%	20.47%	0.00%
DL5	-nan%	-nan%	-nan%	-nan%	-nan%	-nan%


Tabela Comparativa das Profundidades - Valores Absolutos (FRAME 32)
	AV1
HEVC	DL0	DL1	DL2	DL3	DL4	DL5
DL1	0	42264	2508	540	0	0
DL2	0	7074	26982	5192	176	0
DL3	0	3844	9380	12788	1188	0
DL4	0	1668	3212	4424	1640	0
DL5	0	0	0	0	0	0
Tabela Comparativa das Profundidades - Porcentagens (FRAME 32)
	AV1
HEVC	DL0	DL1	DL2	DL3	DL4	DL5
DL1	0.00%	93.27%	5.53%	1.19%	0.00%	0.00%
DL2	0.00%	17.94%	68.44%	13.17%	0.45%	0.00%
DL3	0.00%	14.13%	34.49%	47.01%	4.37%	0.00%
DL4	0.00%	15.24%	29.35%	40.42%	14.99%	0.00%
DL5	-nan%	-nan%	-nan%	-nan%	-nan%	-nan%


Tabela Comparativa das Profundidades - Valores Absolutos (FRAME 33)
	AV1
HEVC	DL0	DL1	DL2	DL3	DL4	DL5
DL1	0	47608	3976	640	0	0
DL2	0	5704	26700	4600	116	0
DL3	0	3000	9200	11820	748	0
DL4	0	1102	2978	3916	772	0
DL5	0	0	0	0	0	0
Tabela Comparativa das Profundidades - Porcentagens (FRAME 33)
	AV1
HEVC	DL0	DL1	DL2	DL3	DL4	DL5
DL1	0.00%	91.16%	7.61%	1.23%	0.00%	0.00%
DL2	0.00%	15.37%	71.93%	12.39%	0.31%	0.00%
DL3	0.00%	12.11%	37.14%	47.72%	3.02%	0.00%
DL4	0.00%	12.57%	33.96%	44.66%	8.80%	0.00%
DL5	-nan%	-nan%	-nan%	-nan%	-nan%	-nan%


Tabela Comparativa das Profundidades - Valores Absolutos (FRAME 34)
	AV1
HEVC	DL0	DL1	DL2	DL3	DL4	DL5
DL1	1024	40894	3322	296	32	0
DL2	0	6080	30952	4920	288	0
DL3	0	3102	10850	11576	712	0
DL4	0	1292	3308	3048	1184	0
DL5	0	0	0	0	0	0
Tabela Comparativa das Profundidades - Porcentagens (FRAME 34)
	AV1
HEVC	DL0	DL1	DL2	DL3	DL4	DL5
DL1	2.25%	89.74%	7.29%	0.65%	0.07%	0.00%
DL2	0.00%	14.39%	73.28%	11.65%	0.68%	0.00%
DL3	0.00%	11.82%	41.35%	44.12%	2.71%	0.00%
DL4	0.00%	14.63%	37.45%	34.51%	13.41%	0.00%
DL5	-nan%	-nan%	-nan%	-nan%	-nan%	-nan%


Tabela Comparativa das Profundidades - Valores Absolutos (FRAME 35)
	AV1
HEVC	DL0	DL1	DL2	DL3	DL4	DL5
DL1	0	26656	1312	1728	0	0
DL2	0	4638	25858	7600	176	0
DL3	0	2272	11318	23530	2144	0
DL4	0	1236	3622	7030	3760	0
DL5	0	0	0	0	0	0
Tabela Comparativa das Profundidades - Porcentagens (FRAME 35)
	AV1
HEVC	DL0	DL1	DL2	DL3	DL4	DL5
DL1	0.00%	89.76%	4.42%	5.82%	0.00%	0.00%
DL2	0.00%	12.12%	67.56%	19.86%	0.46%	0.00%
DL3	0.00%	5.79%	28.83%	59.93%	5.46%	0.00%
DL4	0.00%	7.90%	23.15%	44.93%	24.03%	0.00%
DL5	-nan%	-nan%	-nan%	-nan%	-nan%	-nan%


Tabela Comparativa das Profundidades - Valores Absolutos (FRAME 36)
	AV1
HEVC	DL0	DL1	DL2	DL3	DL4	DL5
DL1	0	34706	3798	912	8	0
DL2	0	6662	32658	5360	504	0
DL3	0	2476	10572	14080	1048	0
DL4	0	1332	3480	3840	1444	0
DL5	0	0	0	0	0	0
Tabela Comparativa das Profundidades - Porcentagens (FRAME 36)
	AV1
HEVC	DL0	DL1	DL2	DL3	DL4	DL5
DL1	0.00%	88.03%	9.63%	2.31%	0.02%	0.00%
DL2	0.00%	14.74%	72.28%	11.86%	1.12%	0.00%
DL3	0.00%	8.79%	37.52%	49.97%	3.72%	0.00%
DL4	0.00%	13.19%	34.47%	38.03%	14.30%	0.00%
DL5	-nan%	-nan%	-nan%	-nan%	-nan%	-nan%


Tabela Comparativa das Profundidades - Valores Absolutos (FRAME 37)
	AV1
HEVC	DL0	DL1	DL2	DL3	DL4	DL5
DL1	1024	51200	3904	688	16	0
DL2	0	5312	29312	3872	96	0
DL3	0	1584	7808	11072	880	0
DL4	0	272	2176	2352	1312	0
DL5	0	0	0	0	0	0
Tabela Comparativa das Profundidades - Porcentagens (FRAME 37)
	AV1
HEVC	DL0	DL1	DL2	DL3	DL4	DL5
DL1	1.80%	90.09%	6.87%	1.21%	0.03%	0.00%
DL2	0.00%	13.76%	75.95%	10.03%	0.25%	0.00%
DL3	0.00%	7.42%	36.58%	51.87%	4.12%	0.00%
DL4	0.00%	4.45%	35.60%	38.48%	21.47%	0.00%
DL5	-nan%	-nan%	-nan%	-nan%	-nan%	-nan%


Tabela Comparativa das Profundidades - Valores Absolutos (FRAME 38)
	AV1
HEVC	DL0	DL1	DL2	DL3	DL4	DL5
DL1	0	7554	1280	230	152	0
DL2	0	5734	19318	4164	800	0
DL3	0	2628	14556	19724	4260	0
DL4	0	1372	11120	18680	11308	0
DL5	0	0	0	0	0	0
Tabela Comparativa das Profundidades - Porcentagens (FRAME 38)
	AV1
HEVC	DL0	DL1	DL2	DL3	DL4	DL5
DL1	0.00%	81.97%	13.89%	2.50%	1.65%	0.00%
DL2	0.00%	19.10%	64.36%	13.87%	2.67%	0.00%
DL3	0.00%	6.38%	35.36%	47.91%	10.35%	0.00%
DL4	0.00%	3.23%	26.18%	43.97%	26.62%	0.00%
DL5	-nan%	-nan%	-nan%	-nan%	-nan%	-nan%


Tabela Comparativa das Profundidades - Valores Absolutos (FRAME 39)
	AV1
HEVC	DL0	DL1	DL2	DL3	DL4	DL5
DL1	0	15872	1984	64	0	0
DL2	0	5504	14232	3840	488	0
DL3	0	1904	14892	23104	4388	0
DL4	0	528	8520	19240	8320	0
DL5	0	0	0	0	0	0
Tabela Comparativa das Profundidades - Porcentagens (FRAME 39)
	AV1
HEVC	DL0	DL1	DL2	DL3	DL4	DL5
DL1	0.00%	88.57%	11.07%	0.36%	0.00%	0.00%
DL2	0.00%	22.87%	59.14%	15.96%	2.03%	0.00%
DL3	0.00%	4.30%	33.63%	52.17%	9.91%	0.00%
DL4	0.00%	1.44%	23.27%	52.56%	22.73%	0.00%
DL5	-nan%	-nan%	-nan%	-nan%	-nan%	-nan%


Tabela Comparativa das Profundidades - Valores Absolutos (FRAME 40)
	AV1
HEVC	DL0	DL1	DL2	DL3	DL4	DL5
DL1	0	23264	1684	140	0	0
DL2	0	5804	17440	4000	404	0
DL3	0	2336	11612	25024	2900	0
DL4	0	816	5508	15072	6876	0
DL5	0	0	0	0	0	0
Tabela Comparativa das Profundidades - Porcentagens (FRAME 40)
	AV1
HEVC	DL0	DL1	DL2	DL3	DL4	DL5
DL1	0.00%	92.73%	6.71%	0.56%	0.00%	0.00%
DL2	0.00%	20.99%	63.08%	14.47%	1.46%	0.00%
DL3	0.00%	5.58%	27.73%	59.76%	6.93%	0.00%
DL4	0.00%	2.89%	19.48%	53.31%	24.32%	0.00%
DL5	-nan%	-nan%	-nan%	-nan%	-nan%	-nan%


Tabela Comparativa das Profundidades - Valores Absolutos (FRAME 41)
	AV1
HEVC	DL0	DL1	DL2	DL3	DL4	DL5
DL1	0	29306	2448	722	36	0
DL2	0	6124	22418	6002	336	0
DL3	0	2450	11008	22798	1936	0
DL4	0	1060	4100	9236	2900	0
DL5	0	0	0	0	0	0
Tabela Comparativa das Profundidades - Porcentagens (FRAME 41)
	AV1
HEVC	DL0	DL1	DL2	DL3	DL4	DL5
DL1	0.00%	90.14%	7.53%	2.22%	0.11%	0.00%
DL2	0.00%	17.56%	64.27%	17.21%	0.96%	0.00%
DL3	0.00%	6.41%	28.82%	59.69%	5.07%	0.00%
DL4	0.00%	6.13%	23.70%	53.40%	16.77%	0.00%
DL5	-nan%	-nan%	-nan%	-nan%	-nan%	-nan%


Tabela Comparativa das Profundidades - Valores Absolutos (FRAME 42)
	AV1
HEVC	DL0	DL1	DL2	DL3	DL4	DL5
DL1	0	37288	2524	284	96	0
DL2	0	7218	27346	5244	192	0
DL3	0	2824	10890	14742	1512	0
DL4	0	1080	3790	5954	1896	0
DL5	0	0	0	0	0	0
Tabela Comparativa das Profundidades - Porcentagens (FRAME 42)
	AV1
HEVC	DL0	DL1	DL2	DL3	DL4	DL5
DL1	0.00%	92.77%	6.28%	0.71%	0.24%	0.00%
DL2	0.00%	18.05%	68.37%	13.11%	0.48%	0.00%
DL3	0.00%	9.42%	36.34%	49.19%	5.05%	0.00%
DL4	0.00%	8.49%	29.80%	46.81%	14.91%	0.00%
DL5	-nan%	-nan%	-nan%	-nan%	-nan%	-nan%


Tabela Comparativa das Profundidades - Valores Absolutos (FRAME 43)
	AV1
HEVC	DL0	DL1	DL2	DL3	DL4	DL5
DL1	1016	44766	4570	1092	12	0
DL2	384	6262	28416	5206	244	0
DL3	128	2196	9792	10020	520	0
DL4	128	1044	3456	3164	464	0
DL5	0	0	0	0	0	0
Tabela Comparativa das Profundidades - Porcentagens (FRAME 43)
	AV1
HEVC	DL0	DL1	DL2	DL3	DL4	DL5
DL1	1.97%	87.00%	8.88%	2.12%	0.02%	0.00%
DL2	0.95%	15.46%	70.14%	12.85%	0.60%	0.00%
DL3	0.56%	9.69%	43.22%	44.23%	2.30%	0.00%
DL4	1.55%	12.65%	41.86%	38.32%	5.62%	0.00%
DL5	-nan%	-nan%	-nan%	-nan%	-nan%	-nan%


Tabela Comparativa das Profundidades - Valores Absolutos (FRAME 44)
	AV1
HEVC	DL0	DL1	DL2	DL3	DL4	DL5
DL1	1152	38500	4352	1260	48	0
DL2	1056	6736	32380	4356	208	0
DL3	320	2288	10320	11528	632	0
DL4	288	928	3332	2652	544	0
DL5	0	0	0	0	0	0
Tabela Comparativa das Profundidades - Porcentagens (FRAME 44)
	AV1
HEVC	DL0	DL1	DL2	DL3	DL4	DL5
DL1	2.54%	84.97%	9.60%	2.78%	0.11%	0.00%
DL2	2.36%	15.06%	72.38%	9.74%	0.46%	0.00%
DL3	1.28%	9.12%	41.14%	45.95%	2.52%	0.00%
DL4	3.72%	11.98%	43.03%	34.25%	7.02%	0.00%
DL5	-nan%	-nan%	-nan%	-nan%	-nan%	-nan%


Tabela Comparativa das Profundidades - Valores Absolutos (FRAME 45)
	AV1
HEVC	DL0	DL1	DL2	DL3	DL4	DL5
DL1	0	20446	3552	286	36	0
DL2	0	6488	28704	6472	384	0
DL3	0	3422	11698	24156	1476	0
DL4	0	1380	4072	7812	2496	0
DL5	0	0	0	0	0	0
Tabela Comparativa das Profundidades - Porcentagens (FRAME 45)
	AV1
HEVC	DL0	DL1	DL2	DL3	DL4	DL5
DL1	0.00%	84.07%	14.61%	1.18%	0.15%	0.00%
DL2	0.00%	15.43%	68.26%	15.39%	0.91%	0.00%
DL3	0.00%	8.40%	28.71%	59.28%	3.62%	0.00%
DL4	0.00%	8.76%	25.84%	49.57%	15.84%	0.00%
DL5	-nan%	-nan%	-nan%	-nan%	-nan%	-nan%


Tabela Comparativa das Profundidades - Valores Absolutos (FRAME 46)
	AV1
HEVC	DL0	DL1	DL2	DL3	DL4	DL5
DL1	0	48896	5184	784	176	0
DL2	0	5952	30016	3968	256	0
DL3	0	1360	9216	10176	784	0
DL4	0	368	2368	2288	1088	0
DL5	0	0	0	0	0	0
Tabela Comparativa das Profundidades - Porcentagens (FRAME 46)
	AV1
HEVC	DL0	DL1	DL2	DL3	DL4	DL5
DL1	0.00%	88.84%	9.42%	1.42%	0.32%	0.00%
DL2	0.00%	14.81%	74.68%	9.87%	0.64%	0.00%
DL3	0.00%	6.32%	42.79%	47.25%	3.64%	0.00%
DL4	0.00%	6.02%	38.74%	37.43%	17.80%	0.00%
DL5	-nan%	-nan%	-nan%	-nan%	-nan%	-nan%


Tabela Comparativa das Profundidades - Valores Absolutos (FRAME 47)
	AV1
HEVC	DL0	DL1	DL2	DL3	DL4	DL5
DL1	0	41850	3302	1664	32	0
DL2	0	7388	29080	5244	464	0
DL3	0	3264	9968	10936	936	0
DL4	0	912	3734	3002	1104	0
DL5	0	0	0	0	0	0
Tabela Comparativa das Profundidades - Porcentagens (FRAME 47)
	AV1
HEVC	DL0	DL1	DL2	DL3	DL4	DL5
DL1	0.00%	89.33%	7.05%	3.55%	0.07%	0.00%
DL2	0.00%	17.52%	68.95%	12.43%	1.10%	0.00%
DL3	0.00%	13.00%	39.71%	43.56%	3.73%	0.00%
DL4	0.00%	10.42%	42.66%	34.30%	12.61%	0.00%
DL5	-nan%	-nan%	-nan%	-nan%	-nan%	-nan%


Tabela Comparativa das Profundidades - Valores Absolutos (FRAME 48)
	AV1
HEVC	DL0	DL1	DL2	DL3	DL4	DL5
DL1	0	33780	2076	240	0	0
DL2	0	6144	19742	3098	200	0
DL3	0	3812	10630	20086	2592	0
DL4	0	1432	4340	10150	4558	0
DL5	0	0	0	0	0	0
Tabela Comparativa das Profundidades - Porcentagens (FRAME 48)
	AV1
HEVC	DL0	DL1	DL2	DL3	DL4	DL5
DL1	0.00%	93.58%	5.75%	0.66%	0.00%	0.00%
DL2	0.00%	21.05%	67.65%	10.62%	0.69%	0.00%
DL3	0.00%	10.27%	28.64%	54.11%	6.98%	0.00%
DL4	0.00%	6.99%	21.19%	49.56%	22.26%	0.00%
DL5	-nan%	-nan%	-nan%	-nan%	-nan%	-nan%


Tabela Comparativa das Profundidades - Valores Absolutos (FRAME 49)
	AV1
HEVC	DL0	DL1	DL2	DL3	DL4	DL5
DL1	0	29496	2096	408	0	0
DL2	0	6352	24940	4636	104	0
DL3	0	2546	12516	23130	1328	0
DL4	0	848	4048	7768	2664	0
DL5	0	0	0	0	0	0
Tabela Comparativa das Profundidades - Porcentagens (FRAME 49)
	AV1
HEVC	DL0	DL1	DL2	DL3	DL4	DL5
DL1	0.00%	92.18%	6.55%	1.27%	0.00%	0.00%
DL2	0.00%	17.63%	69.22%	12.87%	0.29%	0.00%
DL3	0.00%	6.44%	31.67%	58.53%	3.36%	0.00%
DL4	0.00%	5.53%	26.41%	50.68%	17.38%	0.00%
DL5	-nan%	-nan%	-nan%	-nan%	-nan%	-nan%


Tabela Comparativa das Profundidades - Valores Absolutos (FRAME 50)
	AV1
HEVC	DL0	DL1	DL2	DL3	DL4	DL5
DL1	0	39672	4352	504	16	0
DL2	0	9488	25828	6348	192	0
DL3	0	3452	8916	13740	980	0
DL4	0	980	3188	3808	1416	0
DL5	0	0	0	0	0	0
Tabela Comparativa das Profundidades - Porcentagens (FRAME 50)
	AV1
HEVC	DL0	DL1	DL2	DL3	DL4	DL5
DL1	0.00%	89.06%	9.77%	1.13%	0.04%	0.00%
DL2	0.00%	22.67%	61.71%	15.17%	0.46%	0.00%
DL3	0.00%	12.74%	32.91%	50.72%	3.62%	0.00%
DL4	0.00%	10.43%	33.94%	40.55%	15.08%	0.00%
DL5	-nan%	-nan%	-nan%	-nan%	-nan%	-nan%


Tabela Comparativa das Profundidades - Valores Absolutos (FRAME 51)
	AV1
HEVC	DL0	DL1	DL2	DL3	DL4	DL5
DL1	0	52496	5284	332	0	0
DL2	0	7136	23696	3744	112	0
DL3	0	3548	7280	10624	580	0
DL4	0	1316	2816	2868	1048	0
DL5	0	0	0	0	0	0
Tabela Comparativa das Profundidades - Porcentagens (FRAME 51)
	AV1
HEVC	DL0	DL1	DL2	DL3	DL4	DL5
DL1	0.00%	90.34%	9.09%	0.57%	0.00%	0.00%
DL2	0.00%	20.57%	68.31%	10.79%	0.32%	0.00%
DL3	0.00%	16.10%	33.04%	48.22%	2.63%	0.00%
DL4	0.00%	16.35%	34.99%	35.64%	13.02%	0.00%
DL5	-nan%	-nan%	-nan%	-nan%	-nan%	-nan%


Tabela Comparativa das Profundidades - Valores Absolutos (FRAME 52)
	AV1
HEVC	DL0	DL1	DL2	DL3	DL4	DL5
DL1	0	43980	4532	128	0	0
DL2	0	9220	27428	5264	136	0
DL3	0	2588	8932	12072	616	0
DL4	0	1188	2764	3256	776	0
DL5	0	0	0	0	0	0
Tabela Comparativa das Profundidades - Porcentagens (FRAME 52)
	AV1
HEVC	DL0	DL1	DL2	DL3	DL4	DL5
DL1	0.00%	90.42%	9.32%	0.26%	0.00%	0.00%
DL2	0.00%	21.93%	65.23%	12.52%	0.32%	0.00%
DL3	0.00%	10.69%	36.90%	49.87%	2.54%	0.00%
DL4	0.00%	14.88%	34.62%	40.78%	9.72%	0.00%
DL5	-nan%	-nan%	-nan%	-nan%	-nan%	-nan%


Tabela Comparativa das Profundidades - Valores Absolutos (FRAME 53)
	AV1
HEVC	DL0	DL1	DL2	DL3	DL4	DL5
DL1	0	25736	1768	656	0	0
DL2	0	4248	26654	7362	200	0
DL3	0	1898	12716	23986	1768	0
DL4	0	824	4616	7704	2744	0
DL5	0	0	0	0	0	0
Tabela Comparativa das Profundidades - Porcentagens (FRAME 53)
	AV1
HEVC	DL0	DL1	DL2	DL3	DL4	DL5
DL1	0.00%	91.39%	6.28%	2.33%	0.00%	0.00%
DL2	0.00%	11.04%	69.30%	19.14%	0.52%	0.00%
DL3	0.00%	4.70%	31.50%	59.42%	4.38%	0.00%
DL4	0.00%	5.19%	29.05%	48.49%	17.27%	0.00%
DL5	-nan%	-nan%	-nan%	-nan%	-nan%	-nan%


Tabela Comparativa das Profundidades - Valores Absolutos (FRAME 54)
	AV1
HEVC	DL0	DL1	DL2	DL3	DL4	DL5
DL1	0	33372	4952	588	0	0
DL2	0	6848	34378	5866	332	0
DL3	0	3266	10508	12682	1016	0
DL4	0	1298	3556	2962	1256	0
DL5	0	0	0	0	0	0
Tabela Comparativa das Profundidades - Porcentagens (FRAME 54)
	AV1
HEVC	DL0	DL1	DL2	DL3	DL4	DL5
DL1	0.00%	85.76%	12.73%	1.51%	0.00%	0.00%
DL2	0.00%	14.44%	72.49%	12.37%	0.70%	0.00%
DL3	0.00%	11.89%	38.25%	46.16%	3.70%	0.00%
DL4	0.00%	14.31%	39.20%	32.65%	13.84%	0.00%
DL5	-nan%	-nan%	-nan%	-nan%	-nan%	-nan%


Tabela Comparativa das Profundidades - Valores Absolutos (FRAME 55)
	AV1
HEVC	DL0	DL1	DL2	DL3	DL4	DL5
DL1	0	50176	5056	576	0	0
DL2	0	8832	30144	4528	208	0
DL3	0	1584	7680	8112	864	0
DL4	0	336	1856	2000	928	0
DL5	0	0	0	0	0	0
Tabela Comparativa das Profundidades - Porcentagens (FRAME 55)
	AV1
HEVC	DL0	DL1	DL2	DL3	DL4	DL5
DL1	0.00%	89.91%	9.06%	1.03%	0.00%	0.00%
DL2	0.00%	20.20%	68.96%	10.36%	0.48%	0.00%
DL3	0.00%	8.68%	42.11%	44.47%	4.74%	0.00%
DL4	0.00%	6.56%	36.25%	39.06%	18.13%	0.00%
DL5	-nan%	-nan%	-nan%	-nan%	-nan%	-nan%


Tabela Comparativa das Profundidades - Valores Absolutos (FRAME 56)
	AV1
HEVC	DL0	DL1	DL2	DL3	DL4	DL5
DL1	0	6416	2800	448	64	0
DL2	0	4660	23276	3284	652	0
DL3	0	2180	14356	19440	4888	0
DL4	0	804	10000	18032	11580	0
DL5	0	0	0	0	0	0
Tabela Comparativa das Profundidades - Porcentagens (FRAME 56)
	AV1
HEVC	DL0	DL1	DL2	DL3	DL4	DL5
DL1	0.00%	65.95%	28.78%	4.61%	0.66%	0.00%
DL2	0.00%	14.62%	73.03%	10.30%	2.05%	0.00%
DL3	0.00%	5.33%	35.13%	47.57%	11.96%	0.00%
DL4	0.00%	1.99%	24.74%	44.62%	28.65%	0.00%
DL5	-nan%	-nan%	-nan%	-nan%	-nan%	-nan%


Tabela Comparativa das Profundidades - Valores Absolutos (FRAME 57)
	AV1
HEVC	DL0	DL1	DL2	DL3	DL4	DL5
DL1	0	21504	1232	48	0	0
DL2	0	4120	20512	4680	384	0
DL3	0	1500	14100	26204	3140	0
DL4	0	536	6392	13404	5124	0
DL5	0	0	0	0	0	0
Tabela Comparativa das Profundidades - Porcentagens (FRAME 57)
	AV1
HEVC	DL0	DL1	DL2	DL3	DL4	DL5
DL1	0.00%	94.38%	5.41%	0.21%	0.00%	0.00%
DL2	0.00%	13.87%	69.07%	15.76%	1.29%	0.00%
DL3	0.00%	3.34%	31.37%	58.30%	6.99%	0.00%
DL4	0.00%	2.11%	25.11%	52.66%	20.13%	0.00%
DL5	-nan%	-nan%	-nan%	-nan%	-nan%	-nan%


Tabela Comparativa das Profundidades - Valores Absolutos (FRAME 58)
	AV1
HEVC	DL0	DL1	DL2	DL3	DL4	DL5
DL1	800	31200	1784	264	0	0
DL2	2060	4780	25896	5400	200	0
DL3	960	2280	10972	17964	2128	0
DL4	684	944	4804	6952	2808	0
DL5	0	0	0	0	0	0
Tabela Comparativa das Profundidades - Porcentagens (FRAME 58)
	AV1
HEVC	DL0	DL1	DL2	DL3	DL4	DL5
DL1	2.35%	91.64%	5.24%	0.78%	0.00%	0.00%
DL2	5.37%	12.47%	67.55%	14.09%	0.52%	0.00%
DL3	2.80%	6.65%	31.98%	52.37%	6.20%	0.00%
DL4	4.22%	5.83%	29.67%	42.93%	17.34%	0.00%
DL5	-nan%	-nan%	-nan%	-nan%	-nan%	-nan%


Tabela Comparativa das Profundidades - Valores Absolutos (FRAME 59)
	AV1
HEVC	DL0	DL1	DL2	DL3	DL4	DL5
DL1	712	40696	4008	1176	0	0
DL2	1180	6366	25582	5600	312	0
DL3	808	2252	10512	12844	800	0
DL4	336	1016	3356	3836	1488	0
DL5	0	0	0	0	0	0
Tabela Comparativa das Profundidades - Porcentagens (FRAME 59)
	AV1
HEVC	DL0	DL1	DL2	DL3	DL4	DL5
DL1	1.53%	87.35%	8.60%	2.52%	0.00%	0.00%
DL2	3.02%	16.31%	65.53%	14.34%	0.80%	0.00%
DL3	2.97%	8.27%	38.62%	47.19%	2.94%	0.00%
DL4	3.35%	10.13%	33.45%	38.24%	14.83%	0.00%
DL5	-nan%	-nan%	-nan%	-nan%	-nan%	-nan%


Tabela Comparativa das Profundidades - Valores Absolutos (FRAME 60)
	AV1
HEVC	DL0	DL1	DL2	DL3	DL4	DL5
DL1	1144	44580	6492	968	64	0
DL2	960	7172	29552	4148	88	0
DL3	496	2528	8620	8532	656	0
DL4	208	996	2656	2316	704	0
DL5	0	0	0	0	0	0
Tabela Comparativa das Profundidades - Porcentagens (FRAME 60)
	AV1
HEVC	DL0	DL1	DL2	DL3	DL4	DL5
DL1	2.15%	83.72%	12.19%	1.82%	0.12%	0.00%
DL2	2.29%	17.11%	70.50%	9.90%	0.21%	0.00%
DL3	2.38%	12.14%	41.38%	40.96%	3.15%	0.00%
DL4	3.02%	14.48%	38.60%	33.66%	10.23%	0.00%
DL5	-nan%	-nan%	-nan%	-nan%	-nan%	-nan%


