Tabela Comparativa das Profundidades - Valores Absolutos (FRAME  1)
	AV1
HEVC	DL0	DL1	DL2	DL3	DL4	DL5
DL1	0	768	1088	128	64	0
DL2	640	1472	13248	1328	720	0
DL3	384	624	5072	3792	2000	0
DL4	0	208	4272	4992	10400	0
DL5	0	0	0	0	0	0
Tabela Comparativa das Profundidades - Porcentagens (FRAME  1)
	AV1
HEVC	DL0	DL1	DL2	DL3	DL4	DL5
DL1	0.00%	37.50%	53.12%	6.25%	3.12%	0.00%
DL2	3.68%	8.46%	76.10%	7.63%	4.14%	0.00%
DL3	3.23%	5.26%	42.72%	31.94%	16.85%	0.00%
DL4	0.00%	1.05%	21.50%	25.12%	52.33%	0.00%
DL5	-nan%	-nan%	-nan%	-nan%	-nan%	-nan%


Tabela Comparativa das Profundidades - Valores Absolutos (FRAME  2)
	AV1
HEVC	DL0	DL1	DL2	DL3	DL4	DL5
DL1	0	3328	0	0	0	0
DL2	0	3600	9338	2074	348	0
DL3	0	984	5628	10200	2116	0
DL4	0	108	3288	6520	3668	0
DL5	0	0	0	0	0	0
Tabela Comparativa das Profundidades - Porcentagens (FRAME  2)
	AV1
HEVC	DL0	DL1	DL2	DL3	DL4	DL5
DL1	0.00%	100.00%	0.00%	0.00%	0.00%	0.00%
DL2	0.00%	23.44%	60.79%	13.50%	2.27%	0.00%
DL3	0.00%	5.20%	29.73%	53.89%	11.18%	0.00%
DL4	0.00%	0.80%	24.20%	48.00%	27.00%	0.00%
DL5	-nan%	-nan%	-nan%	-nan%	-nan%	-nan%


Tabela Comparativa das Profundidades - Valores Absolutos (FRAME  3)
	AV1
HEVC	DL0	DL1	DL2	DL3	DL4	DL5
DL1	0	3840	704	48	16	0
DL2	0	2883	16829	2320	176	0
DL3	0	512	9328	6256	448	0
DL4	0	64	3760	2944	1072	0
DL5	0	0	0	0	0	0
Tabela Comparativa das Profundidades - Porcentagens (FRAME  3)
	AV1
HEVC	DL0	DL1	DL2	DL3	DL4	DL5
DL1	0.00%	83.33%	15.28%	1.04%	0.35%	0.00%
DL2	0.00%	12.98%	75.78%	10.45%	0.79%	0.00%
DL3	0.00%	3.09%	56.38%	37.81%	2.71%	0.00%
DL4	0.00%	0.82%	47.96%	37.55%	13.67%	0.00%
DL5	-nan%	-nan%	-nan%	-nan%	-nan%	-nan%


Tabela Comparativa das Profundidades - Valores Absolutos (FRAME  4)
	AV1
HEVC	DL0	DL1	DL2	DL3	DL4	DL5
DL1	5120	7424	512	0	0	0
DL2	0	2048	12282	1014	16	0
DL3	0	976	8704	6288	416	0
DL4	0	48	2208	3216	928	0
DL5	0	0	0	0	0	0
Tabela Comparativa das Profundidades - Porcentagens (FRAME  4)
	AV1
HEVC	DL0	DL1	DL2	DL3	DL4	DL5
DL1	39.22%	56.86%	3.92%	0.00%	0.00%	0.00%
DL2	0.00%	13.33%	79.96%	6.60%	0.10%	0.00%
DL3	0.00%	5.96%	53.12%	38.38%	2.54%	0.00%
DL4	0.00%	0.75%	34.50%	50.25%	14.50%	0.00%
DL5	-nan%	-nan%	-nan%	-nan%	-nan%	-nan%


Tabela Comparativa das Profundidades - Valores Absolutos (FRAME  5)
	AV1
HEVC	DL0	DL1	DL2	DL3	DL4	DL5
DL1	2816	3328	1024	0	0	0
DL2	2304	3238	13476	2134	160	0
DL3	0	912	8128	6672	1056	0
DL4	0	48	2048	2640	1216	0
DL5	0	0	0	0	0	0
Tabela Comparativa das Profundidades - Porcentagens (FRAME  5)
	AV1
HEVC	DL0	DL1	DL2	DL3	DL4	DL5
DL1	39.29%	46.43%	14.29%	0.00%	0.00%	0.00%
DL2	10.81%	15.19%	63.23%	10.01%	0.75%	0.00%
DL3	0.00%	5.44%	48.47%	39.79%	6.30%	0.00%
DL4	0.00%	0.81%	34.41%	44.35%	20.43%	0.00%
DL5	-nan%	-nan%	-nan%	-nan%	-nan%	-nan%


Tabela Comparativa das Profundidades - Valores Absolutos (FRAME  6)
	AV1
HEVC	DL0	DL1	DL2	DL3	DL4	DL5
DL1	0	3840	128	128	0	0
DL2	0	841	16556	2699	64	0
DL3	0	672	10192	9280	640	0
DL4	0	160	1888	3376	736	0
DL5	0	0	0	0	0	0
Tabela Comparativa das Profundidades - Porcentagens (FRAME  6)
	AV1
HEVC	DL0	DL1	DL2	DL3	DL4	DL5
DL1	0.00%	93.75%	3.12%	3.12%	0.00%	0.00%
DL2	0.00%	4.17%	82.12%	13.39%	0.32%	0.00%
DL3	0.00%	3.23%	49.04%	44.65%	3.08%	0.00%
DL4	0.00%	2.60%	30.65%	54.81%	11.95%	0.00%
DL5	-nan%	-nan%	-nan%	-nan%	-nan%	-nan%


Tabela Comparativa das Profundidades - Valores Absolutos (FRAME  7)
	AV1
HEVC	DL0	DL1	DL2	DL3	DL4	DL5
DL1	0	14848	512	0	0	0
DL2	0	3072	16320	1584	80	0
DL3	0	1248	6112	4608	176	0
DL4	0	32	1120	1120	368	0
DL5	0	0	0	0	0	0
Tabela Comparativa das Profundidades - Porcentagens (FRAME  7)
	AV1
HEVC	DL0	DL1	DL2	DL3	DL4	DL5
DL1	0.00%	96.67%	3.33%	0.00%	0.00%	0.00%
DL2	0.00%	14.59%	77.51%	7.52%	0.38%	0.00%
DL3	0.00%	10.28%	50.33%	37.94%	1.45%	0.00%
DL4	0.00%	1.21%	42.42%	42.42%	13.94%	0.00%
DL5	-nan%	-nan%	-nan%	-nan%	-nan%	-nan%


Tabela Comparativa das Profundidades - Valores Absolutos (FRAME  8)
	AV1
HEVC	DL0	DL1	DL2	DL3	DL4	DL5
DL1	0	16128	1216	64	0	0
DL2	0	4047	13377	1760	16	0
DL3	0	1296	6896	3808	64	0
DL4	0	64	1472	832	160	0
DL5	0	0	0	0	0	0
Tabela Comparativa das Profundidades - Porcentagens (FRAME  8)
	AV1
HEVC	DL0	DL1	DL2	DL3	DL4	DL5
DL1	0.00%	92.65%	6.99%	0.37%	0.00%	0.00%
DL2	0.00%	21.08%	69.67%	9.17%	0.08%	0.00%
DL3	0.00%	10.74%	57.16%	31.56%	0.53%	0.00%
DL4	0.00%	2.53%	58.23%	32.91%	6.33%	0.00%
DL5	-nan%	-nan%	-nan%	-nan%	-nan%	-nan%


Tabela Comparativa das Profundidades - Valores Absolutos (FRAME  9)
	AV1
HEVC	DL0	DL1	DL2	DL3	DL4	DL5
DL1	0	13056	1472	64	0	0
DL2	0	4492	11476	1264	112	0
DL3	0	1232	5296	7072	896	0
DL4	0	176	1136	2624	832	0
DL5	0	0	0	0	0	0
Tabela Comparativa das Profundidades - Porcentagens (FRAME  9)
	AV1
HEVC	DL0	DL1	DL2	DL3	DL4	DL5
DL1	0.00%	89.47%	10.09%	0.44%	0.00%	0.00%
DL2	0.00%	25.90%	66.17%	7.29%	0.65%	0.00%
DL3	0.00%	8.50%	36.53%	48.79%	6.18%	0.00%
DL4	0.00%	3.69%	23.83%	55.03%	17.45%	0.00%
DL5	-nan%	-nan%	-nan%	-nan%	-nan%	-nan%


Tabela Comparativa das Profundidades - Valores Absolutos (FRAME 10)
	AV1
HEVC	DL0	DL1	DL2	DL3	DL4	DL5
DL1	2048	13824	1024	0	0	0
DL2	0	1728	14552	1832	0	0
DL3	0	448	6736	5088	320	0
DL4	0	128	976	2096	400	0
DL5	0	0	0	0	0	0
Tabela Comparativa das Profundidades - Porcentagens (FRAME 10)
	AV1
HEVC	DL0	DL1	DL2	DL3	DL4	DL5
DL1	12.12%	81.82%	6.06%	0.00%	0.00%	0.00%
DL2	0.00%	9.54%	80.34%	10.11%	0.00%	0.00%
DL3	0.00%	3.56%	53.49%	40.41%	2.54%	0.00%
DL4	0.00%	3.56%	27.11%	58.22%	11.11%	0.00%
DL5	-nan%	-nan%	-nan%	-nan%	-nan%	-nan%


Tabela Comparativa das Profundidades - Valores Absolutos (FRAME 11)
	AV1
HEVC	DL0	DL1	DL2	DL3	DL4	DL5
DL1	512	12800	1280	0	0	0
DL2	512	3328	17152	2000	112	0
DL3	0	2288	4544	4352	176	0
DL4	0	16	896	976	256	0
DL5	0	0	0	0	0	0
Tabela Comparativa das Profundidades - Porcentagens (FRAME 11)
	AV1
HEVC	DL0	DL1	DL2	DL3	DL4	DL5
DL1	3.51%	87.72%	8.77%	0.00%	0.00%	0.00%
DL2	2.22%	14.40%	74.24%	8.66%	0.48%	0.00%
DL3	0.00%	20.14%	40.00%	38.31%	1.55%	0.00%
DL4	0.00%	0.75%	41.79%	45.52%	11.94%	0.00%
DL5	-nan%	-nan%	-nan%	-nan%	-nan%	-nan%


Tabela Comparativa das Profundidades - Valores Absolutos (FRAME 12)
	AV1
HEVC	DL0	DL1	DL2	DL3	DL4	DL5
DL1	0	9728	1408	352	32	0
DL2	0	3683	16189	1888	192	0
DL3	0	2000	7344	5152	48	0
DL4	0	112	1296	1520	256	0
DL5	0	0	0	0	0	0
Tabela Comparativa das Profundidades - Porcentagens (FRAME 12)
	AV1
HEVC	DL0	DL1	DL2	DL3	DL4	DL5
DL1	0.00%	84.44%	12.22%	3.06%	0.28%	0.00%
DL2	0.00%	16.78%	73.75%	8.60%	0.87%	0.00%
DL3	0.00%	13.75%	50.50%	35.42%	0.33%	0.00%
DL4	0.00%	3.52%	40.70%	47.74%	8.04%	0.00%
DL5	-nan%	-nan%	-nan%	-nan%	-nan%	-nan%


Tabela Comparativa das Profundidades - Valores Absolutos (FRAME 13)
	AV1
HEVC	DL0	DL1	DL2	DL3	DL4	DL5
DL1	0	12800	768	0	0	0
DL2	0	4224	18816	512	256	0
DL3	0	352	5440	3824	416	0
DL4	0	32	1408	1872	480	0
DL5	0	0	0	0	0	0
Tabela Comparativa das Profundidades - Porcentagens (FRAME 13)
	AV1
HEVC	DL0	DL1	DL2	DL3	DL4	DL5
DL1	0.00%	94.34%	5.66%	0.00%	0.00%	0.00%
DL2	0.00%	17.74%	79.03%	2.15%	1.08%	0.00%
DL3	0.00%	3.51%	54.23%	38.12%	4.15%	0.00%
DL4	0.00%	0.84%	37.13%	49.37%	12.66%	0.00%
DL5	-nan%	-nan%	-nan%	-nan%	-nan%	-nan%


Tabela Comparativa das Profundidades - Valores Absolutos (FRAME 14)
	AV1
HEVC	DL0	DL1	DL2	DL3	DL4	DL5
DL1	768	12032	2048	0	0	0
DL2	256	2374	11098	2128	144	0
DL3	0	1664	6912	7216	784	0
DL4	0	192	1024	1792	768	0
DL5	0	0	0	0	0	0
Tabela Comparativa das Profundidades - Porcentagens (FRAME 14)
	AV1
HEVC	DL0	DL1	DL2	DL3	DL4	DL5
DL1	5.17%	81.03%	13.79%	0.00%	0.00%	0.00%
DL2	1.60%	14.84%	69.36%	13.30%	0.90%	0.00%
DL3	0.00%	10.04%	41.70%	43.53%	4.73%	0.00%
DL4	0.00%	5.08%	27.12%	47.46%	20.34%	0.00%
DL5	-nan%	-nan%	-nan%	-nan%	-nan%	-nan%


Tabela Comparativa das Profundidades - Valores Absolutos (FRAME 15)
	AV1
HEVC	DL0	DL1	DL2	DL3	DL4	DL5
DL1	0	15360	2304	0	0	0
DL2	0	2784	13952	1600	32	0
DL3	0	1200	5792	5728	112	0
DL4	0	16	976	1104	240	0
DL5	0	0	0	0	0	0
Tabela Comparativa das Profundidades - Porcentagens (FRAME 15)
	AV1
HEVC	DL0	DL1	DL2	DL3	DL4	DL5
DL1	0.00%	86.96%	13.04%	0.00%	0.00%	0.00%
DL2	0.00%	15.16%	75.96%	8.71%	0.17%	0.00%
DL3	0.00%	9.35%	45.14%	44.64%	0.87%	0.00%
DL4	0.00%	0.68%	41.78%	47.26%	10.27%	0.00%
DL5	-nan%	-nan%	-nan%	-nan%	-nan%	-nan%


Tabela Comparativa das Profundidades - Valores Absolutos (FRAME 16)
	AV1
HEVC	DL0	DL1	DL2	DL3	DL4	DL5
DL1	0	15872	512	256	0	0
DL2	0	4271	15041	2128	0	0
DL3	0	960	6544	3856	16	0
DL4	0	0	672	912	160	0
DL5	0	0	0	0	0	0
Tabela Comparativa das Profundidades - Porcentagens (FRAME 16)
	AV1
HEVC	DL0	DL1	DL2	DL3	DL4	DL5
DL1	0.00%	95.38%	3.08%	1.54%	0.00%	0.00%
DL2	0.00%	19.92%	70.15%	9.93%	0.00%	0.00%
DL3	0.00%	8.44%	57.52%	33.90%	0.14%	0.00%
DL4	0.00%	0.00%	38.53%	52.29%	9.17%	0.00%
DL5	-nan%	-nan%	-nan%	-nan%	-nan%	-nan%


Tabela Comparativa das Profundidades - Valores Absolutos (FRAME 17)
	AV1
HEVC	DL0	DL1	DL2	DL3	DL4	DL5
DL1	1024	10752	1344	176	16	0
DL2	0	3496	15800	2608	48	0
DL3	0	2295	5897	5264	208	0
DL4	0	16	976	1040	240	0
DL5	0	0	0	0	0	0
Tabela Comparativa das Profundidades - Porcentagens (FRAME 17)
	AV1
HEVC	DL0	DL1	DL2	DL3	DL4	DL5
DL1	7.69%	80.77%	10.10%	1.32%	0.12%	0.00%
DL2	0.00%	15.93%	71.98%	11.88%	0.22%	0.00%
DL3	0.00%	16.80%	43.16%	38.52%	1.52%	0.00%
DL4	0.00%	0.70%	42.96%	45.77%	10.56%	0.00%
DL5	-nan%	-nan%	-nan%	-nan%	-nan%	-nan%


Tabela Comparativa das Profundidades - Valores Absolutos (FRAME 18)
	AV1
HEVC	DL0	DL1	DL2	DL3	DL4	DL5
DL1	0	5376	1024	0	0	0
DL2	0	4220	11284	2160	0	0
DL3	0	2144	7744	9456	816	0
DL4	0	224	1984	3952	816	0
DL5	0	0	0	0	0	0
Tabela Comparativa das Profundidades - Porcentagens (FRAME 18)
	AV1
HEVC	DL0	DL1	DL2	DL3	DL4	DL5
DL1	0.00%	84.00%	16.00%	0.00%	0.00%	0.00%
DL2	0.00%	23.89%	63.88%	12.23%	0.00%	0.00%
DL3	0.00%	10.63%	38.41%	46.90%	4.05%	0.00%
DL4	0.00%	3.21%	28.44%	56.65%	11.70%	0.00%
DL5	-nan%	-nan%	-nan%	-nan%	-nan%	-nan%


Tabela Comparativa das Profundidades - Valores Absolutos (FRAME 19)
	AV1
HEVC	DL0	DL1	DL2	DL3	DL4	DL5
DL1	0	13824	1728	64	0	0
DL2	0	3264	17856	1712	208	0
DL3	0	496	5408	4096	224	0
DL4	0	80	928	1120	192	0
DL5	0	0	0	0	0	0
Tabela Comparativa das Profundidades - Porcentagens (FRAME 19)
	AV1
HEVC	DL0	DL1	DL2	DL3	DL4	DL5
DL1	0.00%	88.52%	11.07%	0.41%	0.00%	0.00%
DL2	0.00%	14.17%	77.50%	7.43%	0.90%	0.00%
DL3	0.00%	4.85%	52.90%	40.06%	2.19%	0.00%
DL4	0.00%	3.45%	40.00%	48.28%	8.28%	0.00%
DL5	-nan%	-nan%	-nan%	-nan%	-nan%	-nan%


Tabela Comparativa das Profundidades - Valores Absolutos (FRAME 20)
	AV1
HEVC	DL0	DL1	DL2	DL3	DL4	DL5
DL1	0	14848	448	64	0	0
DL2	0	3744	19869	1523	272	0
DL3	0	1472	4512	2752	288	0
DL4	0	0	512	640	256	0
DL5	0	0	0	0	0	0
Tabela Comparativa das Profundidades - Porcentagens (FRAME 20)
	AV1
HEVC	DL0	DL1	DL2	DL3	DL4	DL5
DL1	0.00%	96.67%	2.92%	0.42%	0.00%	0.00%
DL2	0.00%	14.74%	78.20%	5.99%	1.07%	0.00%
DL3	0.00%	16.31%	50.00%	30.50%	3.19%	0.00%
DL4	0.00%	0.00%	36.36%	45.45%	18.18%	0.00%
DL5	-nan%	-nan%	-nan%	-nan%	-nan%	-nan%


Tabela Comparativa das Profundidades - Valores Absolutos (FRAME 21)
	AV1
HEVC	DL0	DL1	DL2	DL3	DL4	DL5
DL1	1792	2304	1216	64	0	0
DL2	4224	3756	11409	1603	256	0
DL3	2096	2480	5904	3312	544	0
DL4	80	288	3600	3456	2816	0
DL5	0	0	0	0	0	0
Tabela Comparativa das Profundidades - Porcentagens (FRAME 21)
	AV1
HEVC	DL0	DL1	DL2	DL3	DL4	DL5
DL1	33.33%	42.86%	22.62%	1.19%	0.00%	0.00%
DL2	19.88%	17.68%	53.69%	7.54%	1.20%	0.00%
DL3	14.62%	17.30%	41.18%	23.10%	3.79%	0.00%
DL4	0.78%	2.81%	35.16%	33.75%	27.50%	0.00%
DL5	-nan%	-nan%	-nan%	-nan%	-nan%	-nan%


Tabela Comparativa das Profundidades - Valores Absolutos (FRAME 22)
	AV1
HEVC	DL0	DL1	DL2	DL3	DL4	DL5
DL1	0	8192	256	0	0	0
DL2	0	1984	8692	1212	144	0
DL3	0	768	9184	3792	704	0
DL4	0	320	8144	4880	2928	0
DL5	0	0	0	0	0	0
Tabela Comparativa das Profundidades - Porcentagens (FRAME 22)
	AV1
HEVC	DL0	DL1	DL2	DL3	DL4	DL5
DL1	0.00%	96.97%	3.03%	0.00%	0.00%	0.00%
DL2	0.00%	16.49%	72.24%	10.07%	1.20%	0.00%
DL3	0.00%	5.32%	63.57%	26.25%	4.87%	0.00%
DL4	0.00%	1.97%	50.05%	29.99%	17.99%	0.00%
DL5	-nan%	-nan%	-nan%	-nan%	-nan%	-nan%


Tabela Comparativa das Profundidades - Valores Absolutos (FRAME 23)
	AV1
HEVC	DL0	DL1	DL2	DL3	DL4	DL5
DL1	2048	5120	768	0	0	0
DL2	1024	2819	11581	1824	160	0
DL3	0	944	9360	8032	240	0
DL4	0	80	2512	3840	848	0
DL5	0	0	0	0	0	0
Tabela Comparativa das Profundidades - Porcentagens (FRAME 23)
	AV1
HEVC	DL0	DL1	DL2	DL3	DL4	DL5
DL1	25.81%	64.52%	9.68%	0.00%	0.00%	0.00%
DL2	5.88%	16.19%	66.53%	10.48%	0.92%	0.00%
DL3	0.00%	5.08%	50.39%	43.24%	1.29%	0.00%
DL4	0.00%	1.10%	34.51%	52.75%	11.65%	0.00%
DL5	-nan%	-nan%	-nan%	-nan%	-nan%	-nan%


Tabela Comparativa das Profundidades - Valores Absolutos (FRAME 24)
	AV1
HEVC	DL0	DL1	DL2	DL3	DL4	DL5
DL1	0	7168	384	128	0	0
DL2	0	3910	13662	2424	164	0
DL3	0	1792	6144	9788	692	0
DL4	0	0	1152	2912	880	0
DL5	0	0	0	0	0	0
Tabela Comparativa das Profundidades - Porcentagens (FRAME 24)
	AV1
HEVC	DL0	DL1	DL2	DL3	DL4	DL5
DL1	0.00%	93.33%	5.00%	1.67%	0.00%	0.00%
DL2	0.00%	19.39%	67.77%	12.02%	0.81%	0.00%
DL3	0.00%	9.73%	33.36%	53.15%	3.76%	0.00%
DL4	0.00%	0.00%	23.30%	58.90%	17.80%	0.00%
DL5	-nan%	-nan%	-nan%	-nan%	-nan%	-nan%


Tabela Comparativa das Profundidades - Valores Absolutos (FRAME 25)
	AV1
HEVC	DL0	DL1	DL2	DL3	DL4	DL5
DL1	0	11264	256	0	0	0
DL2	0	2304	11008	2320	48	0
DL3	0	912	7264	10320	208	0
DL4	0	112	1760	3024	400	0
DL5	0	0	0	0	0	0
Tabela Comparativa das Profundidades - Porcentagens (FRAME 25)
	AV1
HEVC	DL0	DL1	DL2	DL3	DL4	DL5
DL1	0.00%	97.78%	2.22%	0.00%	0.00%	0.00%
DL2	0.00%	14.69%	70.20%	14.80%	0.31%	0.00%
DL3	0.00%	4.88%	38.84%	55.18%	1.11%	0.00%
DL4	0.00%	2.11%	33.23%	57.10%	7.55%	0.00%
DL5	-nan%	-nan%	-nan%	-nan%	-nan%	-nan%


Tabela Comparativa das Profundidades - Valores Absolutos (FRAME 26)
	AV1
HEVC	DL0	DL1	DL2	DL3	DL4	DL5
DL1	0	18688	1024	0	0	0
DL2	0	3615	17905	1184	16	0
DL3	0	736	4128	2288	0	0
DL4	0	32	672	800	112	0
DL5	0	0	0	0	0	0
Tabela Comparativa das Profundidades - Porcentagens (FRAME 26)
	AV1
HEVC	DL0	DL1	DL2	DL3	DL4	DL5
DL1	0.00%	94.81%	5.19%	0.00%	0.00%	0.00%
DL2	0.00%	15.91%	78.81%	5.21%	0.07%	0.00%
DL3	0.00%	10.29%	57.72%	31.99%	0.00%	0.00%
DL4	0.00%	1.98%	41.58%	49.50%	6.93%	0.00%
DL5	-nan%	-nan%	-nan%	-nan%	-nan%	-nan%


Tabela Comparativa das Profundidades - Valores Absolutos (FRAME 27)
	AV1
HEVC	DL0	DL1	DL2	DL3	DL4	DL5
DL1	0	14336	1280	0	0	0
DL2	0	2371	18797	2320	0	0
DL3	0	448	6180	4028	96	0
DL4	0	0	480	720	144	0
DL5	0	0	0	0	0	0
Tabela Comparativa das Profundidades - Porcentagens (FRAME 27)
	AV1
HEVC	DL0	DL1	DL2	DL3	DL4	DL5
DL1	0.00%	91.80%	8.20%	0.00%	0.00%	0.00%
DL2	0.00%	10.09%	80.03%	9.88%	0.00%	0.00%
DL3	0.00%	4.17%	57.48%	37.46%	0.89%	0.00%
DL4	0.00%	0.00%	35.71%	53.57%	10.71%	0.00%
DL5	-nan%	-nan%	-nan%	-nan%	-nan%	-nan%


Tabela Comparativa das Profundidades - Valores Absolutos (FRAME 28)
	AV1
HEVC	DL0	DL1	DL2	DL3	DL4	DL5
DL1	0	12288	1024	0	0	0
DL2	0	3800	19160	2112	16	0
DL3	0	816	6096	4080	128	0
DL4	0	80	688	720	192	0
DL5	0	0	0	0	0	0
Tabela Comparativa das Profundidades - Porcentagens (FRAME 28)
	AV1
HEVC	DL0	DL1	DL2	DL3	DL4	DL5
DL1	0.00%	92.31%	7.69%	0.00%	0.00%	0.00%
DL2	0.00%	15.15%	76.37%	8.42%	0.06%	0.00%
DL3	0.00%	7.34%	54.82%	36.69%	1.15%	0.00%
DL4	0.00%	4.76%	40.95%	42.86%	11.43%	0.00%
DL5	-nan%	-nan%	-nan%	-nan%	-nan%	-nan%


Tabela Comparativa das Profundidades - Valores Absolutos (FRAME 29)
	AV1
HEVC	DL0	DL1	DL2	DL3	DL4	DL5
DL1	0	9984	992	272	16	0
DL2	0	3238	14938	3008	192	0
DL3	0	1344	7168	5456	448	0
DL4	0	0	1824	1552	768	0
DL5	0	0	0	0	0	0
Tabela Comparativa das Profundidades - Porcentagens (FRAME 29)
	AV1
HEVC	DL0	DL1	DL2	DL3	DL4	DL5
DL1	0.00%	88.64%	8.81%	2.41%	0.14%	0.00%
DL2	0.00%	15.15%	69.88%	14.07%	0.90%	0.00%
DL3	0.00%	9.32%	49.72%	37.85%	3.11%	0.00%
DL4	0.00%	0.00%	44.02%	37.45%	18.53%	0.00%
DL5	-nan%	-nan%	-nan%	-nan%	-nan%	-nan%


Tabela Comparativa das Profundidades - Valores Absolutos (FRAME 30)
	AV1
HEVC	DL0	DL1	DL2	DL3	DL4	DL5
DL1	0	10240	1472	64	0	0
DL2	0	4556	21012	1872	144	0
DL3	0	1200	5552	2800	128	0
DL4	0	16	880	960	304	0
DL5	0	0	0	0	0	0
Tabela Comparativa das Profundidades - Porcentagens (FRAME 30)
	AV1
HEVC	DL0	DL1	DL2	DL3	DL4	DL5
DL1	0.00%	86.96%	12.50%	0.54%	0.00%	0.00%
DL2	0.00%	16.52%	76.17%	6.79%	0.52%	0.00%
DL3	0.00%	12.40%	57.36%	28.93%	1.32%	0.00%
DL4	0.00%	0.74%	40.74%	44.44%	14.07%	0.00%
DL5	-nan%	-nan%	-nan%	-nan%	-nan%	-nan%


Tabela Comparativa das Profundidades - Valores Absolutos (FRAME 31)
	AV1
HEVC	DL0	DL1	DL2	DL3	DL4	DL5
DL1	0	15360	1280	512	0	0
DL2	0	3136	13696	1904	144	0
DL3	0	816	5712	5536	304	0
DL4	0	144	1072	1216	368	0
DL5	0	0	0	0	0	0
Tabela Comparativa das Profundidades - Porcentagens (FRAME 31)
	AV1
HEVC	DL0	DL1	DL2	DL3	DL4	DL5
DL1	0.00%	89.55%	7.46%	2.99%	0.00%	0.00%
DL2	0.00%	16.61%	72.54%	10.08%	0.76%	0.00%
DL3	0.00%	6.60%	46.18%	44.76%	2.46%	0.00%
DL4	0.00%	5.14%	38.29%	43.43%	13.14%	0.00%
DL5	-nan%	-nan%	-nan%	-nan%	-nan%	-nan%


Tabela Comparativa das Profundidades - Valores Absolutos (FRAME 32)
	AV1
HEVC	DL0	DL1	DL2	DL3	DL4	DL5
DL1	0	17664	960	288	32	0
DL2	0	4544	15776	1532	100	0
DL3	0	1840	2320	3568	224	0
DL4	0	16	496	1504	336	0
DL5	0	0	0	0	0	0
Tabela Comparativa das Profundidades - Porcentagens (FRAME 32)
	AV1
HEVC	DL0	DL1	DL2	DL3	DL4	DL5
DL1	0.00%	93.24%	5.07%	1.52%	0.17%	0.00%
DL2	0.00%	20.70%	71.87%	6.98%	0.46%	0.00%
DL3	0.00%	23.14%	29.18%	44.87%	2.82%	0.00%
DL4	0.00%	0.68%	21.09%	63.95%	14.29%	0.00%
DL5	-nan%	-nan%	-nan%	-nan%	-nan%	-nan%


Tabela Comparativa das Profundidades - Valores Absolutos (FRAME 33)
	AV1
HEVC	DL0	DL1	DL2	DL3	DL4	DL5
DL1	0	12288	1792	0	0	0
DL2	0	3427	14493	1952	96	0
DL3	0	1280	6224	5216	560	0
DL4	0	256	1488	1632	496	0
DL5	0	0	0	0	0	0
Tabela Comparativa das Profundidades - Porcentagens (FRAME 33)
	AV1
HEVC	DL0	DL1	DL2	DL3	DL4	DL5
DL1	0.00%	87.27%	12.73%	0.00%	0.00%	0.00%
DL2	0.00%	17.16%	72.58%	9.78%	0.48%	0.00%
DL3	0.00%	9.64%	46.87%	39.28%	4.22%	0.00%
DL4	0.00%	6.61%	38.43%	42.15%	12.81%	0.00%
DL5	-nan%	-nan%	-nan%	-nan%	-nan%	-nan%


Tabela Comparativa das Profundidades - Valores Absolutos (FRAME 34)
	AV1
HEVC	DL0	DL1	DL2	DL3	DL4	DL5
DL1	0	19968	1072	208	0	0
DL2	0	2627	10557	1392	16	0
DL3	0	1136	5744	4736	112	0
DL4	0	80	1264	1824	464	0
DL5	0	0	0	0	0	0
Tabela Comparativa das Profundidades - Porcentagens (FRAME 34)
	AV1
HEVC	DL0	DL1	DL2	DL3	DL4	DL5
DL1	0.00%	93.98%	5.05%	0.98%	0.00%	0.00%
DL2	0.00%	18.00%	72.35%	9.54%	0.11%	0.00%
DL3	0.00%	9.69%	48.98%	40.38%	0.95%	0.00%
DL4	0.00%	2.20%	34.80%	50.22%	12.78%	0.00%
DL5	-nan%	-nan%	-nan%	-nan%	-nan%	-nan%


Tabela Comparativa das Profundidades - Valores Absolutos (FRAME 35)
	AV1
HEVC	DL0	DL1	DL2	DL3	DL4	DL5
DL1	0	22272	1280	256	0	0
DL2	0	4997	8347	936	56	0
DL3	0	2200	4920	3392	144	0
DL4	0	160	928	1104	208	0
DL5	0	0	0	0	0	0
Tabela Comparativa das Profundidades - Porcentagens (FRAME 35)
	AV1
HEVC	DL0	DL1	DL2	DL3	DL4	DL5
DL1	0.00%	93.55%	5.38%	1.08%	0.00%	0.00%
DL2	0.00%	34.86%	58.22%	6.53%	0.39%	0.00%
DL3	0.00%	20.65%	46.17%	31.83%	1.35%	0.00%
DL4	0.00%	6.67%	38.67%	46.00%	8.67%	0.00%
DL5	-nan%	-nan%	-nan%	-nan%	-nan%	-nan%


Tabela Comparativa das Profundidades - Valores Absolutos (FRAME 36)
	AV1
HEVC	DL0	DL1	DL2	DL3	DL4	DL5
DL1	0	13056	1280	0	0	0
DL2	0	5084	17268	2112	48	0
DL3	0	1712	4608	3584	128	0
DL4	0	144	832	1120	224	0
DL5	0	0	0	0	0	0
Tabela Comparativa das Profundidades - Porcentagens (FRAME 36)
	AV1
HEVC	DL0	DL1	DL2	DL3	DL4	DL5
DL1	0.00%	91.07%	8.93%	0.00%	0.00%	0.00%
DL2	0.00%	20.74%	70.45%	8.62%	0.20%	0.00%
DL3	0.00%	17.07%	45.93%	35.73%	1.28%	0.00%
DL4	0.00%	6.21%	35.86%	48.28%	9.66%	0.00%
DL5	-nan%	-nan%	-nan%	-nan%	-nan%	-nan%


Tabela Comparativa das Profundidades - Valores Absolutos (FRAME 37)
	AV1
HEVC	DL0	DL1	DL2	DL3	DL4	DL5
DL1	0	11264	512	0	0	0
DL2	0	3328	16064	1728	0	0
DL3	0	848	6928	5280	304	0
DL4	0	176	1968	2272	528	0
DL5	0	0	0	0	0	0
Tabela Comparativa das Profundidades - Porcentagens (FRAME 37)
	AV1
HEVC	DL0	DL1	DL2	DL3	DL4	DL5
DL1	0.00%	95.65%	4.35%	0.00%	0.00%	0.00%
DL2	0.00%	15.76%	76.06%	8.18%	0.00%	0.00%
DL3	0.00%	6.35%	51.86%	39.52%	2.28%	0.00%
DL4	0.00%	3.56%	39.81%	45.95%	10.68%	0.00%
DL5	-nan%	-nan%	-nan%	-nan%	-nan%	-nan%


Tabela Comparativa das Profundidades - Valores Absolutos (FRAME 38)
	AV1
HEVC	DL0	DL1	DL2	DL3	DL4	DL5
DL1	0	18944	3328	384	128	0
DL2	0	4127	14897	1120	16	0
DL3	0	1008	3952	1824	128	0
DL4	0	16	432	736	160	0
DL5	0	0	0	0	0	0
Tabela Comparativa das Profundidades - Porcentagens (FRAME 38)
	AV1
HEVC	DL0	DL1	DL2	DL3	DL4	DL5
DL1	0.00%	83.15%	14.61%	1.69%	0.56%	0.00%
DL2	0.00%	20.47%	73.89%	5.56%	0.08%	0.00%
DL3	0.00%	14.58%	57.18%	26.39%	1.85%	0.00%
DL4	0.00%	1.19%	32.14%	54.76%	11.90%	0.00%
DL5	-nan%	-nan%	-nan%	-nan%	-nan%	-nan%


Tabela Comparativa das Profundidades - Valores Absolutos (FRAME 39)
	AV1
HEVC	DL0	DL1	DL2	DL3	DL4	DL5
DL1	0	19200	448	64	0	0
DL2	0	8704	9984	1360	48	0
DL3	0	2304	4128	2784	64	0
DL4	0	64	960	832	256	0
DL5	0	0	0	0	0	0
Tabela Comparativa das Profundidades - Porcentagens (FRAME 39)
	AV1
HEVC	DL0	DL1	DL2	DL3	DL4	DL5
DL1	0.00%	97.40%	2.27%	0.32%	0.00%	0.00%
DL2	0.00%	43.31%	49.68%	6.77%	0.24%	0.00%
DL3	0.00%	24.83%	44.48%	30.00%	0.69%	0.00%
DL4	0.00%	3.03%	45.45%	39.39%	12.12%	0.00%
DL5	-nan%	-nan%	-nan%	-nan%	-nan%	-nan%


Tabela Comparativa das Profundidades - Valores Absolutos (FRAME 40)
	AV1
HEVC	DL0	DL1	DL2	DL3	DL4	DL5
DL1	256	5632	1392	144	0	0
DL2	768	8323	15098	787	176	0
DL3	0	1968	6496	5104	576	0
DL4	0	208	1072	2240	960	0
DL5	0	0	0	0	0	0
Tabela Comparativa das Profundidades - Porcentagens (FRAME 40)
	AV1
HEVC	DL0	DL1	DL2	DL3	DL4	DL5
DL1	3.45%	75.86%	18.75%	1.94%	0.00%	0.00%
DL2	3.05%	33.09%	60.03%	3.13%	0.70%	0.00%
DL3	0.00%	13.91%	45.93%	36.09%	4.07%	0.00%
DL4	0.00%	4.64%	23.93%	50.00%	21.43%	0.00%
DL5	-nan%	-nan%	-nan%	-nan%	-nan%	-nan%


Tabela Comparativa das Profundidades - Valores Absolutos (FRAME 41)
	AV1
HEVC	DL0	DL1	DL2	DL3	DL4	DL5
DL1	0	3072	512	0	0	0
DL2	0	5443	8858	1571	64	0
DL3	0	1136	6192	6192	1552	0
DL4	0	336	3696	7680	4896	0
DL5	0	0	0	0	0	0
Tabela Comparativa das Profundidades - Porcentagens (FRAME 41)
	AV1
HEVC	DL0	DL1	DL2	DL3	DL4	DL5
DL1	0.00%	85.71%	14.29%	0.00%	0.00%	0.00%
DL2	0.00%	34.16%	55.58%	9.86%	0.40%	0.00%
DL3	0.00%	7.54%	41.08%	41.08%	10.30%	0.00%
DL4	0.00%	2.02%	22.25%	46.24%	29.48%	0.00%
DL5	-nan%	-nan%	-nan%	-nan%	-nan%	-nan%


Tabela Comparativa das Profundidades - Valores Absolutos (FRAME 42)
	AV1
HEVC	DL0	DL1	DL2	DL3	DL4	DL5
DL1	0	2048	768	0	0	0
DL2	0	3392	14596	1948	96	0
DL3	0	960	11692	6676	640	0
DL4	0	112	2848	4016	1408	0
DL5	0	0	0	0	0	0
Tabela Comparativa das Profundidades - Porcentagens (FRAME 42)
	AV1
HEVC	DL0	DL1	DL2	DL3	DL4	DL5
DL1	0.00%	72.73%	27.27%	0.00%	0.00%	0.00%
DL2	0.00%	16.93%	72.86%	9.72%	0.48%	0.00%
DL3	0.00%	4.81%	58.55%	33.43%	3.21%	0.00%
DL4	0.00%	1.34%	33.97%	47.90%	16.79%	0.00%
DL5	-nan%	-nan%	-nan%	-nan%	-nan%	-nan%


Tabela Comparativa das Profundidades - Valores Absolutos (FRAME 43)
	AV1
HEVC	DL0	DL1	DL2	DL3	DL4	DL5
DL1	0	10240	256	0	0	0
DL2	0	2752	10048	2816	192	0
DL3	0	1760	7536	7024	1072	0
DL4	0	608	2384	3360	1152	0
DL5	0	0	0	0	0	0
Tabela Comparativa das Profundidades - Porcentagens (FRAME 43)
	AV1
HEVC	DL0	DL1	DL2	DL3	DL4	DL5
DL1	0.00%	97.56%	2.44%	0.00%	0.00%	0.00%
DL2	0.00%	17.41%	63.56%	17.81%	1.21%	0.00%
DL3	0.00%	10.12%	43.33%	40.39%	6.16%	0.00%
DL4	0.00%	8.10%	31.77%	44.78%	15.35%	0.00%
DL5	-nan%	-nan%	-nan%	-nan%	-nan%	-nan%


Tabela Comparativa das Profundidades - Valores Absolutos (FRAME 44)
	AV1
HEVC	DL0	DL1	DL2	DL3	DL4	DL5
DL1	0	11520	832	192	0	0
DL2	0	2880	14237	1363	80	0
DL3	0	1184	9440	5040	256	0
DL4	0	32	2000	1792	352	0
DL5	0	0	0	0	0	0
Tabela Comparativa das Profundidades - Porcentagens (FRAME 44)
	AV1
HEVC	DL0	DL1	DL2	DL3	DL4	DL5
DL1	0.00%	91.84%	6.63%	1.53%	0.00%	0.00%
DL2	0.00%	15.52%	76.71%	7.34%	0.43%	0.00%
DL3	0.00%	7.44%	59.30%	31.66%	1.61%	0.00%
DL4	0.00%	0.77%	47.89%	42.91%	8.43%	0.00%
DL5	-nan%	-nan%	-nan%	-nan%	-nan%	-nan%


Tabela Comparativa das Profundidades - Valores Absolutos (FRAME 45)
	AV1
HEVC	DL0	DL1	DL2	DL3	DL4	DL5
DL1	0	13568	1152	128	0	0
DL2	0	3648	18656	1152	32	0
DL3	0	944	6048	2608	304	0
DL4	0	16	1408	992	544	0
DL5	0	0	0	0	0	0
Tabela Comparativa das Profundidades - Porcentagens (FRAME 45)
	AV1
HEVC	DL0	DL1	DL2	DL3	DL4	DL5
DL1	0.00%	91.38%	7.76%	0.86%	0.00%	0.00%
DL2	0.00%	15.53%	79.43%	4.90%	0.14%	0.00%
DL3	0.00%	9.53%	61.07%	26.33%	3.07%	0.00%
DL4	0.00%	0.54%	47.57%	33.51%	18.38%	0.00%
DL5	-nan%	-nan%	-nan%	-nan%	-nan%	-nan%


Tabela Comparativa das Profundidades - Valores Absolutos (FRAME 46)
	AV1
HEVC	DL0	DL1	DL2	DL3	DL4	DL5
DL1	0	12800	1088	192	0	0
DL2	0	2752	18496	1824	32	0
DL3	0	832	6400	4368	80	0
DL4	0	0	1024	1248	64	0
DL5	0	0	0	0	0	0
Tabela Comparativa das Profundidades - Porcentagens (FRAME 46)
	AV1
HEVC	DL0	DL1	DL2	DL3	DL4	DL5
DL1	0.00%	90.91%	7.73%	1.36%	0.00%	0.00%
DL2	0.00%	11.91%	80.06%	7.89%	0.14%	0.00%
DL3	0.00%	7.12%	54.79%	37.40%	0.68%	0.00%
DL4	0.00%	0.00%	43.84%	53.42%	2.74%	0.00%
DL5	-nan%	-nan%	-nan%	-nan%	-nan%	-nan%


Tabela Comparativa das Profundidades - Valores Absolutos (FRAME 47)
	AV1
HEVC	DL0	DL1	DL2	DL3	DL4	DL5
DL1	0	6144	256	0	0	0
DL2	0	2368	23313	2331	84	0
DL3	0	704	7376	5808	112	0
DL4	0	0	888	1592	224	0
DL5	0	0	0	0	0	0
Tabela Comparativa das Profundidades - Porcentagens (FRAME 47)
	AV1
HEVC	DL0	DL1	DL2	DL3	DL4	DL5
DL1	0.00%	96.00%	4.00%	0.00%	0.00%	0.00%
DL2	0.00%	8.43%	82.98%	8.30%	0.30%	0.00%
DL3	0.00%	5.03%	52.69%	41.49%	0.80%	0.00%
DL4	0.00%	0.00%	32.84%	58.88%	8.28%	0.00%
DL5	-nan%	-nan%	-nan%	-nan%	-nan%	-nan%


Tabela Comparativa das Profundidades - Valores Absolutos (FRAME 48)
	AV1
HEVC	DL0	DL1	DL2	DL3	DL4	DL5
DL1	0	5120	256	0	0	0
DL2	0	1856	16056	2212	228	0
DL3	0	848	10368	7472	1008	0
DL4	0	112	1696	2568	1400	0
DL5	0	0	0	0	0	0
Tabela Comparativa das Profundidades - Porcentagens (FRAME 48)
	AV1
HEVC	DL0	DL1	DL2	DL3	DL4	DL5
DL1	0.00%	95.24%	4.76%	0.00%	0.00%	0.00%
DL2	0.00%	9.12%	78.89%	10.87%	1.12%	0.00%
DL3	0.00%	4.31%	52.64%	37.94%	5.12%	0.00%
DL4	0.00%	1.94%	29.36%	44.46%	24.24%	0.00%
DL5	-nan%	-nan%	-nan%	-nan%	-nan%	-nan%


Tabela Comparativa das Profundidades - Valores Absolutos (FRAME 49)
	AV1
HEVC	DL0	DL1	DL2	DL3	DL4	DL5
DL1	0	11264	1024	0	0	0
DL2	0	1984	19968	1664	0	0
DL3	0	288	7552	5088	160	0
DL4	0	32	960	1088	128	0
DL5	0	0	0	0	0	0
Tabela Comparativa das Profundidades - Porcentagens (FRAME 49)
	AV1
HEVC	DL0	DL1	DL2	DL3	DL4	DL5
DL1	0.00%	91.67%	8.33%	0.00%	0.00%	0.00%
DL2	0.00%	8.40%	84.55%	7.05%	0.00%	0.00%
DL3	0.00%	2.20%	57.70%	38.88%	1.22%	0.00%
DL4	0.00%	1.45%	43.48%	49.28%	5.80%	0.00%
DL5	-nan%	-nan%	-nan%	-nan%	-nan%	-nan%


Tabela Comparativa das Profundidades - Valores Absolutos (FRAME 50)
	AV1
HEVC	DL0	DL1	DL2	DL3	DL4	DL5
DL1	0	12032	1216	64	0	0
DL2	0	1600	24004	1404	320	0
DL3	0	704	6124	1940	208	0
DL4	0	0	656	656	272	0
DL5	0	0	0	0	0	0
Tabela Comparativa das Profundidades - Porcentagens (FRAME 50)
	AV1
HEVC	DL0	DL1	DL2	DL3	DL4	DL5
DL1	0.00%	90.38%	9.13%	0.48%	0.00%	0.00%
DL2	0.00%	5.85%	87.84%	5.14%	1.17%	0.00%
DL3	0.00%	7.84%	68.23%	21.61%	2.32%	0.00%
DL4	0.00%	0.00%	41.41%	41.41%	17.17%	0.00%
DL5	-nan%	-nan%	-nan%	-nan%	-nan%	-nan%


Tabela Comparativa das Profundidades - Valores Absolutos (FRAME 51)
	AV1
HEVC	DL0	DL1	DL2	DL3	DL4	DL5
DL1	0	12032	1216	64	0	0
DL2	0	4038	18484	1782	208	0
DL3	0	1056	5792	3840	240	0
DL4	0	32	1024	1088	304	0
DL5	0	0	0	0	0	0
Tabela Comparativa das Profundidades - Porcentagens (FRAME 51)
	AV1
HEVC	DL0	DL1	DL2	DL3	DL4	DL5
DL1	0.00%	90.38%	9.13%	0.48%	0.00%	0.00%
DL2	0.00%	16.47%	75.41%	7.27%	0.85%	0.00%
DL3	0.00%	9.66%	53.00%	35.14%	2.20%	0.00%
DL4	0.00%	1.31%	41.83%	44.44%	12.42%	0.00%
DL5	-nan%	-nan%	-nan%	-nan%	-nan%	-nan%


Tabela Comparativa das Profundidades - Valores Absolutos (FRAME 52)
	AV1
HEVC	DL0	DL1	DL2	DL3	DL4	DL5
DL1	0	12544	1216	64	0	0
DL2	0	2441	16823	1664	0	0
DL3	0	1376	6464	4144	160	0
DL4	0	96	1536	2192	480	0
DL5	0	0	0	0	0	0
Tabela Comparativa das Profundidades - Porcentagens (FRAME 52)
	AV1
HEVC	DL0	DL1	DL2	DL3	DL4	DL5
DL1	0.00%	90.74%	8.80%	0.46%	0.00%	0.00%
DL2	0.00%	11.66%	80.39%	7.95%	0.00%	0.00%
DL3	0.00%	11.33%	53.23%	34.12%	1.32%	0.00%
DL4	0.00%	2.23%	35.69%	50.93%	11.15%	0.00%
DL5	-nan%	-nan%	-nan%	-nan%	-nan%	-nan%


Tabela Comparativa das Profundidades - Valores Absolutos (FRAME 53)
	AV1
HEVC	DL0	DL1	DL2	DL3	DL4	DL5
DL1	0	11264	1136	144	0	0
DL2	0	2048	14368	2160	112	0
DL3	0	768	7433	6151	448	0
DL4	0	0	2128	2416	624	0
DL5	0	0	0	0	0	0
Tabela Comparativa das Profundidades - Porcentagens (FRAME 53)
	AV1
HEVC	DL0	DL1	DL2	DL3	DL4	DL5
DL1	0.00%	89.80%	9.06%	1.15%	0.00%	0.00%
DL2	0.00%	10.96%	76.88%	11.56%	0.60%	0.00%
DL3	0.00%	5.19%	50.22%	41.56%	3.03%	0.00%
DL4	0.00%	0.00%	41.18%	46.75%	12.07%	0.00%
DL5	-nan%	-nan%	-nan%	-nan%	-nan%	-nan%


Tabela Comparativa das Profundidades - Valores Absolutos (FRAME 54)
	AV1
HEVC	DL0	DL1	DL2	DL3	DL4	DL5
DL1	0	13568	1600	192	0	0
DL2	0	4992	17424	1584	128	0
DL3	0	1328	4144	3680	144	0
DL4	0	144	912	1168	192	0
DL5	0	0	0	0	0	0
Tabela Comparativa das Profundidades - Porcentagens (FRAME 54)
	AV1
HEVC	DL0	DL1	DL2	DL3	DL4	DL5
DL1	0.00%	88.33%	10.42%	1.25%	0.00%	0.00%
DL2	0.00%	20.69%	72.21%	6.56%	0.53%	0.00%
DL3	0.00%	14.29%	44.58%	39.59%	1.55%	0.00%
DL4	0.00%	5.96%	37.75%	48.34%	7.95%	0.00%
DL5	-nan%	-nan%	-nan%	-nan%	-nan%	-nan%


Tabela Comparativa das Profundidades - Valores Absolutos (FRAME 55)
	AV1
HEVC	DL0	DL1	DL2	DL3	DL4	DL5
DL1	0	17152	2048	256	0	0
DL2	0	1792	17088	1904	16	0
DL3	0	592	3632	4128	128	0
DL4	0	176	1040	1120	128	0
DL5	0	0	0	0	0	0
Tabela Comparativa das Profundidades - Porcentagens (FRAME 55)
	AV1
HEVC	DL0	DL1	DL2	DL3	DL4	DL5
DL1	0.00%	88.16%	10.53%	1.32%	0.00%	0.00%
DL2	0.00%	8.62%	82.15%	9.15%	0.08%	0.00%
DL3	0.00%	6.98%	42.83%	48.68%	1.51%	0.00%
DL4	0.00%	7.14%	42.21%	45.45%	5.19%	0.00%
DL5	-nan%	-nan%	-nan%	-nan%	-nan%	-nan%


Tabela Comparativa das Profundidades - Valores Absolutos (FRAME 56)
	AV1
HEVC	DL0	DL1	DL2	DL3	DL4	DL5
DL1	0	12544	448	64	0	0
DL2	0	2947	18717	1168	144	0
DL3	0	1968	6448	3744	192	0
DL4	0	80	1440	1072	224	0
DL5	0	0	0	0	0	0
Tabela Comparativa das Profundidades - Porcentagens (FRAME 56)
	AV1
HEVC	DL0	DL1	DL2	DL3	DL4	DL5
DL1	0.00%	96.08%	3.43%	0.49%	0.00%	0.00%
DL2	0.00%	12.83%	81.46%	5.08%	0.63%	0.00%
DL3	0.00%	15.93%	52.20%	30.31%	1.55%	0.00%
DL4	0.00%	2.84%	51.14%	38.07%	7.95%	0.00%
DL5	-nan%	-nan%	-nan%	-nan%	-nan%	-nan%


Tabela Comparativa das Profundidades - Valores Absolutos (FRAME 57)
	AV1
HEVC	DL0	DL1	DL2	DL3	DL4	DL5
DL1	256	18176	912	96	16	0
DL2	512	4672	15200	656	16	0
DL3	256	1360	3844	2204	208	0
DL4	0	112	1248	1200	256	0
DL5	0	0	0	0	0	0
Tabela Comparativa das Profundidades - Porcentagens (FRAME 57)
	AV1
HEVC	DL0	DL1	DL2	DL3	DL4	DL5
DL1	1.32%	93.42%	4.69%	0.49%	0.08%	0.00%
DL2	2.43%	22.19%	72.19%	3.12%	0.08%	0.00%
DL3	3.25%	17.28%	48.83%	28.00%	2.64%	0.00%
DL4	0.00%	3.98%	44.32%	42.61%	9.09%	0.00%
DL5	-nan%	-nan%	-nan%	-nan%	-nan%	-nan%


Tabela Comparativa das Profundidades - Valores Absolutos (FRAME 58)
	AV1
HEVC	DL0	DL1	DL2	DL3	DL4	DL5
DL1	0	16640	1856	192	0	0
DL2	0	4003	18013	944	16	0
DL3	0	1344	3856	2640	16	0
DL4	0	64	752	800	64	0
DL5	0	0	0	0	0	0
Tabela Comparativa das Profundidades - Porcentagens (FRAME 58)
	AV1
HEVC	DL0	DL1	DL2	DL3	DL4	DL5
DL1	0.00%	89.04%	9.93%	1.03%	0.00%	0.00%
DL2	0.00%	17.42%	78.40%	4.11%	0.07%	0.00%
DL3	0.00%	17.11%	49.08%	33.60%	0.20%	0.00%
DL4	0.00%	3.81%	44.76%	47.62%	3.81%	0.00%
DL5	-nan%	-nan%	-nan%	-nan%	-nan%	-nan%


Tabela Comparativa das Profundidades - Valores Absolutos (FRAME 59)
	AV1
HEVC	DL0	DL1	DL2	DL3	DL4	DL5
DL1	0	8512	1672	20	36	0
DL2	0	7800	14252	1768	116	0
DL3	0	4384	4408	4232	240	0
DL4	0	352	1312	1792	304	0
DL5	0	0	0	0	0	0
Tabela Comparativa das Profundidades - Porcentagens (FRAME 59)
	AV1
HEVC	DL0	DL1	DL2	DL3	DL4	DL5
DL1	0.00%	83.13%	16.33%	0.20%	0.35%	0.00%
DL2	0.00%	32.59%	59.54%	7.39%	0.48%	0.00%
DL3	0.00%	33.05%	33.23%	31.91%	1.81%	0.00%
DL4	0.00%	9.36%	34.89%	47.66%	8.09%	0.00%
DL5	-nan%	-nan%	-nan%	-nan%	-nan%	-nan%


Tabela Comparativa das Profundidades - Valores Absolutos (FRAME 60)
	AV1
HEVC	DL0	DL1	DL2	DL3	DL4	DL5
DL1	0	768	0	0	0	0
DL2	0	2528	5152	1056	288	0
DL3	0	1616	5520	4704	976	0
DL4	0	752	9904	11908	6028	0
DL5	0	0	0	0	0	0
Tabela Comparativa das Profundidades - Porcentagens (FRAME 60)
	AV1
HEVC	DL0	DL1	DL2	DL3	DL4	DL5
DL1	0.00%	100.00%	0.00%	0.00%	0.00%	0.00%
DL2	0.00%	28.01%	57.09%	11.70%	3.19%	0.00%
DL3	0.00%	12.61%	43.07%	36.70%	7.62%	0.00%
DL4	0.00%	2.63%	34.64%	41.65%	21.08%	0.00%
DL5	-nan%	-nan%	-nan%	-nan%	-nan%	-nan%


Tabela Comparativa das Profundidades - Valores Absolutos (FRAME 61)
	AV1
HEVC	DL0	DL1	DL2	DL3	DL4	DL5
DL1	0	5888	448	64	0	0
DL2	0	3968	9408	1952	160	0
DL3	0	1296	9616	9648	416	0
DL4	0	112	2352	4464	1408	0
DL5	0	0	0	0	0	0
Tabela Comparativa das Profundidades - Porcentagens (FRAME 61)
	AV1
HEVC	DL0	DL1	DL2	DL3	DL4	DL5
DL1	0.00%	92.00%	7.00%	1.00%	0.00%	0.00%
DL2	0.00%	25.62%	60.74%	12.60%	1.03%	0.00%
DL3	0.00%	6.18%	45.84%	46.00%	1.98%	0.00%
DL4	0.00%	1.34%	28.21%	53.55%	16.89%	0.00%
DL5	-nan%	-nan%	-nan%	-nan%	-nan%	-nan%


Tabela Comparativa das Profundidades - Valores Absolutos (FRAME 62)
	AV1
HEVC	DL0	DL1	DL2	DL3	DL4	DL5
DL1	0	12544	2048	0	0	0
DL2	0	3846	19118	1212	272	0
DL3	0	792	5105	3347	324	0
DL4	0	64	928	1200	400	0
DL5	0	0	0	0	0	0
Tabela Comparativa das Profundidades - Porcentagens (FRAME 62)
	AV1
HEVC	DL0	DL1	DL2	DL3	DL4	DL5
DL1	0.00%	85.96%	14.04%	0.00%	0.00%	0.00%
DL2	0.00%	15.73%	78.20%	4.96%	1.11%	0.00%
DL3	0.00%	8.28%	53.35%	34.98%	3.39%	0.00%
DL4	0.00%	2.47%	35.80%	46.30%	15.43%	0.00%
DL5	-nan%	-nan%	-nan%	-nan%	-nan%	-nan%


Tabela Comparativa das Profundidades - Valores Absolutos (FRAME 63)
	AV1
HEVC	DL0	DL1	DL2	DL3	DL4	DL5
DL1	0	14080	1024	0	0	0
DL2	0	4041	15111	1648	128	0
DL3	0	928	7064	2484	388	0
DL4	0	32	1808	1936	528	0
DL5	0	0	0	0	0	0
Tabela Comparativa das Profundidades - Porcentagens (FRAME 63)
	AV1
HEVC	DL0	DL1	DL2	DL3	DL4	DL5
DL1	0.00%	93.22%	6.78%	0.00%	0.00%	0.00%
DL2	0.00%	19.31%	72.20%	7.87%	0.61%	0.00%
DL3	0.00%	8.54%	65.02%	22.86%	3.57%	0.00%
DL4	0.00%	0.74%	42.01%	44.98%	12.27%	0.00%
DL5	-nan%	-nan%	-nan%	-nan%	-nan%	-nan%


Tabela Comparativa das Profundidades - Valores Absolutos (FRAME 64)
	AV1
HEVC	DL0	DL1	DL2	DL3	DL4	DL5
DL1	0	14848	1152	112	16	0
DL2	0	2953	16727	1216	32	0
DL3	0	576	6304	3808	176	0
DL4	0	64	1248	1600	368	0
DL5	0	0	0	0	0	0
Tabela Comparativa das Profundidades - Porcentagens (FRAME 64)
	AV1
HEVC	DL0	DL1	DL2	DL3	DL4	DL5
DL1	0.00%	92.06%	7.14%	0.69%	0.10%	0.00%
DL2	0.00%	14.11%	79.93%	5.81%	0.15%	0.00%
DL3	0.00%	5.30%	58.03%	35.05%	1.62%	0.00%
DL4	0.00%	1.95%	38.05%	48.78%	11.22%	0.00%
DL5	-nan%	-nan%	-nan%	-nan%	-nan%	-nan%


Tabela Comparativa das Profundidades - Valores Absolutos (FRAME 65)
	AV1
HEVC	DL0	DL1	DL2	DL3	DL4	DL5
DL1	0	13312	1456	80	0	0
DL2	0	5094	16654	1196	160	0
DL3	0	2096	5400	2496	136	0
DL4	0	16	1412	1452	240	0
DL5	0	0	0	0	0	0
Tabela Comparativa das Profundidades - Porcentagens (FRAME 65)
	AV1
HEVC	DL0	DL1	DL2	DL3	DL4	DL5
DL1	0.00%	89.66%	9.81%	0.54%	0.00%	0.00%
DL2	0.00%	22.05%	72.08%	5.18%	0.69%	0.00%
DL3	0.00%	20.70%	53.32%	24.64%	1.34%	0.00%
DL4	0.00%	0.51%	45.26%	46.54%	7.69%	0.00%
DL5	-nan%	-nan%	-nan%	-nan%	-nan%	-nan%


Tabela Comparativa das Profundidades - Valores Absolutos (FRAME 66)
	AV1
HEVC	DL0	DL1	DL2	DL3	DL4	DL5
DL1	0	12800	2272	288	0	0
DL2	0	5056	16176	1408	80	0
DL3	0	1824	5680	3264	208	0
DL4	0	32	1040	800	272	0
DL5	0	0	0	0	0	0
Tabela Comparativa das Profundidades - Porcentagens (FRAME 66)
	AV1
HEVC	DL0	DL1	DL2	DL3	DL4	DL5
DL1	0.00%	83.33%	14.79%	1.88%	0.00%	0.00%
DL2	0.00%	22.25%	71.20%	6.20%	0.35%	0.00%
DL3	0.00%	16.62%	51.75%	29.74%	1.90%	0.00%
DL4	0.00%	1.49%	48.51%	37.31%	12.69%	0.00%
DL5	-nan%	-nan%	-nan%	-nan%	-nan%	-nan%


Tabela Comparativa das Profundidades - Valores Absolutos (FRAME 67)
	AV1
HEVC	DL0	DL1	DL2	DL3	DL4	DL5
DL1	0	11008	512	0	0	0
DL2	0	1984	13440	2368	128	0
DL3	0	720	6896	7424	960	0
DL4	0	112	1744	2704	1200	0
DL5	0	0	0	0	0	0
Tabela Comparativa das Profundidades - Porcentagens (FRAME 67)
	AV1
HEVC	DL0	DL1	DL2	DL3	DL4	DL5
DL1	0.00%	95.56%	4.44%	0.00%	0.00%	0.00%
DL2	0.00%	11.07%	75.00%	13.21%	0.71%	0.00%
DL3	0.00%	4.50%	43.10%	46.40%	6.00%	0.00%
DL4	0.00%	1.94%	30.28%	46.94%	20.83%	0.00%
DL5	-nan%	-nan%	-nan%	-nan%	-nan%	-nan%


Tabela Comparativa das Profundidades - Valores Absolutos (FRAME 68)
	AV1
HEVC	DL0	DL1	DL2	DL3	DL4	DL5
DL1	0	15104	1792	0	0	0
DL2	0	6918	17063	1327	100	0
DL3	0	976	3608	2600	192	0
DL4	0	48	504	808	160	0
DL5	0	0	0	0	0	0
Tabela Comparativa das Profundidades - Porcentagens (FRAME 68)
	AV1
HEVC	DL0	DL1	DL2	DL3	DL4	DL5
DL1	0.00%	89.39%	10.61%	0.00%	0.00%	0.00%
DL2	0.00%	27.23%	67.16%	5.22%	0.39%	0.00%
DL3	0.00%	13.23%	48.92%	35.25%	2.60%	0.00%
DL4	0.00%	3.16%	33.16%	53.16%	10.53%	0.00%
DL5	-nan%	-nan%	-nan%	-nan%	-nan%	-nan%


Tabela Comparativa das Profundidades - Valores Absolutos (FRAME 69)
	AV1
HEVC	DL0	DL1	DL2	DL3	DL4	DL5
DL1	0	17152	1216	64	0	0
DL2	992	6304	13088	1536	32	0
DL3	448	2000	3344	3376	0	0
DL4	0	48	592	912	96	0
DL5	0	0	0	0	0	0
Tabela Comparativa das Profundidades - Porcentagens (FRAME 69)
	AV1
HEVC	DL0	DL1	DL2	DL3	DL4	DL5
DL1	0.00%	93.06%	6.60%	0.35%	0.00%	0.00%
DL2	4.52%	28.72%	59.62%	7.00%	0.15%	0.00%
DL3	4.89%	21.82%	36.47%	36.82%	0.00%	0.00%
DL4	0.00%	2.91%	35.92%	55.34%	5.83%	0.00%
DL5	-nan%	-nan%	-nan%	-nan%	-nan%	-nan%


Tabela Comparativa das Profundidades - Valores Absolutos (FRAME 70)
	AV1
HEVC	DL0	DL1	DL2	DL3	DL4	DL5
DL1	0	16640	2304	0	0	0
DL2	0	6211	14845	896	128	0
DL3	0	1616	3648	2672	32	0
DL4	0	112	640	1184	272	0
DL5	0	0	0	0	0	0
Tabela Comparativa das Profundidades - Porcentagens (FRAME 70)
	AV1
HEVC	DL0	DL1	DL2	DL3	DL4	DL5
DL1	0.00%	87.84%	12.16%	0.00%	0.00%	0.00%
DL2	0.00%	28.13%	67.23%	4.06%	0.58%	0.00%
DL3	0.00%	20.28%	45.78%	33.53%	0.40%	0.00%
DL4	0.00%	5.07%	28.99%	53.62%	12.32%	0.00%
DL5	-nan%	-nan%	-nan%	-nan%	-nan%	-nan%


Tabela Comparativa das Profundidades - Valores Absolutos (FRAME 71)
	AV1
HEVC	DL0	DL1	DL2	DL3	DL4	DL5
DL1	0	9984	656	112	0	0
DL2	0	3968	16448	928	96	0
DL3	0	1792	6852	4684	320	0
DL4	0	128	2108	2292	832	0
DL5	0	0	0	0	0	0
Tabela Comparativa das Profundidades - Porcentagens (FRAME 71)
	AV1
HEVC	DL0	DL1	DL2	DL3	DL4	DL5
DL1	0.00%	92.86%	6.10%	1.04%	0.00%	0.00%
DL2	0.00%	18.51%	76.72%	4.33%	0.45%	0.00%
DL3	0.00%	13.13%	50.21%	34.32%	2.34%	0.00%
DL4	0.00%	2.39%	39.33%	42.76%	15.52%	0.00%
DL5	-nan%	-nan%	-nan%	-nan%	-nan%	-nan%


Tabela Comparativa das Profundidades - Valores Absolutos (FRAME 72)
	AV1
HEVC	DL0	DL1	DL2	DL3	DL4	DL5
DL1	0	5376	512	0	0	0
DL2	0	2048	19508	1276	16	0
DL3	0	704	8704	7168	624	0
DL4	0	64	1888	2496	816	0
DL5	0	0	0	0	0	0
Tabela Comparativa das Profundidades - Porcentagens (FRAME 72)
	AV1
HEVC	DL0	DL1	DL2	DL3	DL4	DL5
DL1	0.00%	91.30%	8.70%	0.00%	0.00%	0.00%
DL2	0.00%	8.96%	85.38%	5.58%	0.07%	0.00%
DL3	0.00%	4.09%	50.60%	41.67%	3.63%	0.00%
DL4	0.00%	1.22%	35.87%	47.42%	15.50%	0.00%
DL5	-nan%	-nan%	-nan%	-nan%	-nan%	-nan%


Tabela Comparativa das Profundidades - Valores Absolutos (FRAME 73)
	AV1
HEVC	DL0	DL1	DL2	DL3	DL4	DL5
DL1	0	14848	1536	0	0	0
DL2	0	3904	16448	1632	288	0
DL3	0	832	4032	3792	496	0
DL4	0	128	1024	1728	512	0
DL5	0	0	0	0	0	0
Tabela Comparativa das Profundidades - Porcentagens (FRAME 73)
	AV1
HEVC	DL0	DL1	DL2	DL3	DL4	DL5
DL1	0.00%	90.62%	9.38%	0.00%	0.00%	0.00%
DL2	0.00%	17.53%	73.85%	7.33%	1.29%	0.00%
DL3	0.00%	9.09%	44.06%	41.43%	5.42%	0.00%
DL4	0.00%	3.77%	30.19%	50.94%	15.09%	0.00%
DL5	-nan%	-nan%	-nan%	-nan%	-nan%	-nan%


Tabela Comparativa das Profundidades - Valores Absolutos (FRAME 74)
	AV1
HEVC	DL0	DL1	DL2	DL3	DL4	DL5
DL1	0	24320	2432	128	0	0
DL2	0	4992	11328	320	0	0
DL3	0	2064	2320	1808	0	0
DL4	0	48	752	528	160	0
DL5	0	0	0	0	0	0
Tabela Comparativa das Profundidades - Porcentagens (FRAME 74)
	AV1
HEVC	DL0	DL1	DL2	DL3	DL4	DL5
DL1	0.00%	90.48%	9.05%	0.48%	0.00%	0.00%
DL2	0.00%	30.00%	68.08%	1.92%	0.00%	0.00%
DL3	0.00%	33.33%	37.47%	29.20%	0.00%	0.00%
DL4	0.00%	3.23%	50.54%	35.48%	10.75%	0.00%
DL5	-nan%	-nan%	-nan%	-nan%	-nan%	-nan%


Tabela Comparativa das Profundidades - Valores Absolutos (FRAME 75)
	AV1
HEVC	DL0	DL1	DL2	DL3	DL4	DL5
DL1	0	14080	1408	128	0	0
DL2	0	5728	12064	1856	0	0
DL3	0	1968	5120	5440	336	0
DL4	0	144	1344	1280	304	0
DL5	0	0	0	0	0	0
Tabela Comparativa das Profundidades - Porcentagens (FRAME 75)
	AV1
HEVC	DL0	DL1	DL2	DL3	DL4	DL5
DL1	0.00%	90.16%	9.02%	0.82%	0.00%	0.00%
DL2	0.00%	29.15%	61.40%	9.45%	0.00%	0.00%
DL3	0.00%	15.30%	39.80%	42.29%	2.61%	0.00%
DL4	0.00%	4.69%	43.75%	41.67%	9.90%	0.00%
DL5	-nan%	-nan%	-nan%	-nan%	-nan%	-nan%


Tabela Comparativa das Profundidades - Valores Absolutos (FRAME 76)
	AV1
HEVC	DL0	DL1	DL2	DL3	DL4	DL5
DL1	512	11008	1536	0	0	0
DL2	448	1280	21796	1100	16	0
DL3	64	448	6992	3008	96	0
DL4	0	64	1040	1408	384	0
DL5	0	0	0	0	0	0
Tabela Comparativa das Profundidades - Porcentagens (FRAME 76)
	AV1
HEVC	DL0	DL1	DL2	DL3	DL4	DL5
DL1	3.92%	84.31%	11.76%	0.00%	0.00%	0.00%
