Tabela Comparativa das Profundidades - Valores Absolutos (FRAME  1)
	AV1
HEVC	DL0	DL1	DL2	DL3	DL4	DL5
DL1	0	9472	4608	576	192	0
DL2	0	4288	15872	4144	1744	0
DL3	0	720	2384	13360	9888	0
DL4	0	368	2352	15952	36960	0
DL5	0	0	0	0	0	0
Tabela Comparativa das Profundidades - Porcentagens (FRAME  1)
	AV1
HEVC	DL0	DL1	DL2	DL3	DL4	DL5
DL1	0.00%	63.79%	31.03%	3.88%	1.29%	0.00%
DL2	0.00%	16.46%	60.93%	15.91%	6.70%	0.00%
DL3	0.00%	2.73%	9.05%	50.70%	37.52%	0.00%
DL4	0.00%	0.66%	4.23%	28.67%	66.44%	0.00%
DL5	-nan%	-nan%	-nan%	-nan%	-nan%	-nan%


Tabela Comparativa das Profundidades - Valores Absolutos (FRAME  2)
	AV1
HEVC	DL0	DL1	DL2	DL3	DL4	DL5
DL1	0	4714	2006	192	0	0
DL2	0	3336	29116	11016	1076	0
DL3	0	1474	19214	26936	3080	0
DL4	0	1056	6000	9976	3688	0
DL5	0	0	0	0	0	0
Tabela Comparativa das Profundidades - Porcentagens (FRAME  2)
	AV1
HEVC	DL0	DL1	DL2	DL3	DL4	DL5
DL1	0.00%	68.20%	29.02%	2.78%	0.00%	0.00%
DL2	0.00%	7.49%	65.36%	24.73%	2.42%	0.00%
DL3	0.00%	2.91%	37.89%	53.12%	6.07%	0.00%
DL4	0.00%	5.10%	28.96%	48.15%	17.80%	0.00%
DL5	-nan%	-nan%	-nan%	-nan%	-nan%	-nan%


Tabela Comparativa das Profundidades - Valores Absolutos (FRAME  3)
	AV1
HEVC	DL0	DL1	DL2	DL3	DL4	DL5
DL1	0	15176	4152	608	32	0
DL2	0	11012	39532	6928	320	0
DL3	0	3726	15412	15102	784	0
DL4	0	1256	4208	3816	816	0
DL5	0	0	0	0	0	0
Tabela Comparativa das Profundidades - Porcentagens (FRAME  3)
	AV1
HEVC	DL0	DL1	DL2	DL3	DL4	DL5
DL1	0.00%	76.00%	20.79%	3.04%	0.16%	0.00%
DL2	0.00%	19.05%	68.40%	11.99%	0.55%	0.00%
DL3	0.00%	10.64%	44.00%	43.12%	2.24%	0.00%
DL4	0.00%	12.44%	41.68%	37.80%	8.08%	0.00%
DL5	-nan%	-nan%	-nan%	-nan%	-nan%	-nan%


Tabela Comparativa das Profundidades - Valores Absolutos (FRAME  4)
	AV1
HEVC	DL0	DL1	DL2	DL3	DL4	DL5
DL1	0	54682	6502	0	0	0
DL2	0	14446	25626	1392	72	0
DL3	0	2008	7752	3344	240	0
DL4	0	552	3768	1568	928	0
DL5	0	0	0	0	0	0
Tabela Comparativa das Profundidades - Porcentagens (FRAME  4)
	AV1
HEVC	DL0	DL1	DL2	DL3	DL4	DL5
DL1	0.00%	89.37%	10.63%	0.00%	0.00%	0.00%
DL2	0.00%	34.78%	61.70%	3.35%	0.17%	0.00%
DL3	0.00%	15.05%	58.09%	25.06%	1.80%	0.00%
DL4	0.00%	8.10%	55.28%	23.00%	13.62%	0.00%
DL5	-nan%	-nan%	-nan%	-nan%	-nan%	-nan%


Tabela Comparativa das Profundidades - Valores Absolutos (FRAME  5)
	AV1
HEVC	DL0	DL1	DL2	DL3	DL4	DL5
DL1	0	64792	5000	96	0	0
DL2	0	12336	17488	1664	128	0
DL3	0	2784	6784	4480	496	0
DL4	0	864	2944	2128	896	0
DL5	0	0	0	0	0	0
Tabela Comparativa das Profundidades - Porcentagens (FRAME  5)
	AV1
HEVC	DL0	DL1	DL2	DL3	DL4	DL5
DL1	0.00%	92.71%	7.15%	0.14%	0.00%	0.00%
DL2	0.00%	39.02%	55.31%	5.26%	0.40%	0.00%
DL3	0.00%	19.14%	46.64%	30.80%	3.41%	0.00%
DL4	0.00%	12.65%	43.09%	31.15%	13.11%	0.00%
DL5	-nan%	-nan%	-nan%	-nan%	-nan%	-nan%


Tabela Comparativa das Profundidades - Valores Absolutos (FRAME  6)
	AV1
HEVC	DL0	DL1	DL2	DL3	DL4	DL5
DL1	512	64040	4824	0	0	0
DL2	128	9768	19256	1360	16	0
DL3	224	3752	9064	3856	80	0
DL4	160	896	2736	1584	624	0
DL5	0	0	0	0	0	0
Tabela Comparativa das Profundidades - Porcentagens (FRAME  6)
	AV1
HEVC	DL0	DL1	DL2	DL3	DL4	DL5
DL1	0.74%	92.31%	6.95%	0.00%	0.00%	0.00%
DL2	0.42%	32.00%	63.08%	4.45%	0.05%	0.00%
DL3	1.32%	22.10%	53.39%	22.71%	0.47%	0.00%
DL4	2.67%	14.93%	45.60%	26.40%	10.40%	0.00%
DL5	-nan%	-nan%	-nan%	-nan%	-nan%	-nan%


Tabela Comparativa das Profundidades - Valores Absolutos (FRAME  7)
	AV1
HEVC	DL0	DL1	DL2	DL3	DL4	DL5
DL1	0	111872	512	0	0	0
DL2	0	2720	3936	0	0	0
DL3	0	1416	504	0	0	0
DL4	0	1440	480	0	0	0
DL5	0	0	0	0	0	0
Tabela Comparativa das Profundidades - Porcentagens (FRAME  7)
	AV1
HEVC	DL0	DL1	DL2	DL3	DL4	DL5
DL1	0.00%	99.54%	0.46%	0.00%	0.00%	0.00%
DL2	0.00%	40.87%	59.13%	0.00%	0.00%	0.00%
DL3	0.00%	73.75%	26.25%	0.00%	0.00%	0.00%
DL4	0.00%	75.00%	25.00%	0.00%	0.00%	0.00%
DL5	-nan%	-nan%	-nan%	-nan%	-nan%	-nan%


Tabela Comparativa das Profundidades - Valores Absolutos (FRAME  8)
	AV1
HEVC	DL0	DL1	DL2	DL3	DL4	DL5
DL1	0	77568	1984	64	0	0
DL2	0	11456	15936	1264	16	0
DL3	0	2664	3848	3424	192	0
DL4	0	1396	1444	1152	472	0
DL5	0	0	0	0	0	0
Tabela Comparativa das Profundidades - Porcentagens (FRAME  8)
	AV1
HEVC	DL0	DL1	DL2	DL3	DL4	DL5
DL1	0.00%	97.43%	2.49%	0.08%	0.00%	0.00%
DL2	0.00%	39.96%	55.58%	4.41%	0.06%	0.00%
DL3	0.00%	26.30%	37.99%	33.81%	1.90%	0.00%
DL4	0.00%	31.27%	32.35%	25.81%	10.57%	0.00%
DL5	-nan%	-nan%	-nan%	-nan%	-nan%	-nan%


Tabela Comparativa das Profundidades - Valores Absolutos (FRAME  9)
	AV1
HEVC	DL0	DL1	DL2	DL3	DL4	DL5
DL1	1024	70106	4070	48	16	0
DL2	0	9326	15482	1456	104	0
DL3	0	3320	6472	4168	376	0
DL4	0	1488	3096	1640	688	0
DL5	0	0	0	0	0	0
Tabela Comparativa das Profundidades - Porcentagens (FRAME  9)
	AV1
HEVC	DL0	DL1	DL2	DL3	DL4	DL5
DL1	1.36%	93.15%	5.41%	0.06%	0.02%	0.00%
DL2	0.00%	35.37%	58.72%	5.52%	0.39%	0.00%
DL3	0.00%	23.16%	45.15%	29.07%	2.62%	0.00%
DL4	0.00%	21.53%	44.79%	23.73%	9.95%	0.00%
DL5	-nan%	-nan%	-nan%	-nan%	-nan%	-nan%


Tabela Comparativa das Profundidades - Valores Absolutos (FRAME 10)
	AV1
HEVC	DL0	DL1	DL2	DL3	DL4	DL5
DL1	0	90112	2816	432	80	0
DL2	0	7296	11904	976	48	0
DL3	0	1568	2544	2304	288	0
DL4	0	352	784	800	576	0
DL5	0	0	0	0	0	0
Tabela Comparativa das Profundidades - Porcentagens (FRAME 10)
	AV1
HEVC	DL0	DL1	DL2	DL3	DL4	DL5
DL1	0.00%	96.44%	3.01%	0.46%	0.09%	0.00%
DL2	0.00%	36.08%	58.86%	4.83%	0.24%	0.00%
DL3	0.00%	23.39%	37.95%	34.37%	4.30%	0.00%
DL4	0.00%	14.01%	31.21%	31.85%	22.93%	0.00%
DL5	-nan%	-nan%	-nan%	-nan%	-nan%	-nan%


Tabela Comparativa das Profundidades - Valores Absolutos (FRAME 11)
	AV1
HEVC	DL0	DL1	DL2	DL3	DL4	DL5
DL1	0	84048	2544	400	48	0
DL2	0	6872	12840	912	112	0
DL3	0	2584	4040	3360	368	0
DL4	0	1360	1552	1056	784	0
DL5	0	0	0	0	0	0
Tabela Comparativa das Profundidades - Porcentagens (FRAME 11)
	AV1
HEVC	DL0	DL1	DL2	DL3	DL4	DL5
DL1	0.00%	96.56%	2.92%	0.46%	0.06%	0.00%
DL2	0.00%	33.14%	61.92%	4.40%	0.54%	0.00%
DL3	0.00%	24.96%	39.03%	32.46%	3.55%	0.00%
DL4	0.00%	28.62%	32.66%	22.22%	16.50%	0.00%
DL5	-nan%	-nan%	-nan%	-nan%	-nan%	-nan%


Tabela Comparativa das Profundidades - Valores Absolutos (FRAME 12)
	AV1
HEVC	DL0	DL1	DL2	DL3	DL4	DL5
DL1	0	47744	5888	128	0	0
DL2	0	16232	31768	1776	16	0
DL3	0	3152	7072	4736	160	0
DL4	0	1264	1504	1104	336	0
DL5	0	0	0	0	0	0
Tabela Comparativa das Profundidades - Porcentagens (FRAME 12)
	AV1
HEVC	DL0	DL1	DL2	DL3	DL4	DL5
DL1	0.00%	88.81%	10.95%	0.24%	0.00%	0.00%
DL2	0.00%	32.60%	63.80%	3.57%	0.03%	0.00%
DL3	0.00%	20.85%	46.77%	31.32%	1.06%	0.00%
DL4	0.00%	30.04%	35.74%	26.24%	7.98%	0.00%
DL5	-nan%	-nan%	-nan%	-nan%	-nan%	-nan%


Tabela Comparativa das Profundidades - Valores Absolutos (FRAME 13)
	AV1
HEVC	DL0	DL1	DL2	DL3	DL4	DL5
DL1	768	49552	5744	256	0	0
DL2	192	14704	30488	2000	40	0
DL3	64	3264	7376	3088	208	0
DL4	0	640	2800	1056	640	0
DL5	0	0	0	0	0	0
Tabela Comparativa das Profundidades - Porcentagens (FRAME 13)
	AV1
HEVC	DL0	DL1	DL2	DL3	DL4	DL5
DL1	1.36%	87.98%	10.20%	0.45%	0.00%	0.00%
DL2	0.40%	31.01%	64.29%	4.22%	0.08%	0.00%
DL3	0.46%	23.31%	52.69%	22.06%	1.49%	0.00%
DL4	0.00%	12.46%	54.52%	20.56%	12.46%	0.00%
DL5	-nan%	-nan%	-nan%	-nan%	-nan%	-nan%


Tabela Comparativa das Profundidades - Valores Absolutos (FRAME 14)
	AV1
HEVC	DL0	DL1	DL2	DL3	DL4	DL5
DL1	0	78288	2288	64	0	0
DL2	0	9952	11360	1408	64	0
DL3	0	2560	5536	5024	400	0
DL4	0	1368	1760	1648	1160	0
DL5	0	0	0	0	0	0
Tabela Comparativa das Profundidades - Porcentagens (FRAME 14)
	AV1
HEVC	DL0	DL1	DL2	DL3	DL4	DL5
DL1	0.00%	97.08%	2.84%	0.08%	0.00%	0.00%
DL2	0.00%	43.68%	49.86%	6.18%	0.28%	0.00%
DL3	0.00%	18.93%	40.95%	37.16%	2.96%	0.00%
DL4	0.00%	23.05%	29.65%	27.76%	19.54%	0.00%
DL5	-nan%	-nan%	-nan%	-nan%	-nan%	-nan%


Tabela Comparativa das Profundidades - Valores Absolutos (FRAME 15)
	AV1
HEVC	DL0	DL1	DL2	DL3	DL4	DL5
DL1	0	82432	2368	704	0	0
DL2	0	8430	13346	1408	48	0
DL3	0	2520	3304	3920	144	0
DL4	0	1404	1348	832	672	0
DL5	0	0	0	0	0	0
Tabela Comparativa das Profundidades - Porcentagens (FRAME 15)
	AV1
HEVC	DL0	DL1	DL2	DL3	DL4	DL5
DL1	0.00%	96.41%	2.77%	0.82%	0.00%	0.00%
DL2	0.00%	36.29%	57.45%	6.06%	0.21%	0.00%
DL3	0.00%	25.49%	33.41%	39.64%	1.46%	0.00%
DL4	0.00%	32.99%	31.67%	19.55%	15.79%	0.00%
DL5	-nan%	-nan%	-nan%	-nan%	-nan%	-nan%


Tabela Comparativa das Profundidades - Valores Absolutos (FRAME 16)
	AV1
HEVC	DL0	DL1	DL2	DL3	DL4	DL5
DL1	768	71616	2816	816	16	0
DL2	256	9964	20716	1136	120	0
DL3	128	2352	4176	2576	272	0
DL4	128	1336	1616	1296	776	0
DL5	0	0	0	0	0	0
Tabela Comparativa das Profundidades - Porcentagens (FRAME 16)
	AV1
HEVC	DL0	DL1	DL2	DL3	DL4	DL5
DL1	1.01%	94.19%	3.70%	1.07%	0.02%	0.00%
DL2	0.80%	30.95%	64.35%	3.53%	0.37%	0.00%
DL3	1.35%	24.75%	43.94%	27.10%	2.86%	0.00%
DL4	2.48%	25.93%	31.37%	25.16%	15.06%	0.00%
DL5	-nan%	-nan%	-nan%	-nan%	-nan%	-nan%


Tabela Comparativa das Profundidades - Valores Absolutos (FRAME 17)
	AV1
HEVC	DL0	DL1	DL2	DL3	DL4	DL5
DL1	0	62916	2748	368	16	0
DL2	0	15270	20522	1376	80	0
DL3	0	3144	5368	5264	272	0
DL4	0	1264	2128	1376	768	0
DL5	0	0	0	0	0	0
Tabela Comparativa das Profundidades - Porcentagens (FRAME 17)
	AV1
HEVC	DL0	DL1	DL2	DL3	DL4	DL5
DL1	0.00%	95.26%	4.16%	0.56%	0.02%	0.00%
DL2	0.00%	41.00%	55.10%	3.69%	0.21%	0.00%
DL3	0.00%	22.38%	38.21%	37.47%	1.94%	0.00%
DL4	0.00%	22.83%	38.44%	24.86%	13.87%	0.00%
DL5	-nan%	-nan%	-nan%	-nan%	-nan%	-nan%


Tabela Comparativa das Profundidades - Valores Absolutos (FRAME 18)
	AV1
HEVC	DL0	DL1	DL2	DL3	DL4	DL5
DL1	0	77568	2944	368	16	0
DL2	0	10520	14504	1568	32	0
DL3	0	2896	4320	3424	320	0
DL4	0	1456	1568	592	784	0
DL5	0	0	0	0	0	0
Tabela Comparativa das Profundidades - Porcentagens (FRAME 18)
	AV1
HEVC	DL0	DL1	DL2	DL3	DL4	DL5
DL1	0.00%	95.89%	3.64%	0.45%	0.02%	0.00%
DL2	0.00%	39.51%	54.48%	5.89%	0.12%	0.00%
DL3	0.00%	26.42%	39.42%	31.24%	2.92%	0.00%
DL4	0.00%	33.09%	35.64%	13.45%	17.82%	0.00%
DL5	-nan%	-nan%	-nan%	-nan%	-nan%	-nan%


Tabela Comparativa das Profundidades - Valores Absolutos (FRAME 19)
	AV1
HEVC	DL0	DL1	DL2	DL3	DL4	DL5
DL1	0	84736	3776	720	112	0
DL2	0	5376	14976	1264	80	0
DL3	0	992	3200	3856	336	0
DL4	0	288	896	1472	800	0
DL5	0	0	0	0	0	0
Tabela Comparativa das Profundidades - Porcentagens (FRAME 19)
	AV1
HEVC	DL0	DL1	DL2	DL3	DL4	DL5
DL1	0.00%	94.84%	4.23%	0.81%	0.13%	0.00%
DL2	0.00%	24.78%	69.03%	5.83%	0.37%	0.00%
DL3	0.00%	11.83%	38.17%	45.99%	4.01%	0.00%
DL4	0.00%	8.33%	25.93%	42.59%	23.15%	0.00%
DL5	-nan%	-nan%	-nan%	-nan%	-nan%	-nan%


Tabela Comparativa das Profundidades - Valores Absolutos (FRAME 20)
	AV1
HEVC	DL0	DL1	DL2	DL3	DL4	DL5
DL1	0	13648	1904	0	64	0
DL2	64	8618	15790	2176	616	0
DL3	656	6888	8680	9168	2000	0
DL4	2352	9200	15048	15152	10856	0
DL5	0	0	0	0	0	0
Tabela Comparativa das Profundidades - Porcentagens (FRAME 20)
	AV1
HEVC	DL0	DL1	DL2	DL3	DL4	DL5
DL1	0.00%	87.40%	12.19%	0.00%	0.41%	0.00%
DL2	0.23%	31.61%	57.92%	7.98%	2.26%	0.00%
DL3	2.39%	25.15%	31.69%	33.47%	7.30%	0.00%
DL4	4.47%	17.49%	28.60%	28.80%	20.64%	0.00%
DL5	-nan%	-nan%	-nan%	-nan%	-nan%	-nan%


Tabela Comparativa das Profundidades - Valores Absolutos (FRAME 21)
	AV1
HEVC	DL0	DL1	DL2	DL3	DL4	DL5
DL1	0	15624	5688	640	64	0
DL2	0	9696	48480	2944	128	0
DL3	0	2504	19216	9928	432	0
DL4	0	1016	4016	1984	520	0
DL5	0	0	0	0	0	0
Tabela Comparativa das Profundidades - Porcentagens (FRAME 21)
	AV1
HEVC	DL0	DL1	DL2	DL3	DL4	DL5
DL1	0.00%	70.97%	25.84%	2.91%	0.29%	0.00%
DL2	0.00%	15.83%	79.15%	4.81%	0.21%	0.00%
DL3	0.00%	7.81%	59.90%	30.95%	1.35%	0.00%
DL4	0.00%	13.48%	53.29%	26.33%	6.90%	0.00%
DL5	-nan%	-nan%	-nan%	-nan%	-nan%	-nan%


Tabela Comparativa das Profundidades - Valores Absolutos (FRAME 22)
	AV1
HEVC	DL0	DL1	DL2	DL3	DL4	DL5
DL1	0	35608	6312	64	0	0
DL2	0	16120	36824	1968	128	0
DL3	0	2520	11304	5152	480	0
DL4	0	824	3016	1824	736	0
DL5	0	0	0	0	0	0
Tabela Comparativa das Profundidades - Porcentagens (FRAME 22)
	AV1
HEVC	DL0	DL1	DL2	DL3	DL4	DL5
DL1	0.00%	84.81%	15.03%	0.15%	0.00%	0.00%
DL2	0.00%	29.29%	66.90%	3.58%	0.23%	0.00%
DL3	0.00%	12.95%	58.10%	26.48%	2.47%	0.00%
DL4	0.00%	12.87%	47.12%	28.50%	11.50%	0.00%
DL5	-nan%	-nan%	-nan%	-nan%	-nan%	-nan%


Tabela Comparativa das Profundidades - Valores Absolutos (FRAME 23)
	AV1
HEVC	DL0	DL1	DL2	DL3	DL4	DL5
DL1	0	41416	7352	384	0	0
DL2	0	15920	31312	2016	32	0
DL3	0	3360	9200	5072	416	0
DL4	0	928	2640	2064	768	0
DL5	0	0	0	0	0	0
Tabela Comparativa das Profundidades - Porcentagens (FRAME 23)
	AV1
HEVC	DL0	DL1	DL2	DL3	DL4	DL5
DL1	0.00%	84.26%	14.96%	0.78%	0.00%	0.00%
DL2	0.00%	32.31%	63.54%	4.09%	0.06%	0.00%
DL3	0.00%	18.62%	50.98%	28.10%	2.30%	0.00%
DL4	0.00%	14.50%	41.25%	32.25%	12.00%	0.00%
DL5	-nan%	-nan%	-nan%	-nan%	-nan%	-nan%


Tabela Comparativa das Profundidades - Valores Absolutos (FRAME 24)
	AV1
HEVC	DL0	DL1	DL2	DL3	DL4	DL5
DL1	0	50674	6286	128	0	0
DL2	0	13334	28978	1680	104	0
DL3	0	1720	7464	5840	448	0
DL4	0	760	2800	1808	856	0
DL5	0	0	0	0	0	0
Tabela Comparativa das Profundidades - Porcentagens (FRAME 24)
	AV1
HEVC	DL0	DL1	DL2	DL3	DL4	DL5
DL1	0.00%	88.76%	11.01%	0.22%	0.00%	0.00%
DL2	0.00%	30.24%	65.72%	3.81%	0.24%	0.00%
DL3	0.00%	11.12%	48.24%	37.75%	2.90%	0.00%
DL4	0.00%	12.21%	44.99%	29.05%	13.75%	0.00%
DL5	-nan%	-nan%	-nan%	-nan%	-nan%	-nan%


Tabela Comparativa das Profundidades - Valores Absolutos (FRAME 25)
	AV1
HEVC	DL0	DL1	DL2	DL3	DL4	DL5
DL1	0	73804	2356	352	32	0
DL2	0	12110	17210	1360	168	0
DL3	0	2184	3928	4048	336	0
DL4	0	1320	1528	1456	688	0
DL5	0	0	0	0	0	0
Tabela Comparativa das Profundidades - Porcentagens (FRAME 25)
	AV1
HEVC	DL0	DL1	DL2	DL3	DL4	DL5
DL1	0.00%	96.42%	3.08%	0.46%	0.04%	0.00%
DL2	0.00%	39.26%	55.79%	4.41%	0.54%	0.00%
DL3	0.00%	20.81%	37.42%	38.57%	3.20%	0.00%
DL4	0.00%	26.44%	30.61%	29.17%	13.78%	0.00%
DL5	-nan%	-nan%	-nan%	-nan%	-nan%	-nan%


Tabela Comparativa das Profundidades - Valores Absolutos (FRAME 26)
	AV1
HEVC	DL0	DL1	DL2	DL3	DL4	DL5
DL1	0	74240	3840	240	16	0
DL2	0	12462	16666	640	56	0
DL3	0	2344	3960	3344	288	0
DL4	0	1288	1944	1040	512	0
DL5	0	0	0	0	0	0
Tabela Comparativa das Profundidades - Porcentagens (FRAME 26)
	AV1
HEVC	DL0	DL1	DL2	DL3	DL4	DL5
DL1	0.00%	94.77%	4.90%	0.31%	0.02%	0.00%
DL2	0.00%	41.79%	55.88%	2.15%	0.19%	0.00%
DL3	0.00%	23.59%	39.86%	33.66%	2.90%	0.00%
DL4	0.00%	26.92%	40.64%	21.74%	10.70%	0.00%
DL5	-nan%	-nan%	-nan%	-nan%	-nan%	-nan%


Tabela Comparativa das Profundidades - Valores Absolutos (FRAME 27)
	AV1
HEVC	DL0	DL1	DL2	DL3	DL4	DL5
DL1	0	58248	6072	176	16	0
DL2	0	12536	24840	1552	48	0
DL3	0	2304	6032	4928	384	0
DL4	0	640	2552	1728	824	0
DL5	0	0	0	0	0	0
Tabela Comparativa das Profundidades - Porcentagens (FRAME 27)
	AV1
HEVC	DL0	DL1	DL2	DL3	DL4	DL5
DL1	0.00%	90.29%	9.41%	0.27%	0.02%	0.00%
DL2	0.00%	32.16%	63.73%	3.98%	0.12%	0.00%
DL3	0.00%	16.88%	44.20%	36.11%	2.81%	0.00%
DL4	0.00%	11.14%	44.43%	30.08%	14.35%	0.00%
DL5	-nan%	-nan%	-nan%	-nan%	-nan%	-nan%


Tabela Comparativa das Profundidades - Valores Absolutos (FRAME 28)
	AV1
HEVC	DL0	DL1	DL2	DL3	DL4	DL5
DL1	0	89088	2816	768	0	0
DL2	0	6976	10176	1504	32	0
DL3	0	1456	2672	3728	480	0
DL4	0	272	976	1440	496	0
DL5	0	0	0	0	0	0
Tabela Comparativa das Profundidades - Porcentagens (FRAME 28)
	AV1
HEVC	DL0	DL1	DL2	DL3	DL4	DL5
DL1	0.00%	96.13%	3.04%	0.83%	0.00%	0.00%
DL2	0.00%	37.33%	54.45%	8.05%	0.17%	0.00%
DL3	0.00%	17.47%	32.05%	44.72%	5.76%	0.00%
DL4	0.00%	8.54%	30.65%	45.23%	15.58%	0.00%
DL5	-nan%	-nan%	-nan%	-nan%	-nan%	-nan%


Tabela Comparativa das Profundidades - Valores Absolutos (FRAME 29)
	AV1
HEVC	DL0	DL1	DL2	DL3	DL4	DL5
DL1	0	80856	3048	304	16	0
DL2	0	7752	16120	752	16	0
DL3	0	2056	4040	2816	224	0
DL4	0	1520	1728	1120	512	0
DL5	0	0	0	0	0	0
Tabela Comparativa das Profundidades - Porcentagens (FRAME 29)
	AV1
HEVC	DL0	DL1	DL2	DL3	DL4	DL5
DL1	0.00%	96.00%	3.62%	0.36%	0.02%	0.00%
DL2	0.00%	31.46%	65.42%	3.05%	0.06%	0.00%
DL3	0.00%	22.50%	44.22%	30.82%	2.45%	0.00%
DL4	0.00%	31.15%	35.41%	22.95%	10.49%	0.00%
DL5	-nan%	-nan%	-nan%	-nan%	-nan%	-nan%


Tabela Comparativa das Profundidades - Valores Absolutos (FRAME 30)
	AV1
HEVC	DL0	DL1	DL2	DL3	DL4	DL5
DL1	0	65408	5248	256	0	0
DL2	0	13494	21530	608	80	0
DL3	0	2912	5904	2848	80	0
DL4	0	1360	1800	960	392	0
DL5	0	0	0	0	0	0
Tabela Comparativa das Profundidades - Porcentagens (FRAME 30)
	AV1
HEVC	DL0	DL1	DL2	DL3	DL4	DL5
DL1	0.00%	92.24%	7.40%	0.36%	0.00%	0.00%
DL2	0.00%	37.79%	60.29%	1.70%	0.22%	0.00%
DL3	0.00%	24.80%	50.27%	24.25%	0.68%	0.00%
DL4	0.00%	30.14%	39.89%	21.28%	8.69%	0.00%
DL5	-nan%	-nan%	-nan%	-nan%	-nan%	-nan%


Tabela Comparativa das Profundidades - Valores Absolutos (FRAME 31)
	AV1
HEVC	DL0	DL1	DL2	DL3	DL4	DL5
DL1	0	58944	5760	320	0	0
DL2	0	11336	25464	1392	208	0
DL3	0	1752	8680	3024	320	0
DL4	0	416	3232	1168	864	0
DL5	0	0	0	0	0	0
Tabela Comparativa das Profundidades - Porcentagens (FRAME 31)
	AV1
HEVC	DL0	DL1	DL2	DL3	DL4	DL5
DL1	0.00%	90.65%	8.86%	0.49%	0.00%	0.00%
DL2	0.00%	29.52%	66.31%	3.62%	0.54%	0.00%
DL3	0.00%	12.72%	63.01%	21.95%	2.32%	0.00%
DL4	0.00%	7.32%	56.90%	20.56%	15.21%	0.00%
DL5	-nan%	-nan%	-nan%	-nan%	-nan%	-nan%


Tabela Comparativa das Profundidades - Valores Absolutos (FRAME 32)
	AV1
HEVC	DL0	DL1	DL2	DL3	DL4	DL5
DL1	0	72808	3736	256	0	0
DL2	0	11160	16616	1040	48	0
DL3	0	1816	5704	4240	256	0
DL4	0	1120	2048	1600	432	0
DL5	0	0	0	0	0	0
Tabela Comparativa das Profundidades - Porcentagens (FRAME 32)
	AV1
HEVC	DL0	DL1	DL2	DL3	DL4	DL5
DL1	0.00%	94.80%	4.86%	0.33%	0.00%	0.00%
DL2	0.00%	38.66%	57.57%	3.60%	0.17%	0.00%
DL3	0.00%	15.11%	47.47%	35.29%	2.13%	0.00%
DL4	0.00%	21.54%	39.38%	30.77%	8.31%	0.00%
DL5	-nan%	-nan%	-nan%	-nan%	-nan%	-nan%


Tabela Comparativa das Profundidades - Valores Absolutos (FRAME 33)
	AV1
HEVC	DL0	DL1	DL2	DL3	DL4	DL5
DL1	0	77056	3968	384	0	0
DL2	0	9732	15116	1232	160	0
DL3	0	2488	3384	4208	336	0
DL4	0	1504	1520	1424	368	0
DL5	0	0	0	0	0	0
Tabela Comparativa das Profundidades - Porcentagens (FRAME 33)
	AV1
HEVC	DL0	DL1	DL2	DL3	DL4	DL5
DL1	0.00%	94.65%	4.87%	0.47%	0.00%	0.00%
DL2	0.00%	37.09%	57.61%	4.70%	0.61%	0.00%
DL3	0.00%	23.89%	32.49%	40.40%	3.23%	0.00%
DL4	0.00%	31.23%	31.56%	29.57%	7.64%	0.00%
DL5	-nan%	-nan%	-nan%	-nan%	-nan%	-nan%


Tabela Comparativa das Profundidades - Valores Absolutos (FRAME 34)
	AV1
HEVC	DL0	DL1	DL2	DL3	DL4	DL5
DL1	0	66240	3392	512	0	0
DL2	0	14320	19408	1184	32	0
DL3	0	3728	5392	3840	176	0
DL4	0	1264	1840	1168	384	0
DL5	0	0	0	0	0	0
Tabela Comparativa das Profundidades - Porcentagens (FRAME 34)
	AV1
HEVC	DL0	DL1	DL2	DL3	DL4	DL5
DL1	0.00%	94.43%	4.84%	0.73%	0.00%	0.00%
DL2	0.00%	40.98%	55.54%	3.39%	0.09%	0.00%
DL3	0.00%	28.38%	41.05%	29.23%	1.34%	0.00%
DL4	0.00%	27.15%	39.52%	25.09%	8.25%	0.00%
DL5	-nan%	-nan%	-nan%	-nan%	-nan%	-nan%


Tabela Comparativa das Profundidades - Valores Absolutos (FRAME 35)
	AV1
HEVC	DL0	DL1	DL2	DL3	DL4	DL5
DL1	0	52992	3328	0	0	0
DL2	0	15376	26736	1568	32	0
DL3	0	2544	8528	5312	208	0
DL4	0	1408	2624	1408	816	0
DL5	0	0	0	0	0	0
Tabela Comparativa das Profundidades - Porcentagens (FRAME 35)
	AV1
HEVC	DL0	DL1	DL2	DL3	DL4	DL5
DL1	0.00%	94.09%	5.91%	0.00%	0.00%	0.00%
DL2	0.00%	35.18%	61.16%	3.59%	0.07%	0.00%
DL3	0.00%	15.33%	51.40%	32.02%	1.25%	0.00%
DL4	0.00%	22.51%	41.94%	22.51%	13.04%	0.00%
DL5	-nan%	-nan%	-nan%	-nan%	-nan%	-nan%


Tabela Comparativa das Profundidades - Valores Absolutos (FRAME 36)
	AV1
HEVC	DL0	DL1	DL2	DL3	DL4	DL5
DL1	0	68096	5184	192	0	0
DL2	0	11928	20008	1328	80	0
DL3	0	2416	5568	3040	272	0
DL4	0	1152	2064	928	624	0
DL5	0	0	0	0	0	0
Tabela Comparativa das Profundidades - Porcentagens (FRAME 36)
	AV1
HEVC	DL0	DL1	DL2	DL3	DL4	DL5
DL1	0.00%	92.68%	7.06%	0.26%	0.00%	0.00%
DL2	0.00%	35.77%	60.00%	3.98%	0.24%	0.00%
DL3	0.00%	21.39%	49.29%	26.91%	2.41%	0.00%
DL4	0.00%	24.16%	43.29%	19.46%	13.09%	0.00%
DL5	-nan%	-nan%	-nan%	-nan%	-nan%	-nan%


Tabela Comparativa das Profundidades - Valores Absolutos (FRAME 37)
	AV1
HEVC	DL0	DL1	DL2	DL3	DL4	DL5
DL1	0	86272	3584	512	0	0
DL2	0	6208	13504	1040	48	0
DL3	0	1328	3568	3424	336	0
DL4	0	400	1168	1072	416	0
DL5	0	0	0	0	0	0
Tabela Comparativa das Profundidades - Porcentagens (FRAME 37)
	AV1
HEVC	DL0	DL1	DL2	DL3	DL4	DL5
DL1	0.00%	95.47%	3.97%	0.57%	0.00%	0.00%
DL2	0.00%	29.85%	64.92%	5.00%	0.23%	0.00%
DL3	0.00%	15.34%	41.22%	39.56%	3.88%	0.00%
DL4	0.00%	13.09%	38.22%	35.08%	13.61%	0.00%
DL5	-nan%	-nan%	-nan%	-nan%	-nan%	-nan%


Tabela Comparativa das Profundidades - Valores Absolutos (FRAME 38)
	AV1
HEVC	DL0	DL1	DL2	DL3	DL4	DL5
DL1	0	7936	960	48	16	0
DL2	0	3420	31412	8256	368	0
DL3	0	1944	22088	23904	1520	0
DL4	0	1416	7840	8656	3096	0
DL5	0	0	0	0	0	0
Tabela Comparativa das Profundidades - Porcentagens (FRAME 38)
	AV1
HEVC	DL0	DL1	DL2	DL3	DL4	DL5
DL1	0.00%	88.57%	10.71%	0.54%	0.18%	0.00%
DL2	0.00%	7.87%	72.28%	19.00%	0.85%	0.00%
DL3	0.00%	3.93%	44.66%	48.33%	3.07%	0.00%
DL4	0.00%	6.74%	37.32%	41.20%	14.74%	0.00%
DL5	-nan%	-nan%	-nan%	-nan%	-nan%	-nan%


Tabela Comparativa das Profundidades - Valores Absolutos (FRAME 39)
	AV1
HEVC	DL0	DL1	DL2	DL3	DL4	DL5
DL1	0	11088	2416	64	0	0
DL2	0	8776	37696	6784	184	0
DL3	0	3000	20536	20688	832	0
DL4	0	960	5200	4032	624	0
DL5	0	0	0	0	0	0
Tabela Comparativa das Profundidades - Porcentagens (FRAME 39)
	AV1
HEVC	DL0	DL1	DL2	DL3	DL4	DL5
DL1	0.00%	81.72%	17.81%	0.47%	0.00%	0.00%
DL2	0.00%	16.42%	70.54%	12.69%	0.34%	0.00%
DL3	0.00%	6.66%	45.58%	45.92%	1.85%	0.00%
DL4	0.00%	8.88%	48.08%	37.28%	5.77%	0.00%
DL5	-nan%	-nan%	-nan%	-nan%	-nan%	-nan%


Tabela Comparativa das Profundidades - Valores Absolutos (FRAME 40)
	AV1
HEVC	DL0	DL1	DL2	DL3	DL4	DL5
DL1	0	46992	5616	384	0	0
DL2	0	13064	31608	1696	96	0
DL3	0	2580	7676	5392	512	0
DL4	0	652	2836	2736	1040	0
DL5	0	0	0	0	0	0
Tabela Comparativa das Profundidades - Porcentagens (FRAME 40)
	AV1
HEVC	DL0	DL1	DL2	DL3	DL4	DL5
DL1	0.00%	88.68%	10.60%	0.72%	0.00%	0.00%
DL2	0.00%	28.12%	68.03%	3.65%	0.21%	0.00%
DL3	0.00%	15.97%	47.50%	33.37%	3.17%	0.00%
DL4	0.00%	8.98%	39.04%	37.67%	14.32%	0.00%
DL5	-nan%	-nan%	-nan%	-nan%	-nan%	-nan%


Tabela Comparativa das Profundidades - Valores Absolutos (FRAME 41)
	AV1
HEVC	DL0	DL1	DL2	DL3	DL4	DL5
DL1	1024	47616	7040	128	0	0
DL2	0	14808	27816	1488	176	0
DL3	0	2320	8880	4592	512	0
DL4	0	980	2868	1792	840	0
DL5	0	0	0	0	0	0
Tabela Comparativa das Profundidades - Porcentagens (FRAME 41)
	AV1
HEVC	DL0	DL1	DL2	DL3	DL4	DL5
DL1	1.83%	85.32%	12.61%	0.23%	0.00%	0.00%
DL2	0.00%	33.44%	62.81%	3.36%	0.40%	0.00%
DL3	0.00%	14.23%	54.47%	28.16%	3.14%	0.00%
DL4	0.00%	15.12%	44.26%	27.65%	12.96%	0.00%
DL5	-nan%	-nan%	-nan%	-nan%	-nan%	-nan%


Tabela Comparativa das Profundidades - Valores Absolutos (FRAME 42)
	AV1
HEVC	DL0	DL1	DL2	DL3	DL4	DL5
DL1	0	64212	4396	0	0	0
DL2	0	10926	20634	1936	168	0
DL3	0	2104	6856	4944	368	0
DL4	0	1016	2760	1904	656	0
DL5	0	0	0	0	0	0
Tabela Comparativa das Profundidades - Porcentagens (FRAME 42)
	AV1
HEVC	DL0	DL1	DL2	DL3	DL4	DL5
DL1	0.00%	93.59%	6.41%	0.00%	0.00%	0.00%
DL2	0.00%	32.46%	61.29%	5.75%	0.50%	0.00%
DL3	0.00%	14.74%	48.04%	34.64%	2.58%	0.00%
DL4	0.00%	16.04%	43.56%	30.05%	10.35%	0.00%
DL5	-nan%	-nan%	-nan%	-nan%	-nan%	-nan%


Tabela Comparativa das Profundidades - Valores Absolutos (FRAME 43)
	AV1
HEVC	DL0	DL1	DL2	DL3	DL4	DL5
DL1	0	82176	2432	640	0	0
DL2	0	7568	15088	768	64	0
DL3	0	2256	4736	2288	128	0
DL4	0	1488	1952	928	368	0
DL5	0	0	0	0	0	0
Tabela Comparativa das Profundidades - Porcentagens (FRAME 43)
	AV1
HEVC	DL0	DL1	DL2	DL3	DL4	DL5
DL1	0.00%	96.40%	2.85%	0.75%	0.00%	0.00%
DL2	0.00%	32.22%	64.24%	3.27%	0.27%	0.00%
DL3	0.00%	23.98%	50.34%	24.32%	1.36%	0.00%
DL4	0.00%	31.42%	41.22%	19.59%	7.77%	0.00%
DL5	-nan%	-nan%	-nan%	-nan%	-nan%	-nan%


Tabela Comparativa das Profundidades - Valores Absolutos (FRAME 44)
	AV1
HEVC	DL0	DL1	DL2	DL3	DL4	DL5
DL1	0	75008	2880	368	80	0
DL2	0	10056	16312	1504	32	0
DL3	0	3200	3840	3824	224	0
DL4	0	1808	1520	1504	720	0
DL5	0	0	0	0	0	0
Tabela Comparativa das Profundidades - Porcentagens (FRAME 44)
	AV1
HEVC	DL0	DL1	DL2	DL3	DL4	DL5
DL1	0.00%	95.75%	3.68%	0.47%	0.10%	0.00%
DL2	0.00%	36.04%	58.46%	5.39%	0.11%	0.00%
DL3	0.00%	28.86%	34.63%	34.49%	2.02%	0.00%
DL4	0.00%	32.56%	27.38%	27.09%	12.97%	0.00%
DL5	-nan%	-nan%	-nan%	-nan%	-nan%	-nan%


Tabela Comparativa das Profundidades - Valores Absolutos (FRAME 45)
	AV1
HEVC	DL0	DL1	DL2	DL3	DL4	DL5
DL1	0	52744	5240	352	32	0
DL2	0	15080	25760	1328	72	0
DL3	0	3024	8032	4672	208	0
DL4	0	1008	3040	1536	752	0
DL5	0	0	0	0	0	0
Tabela Comparativa das Profundidades - Porcentagens (FRAME 45)
	AV1
HEVC	DL0	DL1	DL2	DL3	DL4	DL5
DL1	0.00%	90.36%	8.98%	0.60%	0.05%	0.00%
DL2	0.00%	35.70%	60.98%	3.14%	0.17%	0.00%
DL3	0.00%	18.98%	50.40%	29.32%	1.31%	0.00%
DL4	0.00%	15.91%	47.98%	24.24%	11.87%	0.00%
DL5	-nan%	-nan%	-nan%	-nan%	-nan%	-nan%


Tabela Comparativa das Profundidades - Valores Absolutos (FRAME 46)
	AV1
HEVC	DL0	DL1	DL2	DL3	DL4	DL5
DL1	0	74496	4352	256	0	0
DL2	0	9472	21056	1248	96	0
DL3	0	1136	4752	2736	176	0
DL4	0	400	1328	880	496	0
DL5	0	0	0	0	0	0
Tabela Comparativa das Profundidades - Porcentagens (FRAME 46)
	AV1
HEVC	DL0	DL1	DL2	DL3	DL4	DL5
DL1	0.00%	94.17%	5.50%	0.32%	0.00%	0.00%
DL2	0.00%	29.72%	66.06%	3.92%	0.30%	0.00%
DL3	0.00%	12.91%	54.00%	31.09%	2.00%	0.00%
DL4	0.00%	12.89%	42.78%	28.35%	15.98%	0.00%
DL5	-nan%	-nan%	-nan%	-nan%	-nan%	-nan%


Tabela Comparativa das Profundidades - Valores Absolutos (FRAME 47)
	AV1
HEVC	DL0	DL1	DL2	DL3	DL4	DL5
DL1	1024	81016	4040	192	0	0
DL2	0	9144	12104	1136	16	0
DL3	0	2760	3592	2800	192	0
DL4	0	1456	2096	928	384	0
DL5	0	0	0	0	0	0
Tabela Comparativa das Profundidades - Porcentagens (FRAME 47)
	AV1
HEVC	DL0	DL1	DL2	DL3	DL4	DL5
DL1	1.19%	93.91%	4.68%	0.22%	0.00%	0.00%
DL2	0.00%	40.82%	54.04%	5.07%	0.07%	0.00%
DL3	0.00%	29.54%	38.44%	29.97%	2.05%	0.00%
DL4	0.00%	29.93%	43.09%	19.08%	7.89%	0.00%
DL5	-nan%	-nan%	-nan%	-nan%	-nan%	-nan%


Tabela Comparativa das Profundidades - Valores Absolutos (FRAME 48)
	AV1
HEVC	DL0	DL1	DL2	DL3	DL4	DL5
DL1	2304	52736	2688	384	0	0
DL2	1664	18590	23466	1616	40	0
DL3	128	4328	5544	4336	112	0
DL4	0	1672	1784	1296	192	0
DL5	0	0	0	0	0	0
Tabela Comparativa das Profundidades - Porcentagens (FRAME 48)
	AV1
HEVC	DL0	DL1	DL2	DL3	DL4	DL5
DL1	3.96%	90.75%	4.63%	0.66%	0.00%	0.00%
DL2	3.67%	40.97%	51.71%	3.56%	0.09%	0.00%
DL3	0.89%	29.96%	38.37%	30.01%	0.78%	0.00%
DL4	0.00%	33.82%	36.08%	26.21%	3.88%	0.00%
DL5	-nan%	-nan%	-nan%	-nan%	-nan%	-nan%


Tabela Comparativa das Profundidades - Valores Absolutos (FRAME 49)
	AV1
HEVC	DL0	DL1	DL2	DL3	DL4	DL5
DL1	0	59784	6264	0	0	0
DL2	0	15568	22968	592	40	0
DL3	0	1960	6872	3296	128	0
DL4	0	584	3008	1392	424	0
DL5	0	0	0	0	0	0
Tabela Comparativa das Profundidades - Porcentagens (FRAME 49)
	AV1
HEVC	DL0	DL1	DL2	DL3	DL4	DL5
DL1	0.00%	90.52%	9.48%	0.00%	0.00%	0.00%
DL2	0.00%	39.75%	58.64%	1.51%	0.10%	0.00%
DL3	0.00%	15.99%	56.07%	26.89%	1.04%	0.00%
DL4	0.00%	10.80%	55.62%	25.74%	7.84%	0.00%
DL5	-nan%	-nan%	-nan%	-nan%	-nan%	-nan%


Tabela Comparativa das Profundidades - Valores Absolutos (FRAME 50)
	AV1
HEVC	DL0	DL1	DL2	DL3	DL4	DL5
DL1	0	77764	3900	0	0	0
DL2	0	5942	17490	1232	40	0
DL3	0	1720	5720	3376	272	0
DL4	0	1016	2680	1136	592	0
DL5	0	0	0	0	0	0
Tabela Comparativa das Profundidades - Porcentagens (FRAME 50)
	AV1
HEVC	DL0	DL1	DL2	DL3	DL4	DL5
DL1	0.00%	95.22%	4.78%	0.00%	0.00%	0.00%
DL2	0.00%	24.05%	70.80%	4.99%	0.16%	0.00%
DL3	0.00%	15.51%	51.59%	30.45%	2.45%	0.00%
DL4	0.00%	18.73%	49.41%	20.94%	10.91%	0.00%
DL5	-nan%	-nan%	-nan%	-nan%	-nan%	-nan%


Tabela Comparativa das Profundidades - Valores Absolutos (FRAME 51)
	AV1
HEVC	DL0	DL1	DL2	DL3	DL4	DL5
DL1	0	77524	5228	416	32	0
DL2	0	7172	18260	912	24	0
DL3	0	2536	3336	2288	144	0
DL4	0	1504	1904	1152	448	0
DL5	0	0	0	0	0	0
Tabela Comparativa das Profundidades - Porcentagens (FRAME 51)
	AV1
HEVC	DL0	DL1	DL2	DL3	DL4	DL5
DL1	0.00%	93.18%	6.28%	0.50%	0.04%	0.00%
DL2	0.00%	27.20%	69.25%	3.46%	0.09%	0.00%
DL3	0.00%	30.54%	40.17%	27.55%	1.73%	0.00%
DL4	0.00%	30.03%	38.02%	23.00%	8.95%	0.00%
DL5	-nan%	-nan%	-nan%	-nan%	-nan%	-nan%


Tabela Comparativa das Profundidades - Valores Absolutos (FRAME 52)
	AV1
HEVC	DL0	DL1	DL2	DL3	DL4	DL5
DL1	1024	65672	4216	0	0	0
DL2	0	12032	22720	1568	32	0
DL3	0	3048	4712	2896	192	0
DL4	0	1624	1824	976	344	0
DL5	0	0	0	0	0	0
Tabela Comparativa das Profundidades - Porcentagens (FRAME 52)
	AV1
HEVC	DL0	DL1	DL2	DL3	DL4	DL5
DL1	1.44%	92.61%	5.95%	0.00%	0.00%	0.00%
DL2	0.00%	33.10%	62.50%	4.31%	0.09%	0.00%
DL3	0.00%	28.10%	43.44%	26.70%	1.77%	0.00%
DL4	0.00%	34.06%	38.26%	20.47%	7.21%	0.00%
DL5	-nan%	-nan%	-nan%	-nan%	-nan%	-nan%


Tabela Comparativa das Profundidades - Valores Absolutos (FRAME 53)
	AV1
HEVC	DL0	DL1	DL2	DL3	DL4	DL5
DL1	0	56512	4160	0	0	0
DL2	0	16184	23112	1424	112	0
DL3	0	2568	6744	5552	96	0
DL4	0	980	2772	2128	536	0
DL5	0	0	0	0	0	0
Tabela Comparativa das Profundidades - Porcentagens (FRAME 53)
	AV1
HEVC	DL0	DL1	DL2	DL3	DL4	DL5
DL1	0.00%	93.14%	6.86%	0.00%	0.00%	0.00%
DL2	0.00%	39.64%	56.60%	3.49%	0.27%	0.00%
DL3	0.00%	17.17%	45.08%	37.11%	0.64%	0.00%
DL4	0.00%	15.27%	43.20%	33.17%	8.35%	0.00%
DL5	-nan%	-nan%	-nan%	-nan%	-nan%	-nan%


Tabela Comparativa das Profundidades - Valores Absolutos (FRAME 54)
	AV1
HEVC	DL0	DL1	DL2	DL3	DL4	DL5
DL1	0	73736	5432	688	16	0
DL2	0	9368	17640	1136	16	0
DL3	0	1968	4736	3184	272	0
DL4	0	1152	2000	1008	528	0
DL5	0	0	0	0	0	0
Tabela Comparativa das Profundidades - Porcentagens (FRAME 54)
	AV1
HEVC	DL0	DL1	DL2	DL3	DL4	DL5
DL1	0.00%	92.32%	6.80%	0.86%	0.02%	0.00%
DL2	0.00%	33.27%	62.64%	4.03%	0.06%	0.00%
DL3	0.00%	19.37%	46.61%	31.34%	2.68%	0.00%
DL4	0.00%	24.57%	42.66%	21.50%	11.26%	0.00%
DL5	-nan%	-nan%	-nan%	-nan%	-nan%	-nan%


Tabela Comparativa das Profundidades - Valores Absolutos (FRAME 55)
	AV1
HEVC	DL0	DL1	DL2	DL3	DL4	DL5
DL1	0	87296	2816	0	0	0
DL2	0	8320	12864	1600	0	0
DL3	0	880	2192	3600	272	0
DL4	0	272	1008	1104	656	0
DL5	0	0	0	0	0	0
Tabela Comparativa das Profundidades - Porcentagens (FRAME 55)
	AV1
HEVC	DL0	DL1	DL2	DL3	DL4	DL5
DL1	0.00%	96.88%	3.12%	0.00%	0.00%	0.00%
DL2	0.00%	36.52%	56.46%	7.02%	0.00%	0.00%
DL3	0.00%	12.67%	31.57%	51.84%	3.92%	0.00%
DL4	0.00%	8.95%	33.16%	36.32%	21.58%	0.00%
DL5	-nan%	-nan%	-nan%	-nan%	-nan%	-nan%


Tabela Comparativa das Profundidades - Valores Absolutos (FRAME 56)
	AV1
HEVC	DL0	DL1	DL2	DL3	DL4	DL5
DL1	0	10376	1272	128	0	0
DL2	640	9366	33586	5296	200	0
DL3	336	5424	23888	16624	896	0
DL4	48	1776	5592	5728	1704	0
DL5	0	0	0	0	0	0
Tabela Comparativa das Profundidades - Porcentagens (FRAME 56)
	AV1
HEVC	DL0	DL1	DL2	DL3	DL4	DL5
DL1	0.00%	88.11%	10.80%	1.09%	0.00%	0.00%
DL2	1.30%	19.08%	68.42%	10.79%	0.41%	0.00%
DL3	0.71%	11.50%	50.64%	35.24%	1.90%	0.00%
DL4	0.32%	11.96%	37.66%	38.58%	11.48%	0.00%
DL5	-nan%	-nan%	-nan%	-nan%	-nan%	-nan%


Tabela Comparativa das Profundidades - Valores Absolutos (FRAME 57)
	AV1
HEVC	DL0	DL1	DL2	DL3	DL4	DL5
DL1	0	60644	3804	64	0	0
DL2	0	17756	22836	1312	16	0
DL3	0	2592	5800	3688	16	0
DL4	0	964	2100	1168	120	0
DL5	0	0	0	0	0	0
Tabela Comparativa das Profundidades - Porcentagens (FRAME 57)
	AV1
HEVC	DL0	DL1	DL2	DL3	DL4	DL5
DL1	0.00%	94.00%	5.90%	0.10%	0.00%	0.00%
DL2	0.00%	42.36%	54.48%	3.13%	0.04%	0.00%
DL3	0.00%	21.43%	47.95%	30.49%	0.13%	0.00%
DL4	0.00%	22.15%	48.25%	26.84%	2.76%	0.00%
DL5	-nan%	-nan%	-nan%	-nan%	-nan%	-nan%


Tabela Comparativa das Profundidades - Valores Absolutos (FRAME 58)
	AV1
HEVC	DL0	DL1	DL2	DL3	DL4	DL5
DL1	0	59380	5644	0	0	0
DL2	0	13894	24418	576	24	0
DL3	0	2648	8040	2400	176	0
DL4	0	984	2992	1216	488	0
DL5	0	0	0	0	0	0
Tabela Comparativa das Profundidades - Porcentagens (FRAME 58)
	AV1
HEVC	DL0	DL1	DL2	DL3	DL4	DL5
DL1	0.00%	91.32%	8.68%	0.00%	0.00%	0.00%
DL2	0.00%	35.71%	62.75%	1.48%	0.06%	0.00%
DL3	0.00%	19.96%	60.62%	18.09%	1.33%	0.00%
DL4	0.00%	17.32%	52.68%	21.41%	8.59%	0.00%
DL5	-nan%	-nan%	-nan%	-nan%	-nan%	-nan%


Tabela Comparativa das Profundidades - Valores Absolutos (FRAME 59)
	AV1
HEVC	DL0	DL1	DL2	DL3	DL4	DL5
DL1	0	71392	5152	0	0	0
DL2	0	7984	18840	1072	72	0
DL3	0	1456	6192	4304	304	0
DL4	0	704	2784	1664	960	0
DL5	0	0	0	0	0	0
Tabela Comparativa das Profundidades - Porcentagens (FRAME 59)
	AV1
HEVC	DL0	DL1	DL2	DL3	DL4	DL5
DL1	0.00%	93.27%	6.73%	0.00%	0.00%	0.00%
DL2	0.00%	28.55%	67.36%	3.83%	0.26%	0.00%
DL3	0.00%	11.88%	50.52%	35.12%	2.48%	0.00%
DL4	0.00%	11.52%	45.55%	27.23%	15.71%	0.00%
DL5	-nan%	-nan%	-nan%	-nan%	-nan%	-nan%


Tabela Comparativa das Profundidades - Valores Absolutos (FRAME 60)
	AV1
HEVC	DL0	DL1	DL2	DL3	DL4	DL5
DL1	0	70232	4520	0	0	0
DL2	0	10464	20704	1472	64	0
DL3	0	1848	4776	3856	256	0
DL4	0	960	2080	1184	464	0
DL5	0	0	0	0	0	0
Tabela Comparativa das Profundidades - Porcentagens (FRAME 60)
	AV1
HEVC	DL0	DL1	DL2	DL3	DL4	DL5
DL1	0.00%	93.95%	6.05%	0.00%	0.00%	0.00%
DL2	0.00%	32.00%	63.31%	4.50%	0.20%	0.00%
DL3	0.00%	17.21%	44.49%	35.92%	2.38%	0.00%
DL4	0.00%	20.48%	44.37%	25.26%	9.90%	0.00%
DL5	-nan%	-nan%	-nan%	-nan%	-nan%	-nan%


