Tabela Comparativa das Profundidades - Valores Absolutos (FRAME  1)
	AV1
HEVC	DL0	DL1	DL2	DL3	DL4	DL5
DL1	0	8960	3392	1408	320	0
DL2	0	4096	85888	30976	13952	0
DL3	0	1072	34720	83920	39488	0
DL4	0	976	28000	64368	122752	0
DL5	0	0	0	0	0	0
Tabela Comparativa das Profundidades - Porcentagens (FRAME  1)
	AV1
HEVC	DL0	DL1	DL2	DL3	DL4	DL5
DL1	0.00%	63.64%	24.09%	10.00%	2.27%	0.00%
DL2	0.00%	3.04%	63.66%	22.96%	10.34%	0.00%
DL3	0.00%	0.67%	21.81%	52.71%	24.80%	0.00%
DL4	0.00%	0.45%	12.96%	29.79%	56.80%	0.00%
DL5	-nan%	-nan%	-nan%	-nan%	-nan%	-nan%


Tabela Comparativa das Profundidades - Valores Absolutos (FRAME  2)
	AV1
HEVC	DL0	DL1	DL2	DL3	DL4	DL5
DL1	0	20736	6080	1392	208	0
DL2	0	11668	142938	36698	5432	0
DL3	0	6914	84320	69120	14142	0
DL4	0	2804	52286	46546	23004	0
DL5	0	0	0	0	0	0
Tabela Comparativa das Profundidades - Porcentagens (FRAME  2)
	AV1
HEVC	DL0	DL1	DL2	DL3	DL4	DL5
DL1	0.00%	72.97%	21.40%	4.90%	0.73%	0.00%
DL2	0.00%	5.93%	72.65%	18.65%	2.76%	0.00%
DL3	0.00%	3.96%	48.32%	39.61%	8.10%	0.00%
DL4	0.00%	2.25%	41.95%	37.34%	18.46%	0.00%
DL5	-nan%	-nan%	-nan%	-nan%	-nan%	-nan%


Tabela Comparativa das Profundidades - Valores Absolutos (FRAME  3)
	AV1
HEVC	DL0	DL1	DL2	DL3	DL4	DL5
DL1	0	16960	8784	1832	72	0
DL2	0	10980	143512	35064	6860	0
DL3	0	3356	81668	74244	13260	0
DL4	0	908	50338	50806	25644	0
DL5	0	0	0	0	0	0
Tabela Comparativa das Profundidades - Porcentagens (FRAME  3)
	AV1
HEVC	DL0	DL1	DL2	DL3	DL4	DL5
DL1	0.00%	61.34%	31.77%	6.63%	0.26%	0.00%
DL2	0.00%	5.59%	73.07%	17.85%	3.49%	0.00%
DL3	0.00%	1.95%	47.34%	43.03%	7.69%	0.00%
DL4	0.00%	0.71%	39.42%	39.79%	20.08%	0.00%
DL5	-nan%	-nan%	-nan%	-nan%	-nan%	-nan%


Tabela Comparativa das Profundidades - Valores Absolutos (FRAME  4)
	AV1
HEVC	DL0	DL1	DL2	DL3	DL4	DL5
DL1	0	28160	9920	1856	256	0
DL2	0	15376	159684	38892	4480	0
DL3	0	7240	83792	73436	8012	0
DL4	0	2552	40644	38560	11428	0
DL5	0	0	0	0	0	0
Tabela Comparativa das Profundidades - Porcentagens (FRAME  4)
	AV1
HEVC	DL0	DL1	DL2	DL3	DL4	DL5
DL1	0.00%	70.06%	24.68%	4.62%	0.64%	0.00%
DL2	0.00%	7.04%	73.10%	17.81%	2.05%	0.00%
DL3	0.00%	4.20%	48.58%	42.58%	4.65%	0.00%
DL4	0.00%	2.74%	43.62%	41.38%	12.26%	0.00%
DL5	-nan%	-nan%	-nan%	-nan%	-nan%	-nan%


Tabela Comparativa das Profundidades - Valores Absolutos (FRAME  5)
	AV1
HEVC	DL0	DL1	DL2	DL3	DL4	DL5
DL1	0	22272	12480	2192	176	0
DL2	0	10368	163256	40272	5432	0
DL3	0	3680	85778	79110	8616	0
DL4	0	1056	38350	39490	11760	0
DL5	0	0	0	0	0	0
Tabela Comparativa das Profundidades - Porcentagens (FRAME  5)
	AV1
HEVC	DL0	DL1	DL2	DL3	DL4	DL5
DL1	0.00%	60.00%	33.62%	5.91%	0.47%	0.00%
DL2	0.00%	4.73%	74.43%	18.36%	2.48%	0.00%
DL3	0.00%	2.08%	48.41%	44.65%	4.86%	0.00%
DL4	0.00%	1.16%	42.30%	43.56%	12.97%	0.00%
DL5	-nan%	-nan%	-nan%	-nan%	-nan%	-nan%


Tabela Comparativa das Profundidades - Valores Absolutos (FRAME  6)
	AV1
HEVC	DL0	DL1	DL2	DL3	DL4	DL5
DL1	0	33024	10560	2368	128	0
DL2	0	15296	159944	39532	4940	0
DL3	0	6947	83477	74764	8092	0
DL4	0	2056	34832	37560	10768	0
DL5	0	0	0	0	0	0
Tabela Comparativa das Profundidades - Porcentagens (FRAME  6)
	AV1
HEVC	DL0	DL1	DL2	DL3	DL4	DL5
DL1	0.00%	71.67%	22.92%	5.14%	0.28%	0.00%
DL2	0.00%	6.96%	72.80%	17.99%	2.25%	0.00%
DL3	0.00%	4.01%	48.17%	43.15%	4.67%	0.00%
DL4	0.00%	2.41%	40.87%	44.08%	12.64%	0.00%
DL5	-nan%	-nan%	-nan%	-nan%	-nan%	-nan%


Tabela Comparativa das Profundidades - Valores Absolutos (FRAME  7)
	AV1
HEVC	DL0	DL1	DL2	DL3	DL4	DL5
DL1	0	44800	8640	1456	144	0
DL2	0	18680	161120	37572	4452	0
DL3	0	6432	79786	74822	8368	0
DL4	0	1584	34352	33668	8412	0
DL5	0	0	0	0	0	0
Tabela Comparativa das Profundidades - Porcentagens (FRAME  7)
	AV1
HEVC	DL0	DL1	DL2	DL3	DL4	DL5
DL1	0.00%	81.40%	15.70%	2.65%	0.26%	0.00%
DL2	0.00%	8.42%	72.63%	16.94%	2.01%	0.00%
DL3	0.00%	3.80%	47.10%	44.17%	4.94%	0.00%
DL4	0.00%	2.03%	44.03%	43.16%	10.78%	0.00%
DL5	-nan%	-nan%	-nan%	-nan%	-nan%	-nan%


Tabela Comparativa das Profundidades - Valores Absolutos (FRAME  8)
	AV1
HEVC	DL0	DL1	DL2	DL3	DL4	DL5
DL1	256	32256	9408	1680	176	0
DL2	320	17745	158339	39192	4820	0
DL3	176	6012	85684	75256	7848	0
DL4	16	1686	36870	35840	10708	0
DL5	0	0	0	0	0	0
Tabela Comparativa das Profundidades - Porcentagens (FRAME  8)
	AV1
HEVC	DL0	DL1	DL2	DL3	DL4	DL5
DL1	0.58%	73.68%	21.49%	3.84%	0.40%	0.00%
DL2	0.15%	8.05%	71.84%	17.78%	2.19%	0.00%
DL3	0.10%	3.44%	48.97%	43.01%	4.49%	0.00%
DL4	0.02%	1.98%	43.32%	42.11%	12.58%	0.00%
DL5	-nan%	-nan%	-nan%	-nan%	-nan%	-nan%


Tabela Comparativa das Profundidades - Valores Absolutos (FRAME  9)
	AV1
HEVC	DL0	DL1	DL2	DL3	DL4	DL5
DL1	0	39936	9792	1344	384	0
DL2	0	13336	159060	36004	4464	0
DL3	0	5344	82898	74510	8352	0
DL4	0	2056	35700	37540	13568	0
DL5	0	0	0	0	0	0
Tabela Comparativa das Profundidades - Porcentagens (FRAME  9)
	AV1
HEVC	DL0	DL1	DL2	DL3	DL4	DL5
DL1	0.00%	77.61%	19.03%	2.61%	0.75%	0.00%
DL2	0.00%	6.27%	74.72%	16.91%	2.10%	0.00%
DL3	0.00%	3.12%	48.45%	43.55%	4.88%	0.00%
DL4	0.00%	2.31%	40.17%	42.24%	15.27%	0.00%
DL5	-nan%	-nan%	-nan%	-nan%	-nan%	-nan%


Tabela Comparativa das Profundidades - Valores Absolutos (FRAME 10)
	AV1
HEVC	DL0	DL1	DL2	DL3	DL4	DL5
DL1	0	42048	9472	1616	112	0
DL2	0	18488	147480	40512	5104	0
DL3	0	7880	81164	78892	7968	0
DL4	0	2216	34924	36732	9680	0
DL5	0	0	0	0	0	0
Tabela Comparativa das Profundidades - Porcentagens (FRAME 10)
	AV1
HEVC	DL0	DL1	DL2	DL3	DL4	DL5
DL1	0.00%	78.97%	17.79%	3.03%	0.21%	0.00%
DL2	0.00%	8.74%	69.70%	19.15%	2.41%	0.00%
DL3	0.00%	4.48%	46.14%	44.85%	4.53%	0.00%
DL4	0.00%	2.65%	41.80%	43.96%	11.59%	0.00%
DL5	-nan%	-nan%	-nan%	-nan%	-nan%	-nan%


Tabela Comparativa das Profundidades - Valores Absolutos (FRAME 11)
	AV1
HEVC	DL0	DL1	DL2	DL3	DL4	DL5
DL1	0	34560	10048	1648	80	0
DL2	0	15936	150656	39168	4352	0
DL3	0	6032	85805	76555	8664	0
DL4	0	2160	38846	38346	11432	0
DL5	0	0	0	0	0	0
Tabela Comparativa das Profundidades - Porcentagens (FRAME 11)
	AV1
HEVC	DL0	DL1	DL2	DL3	DL4	DL5
DL1	0.00%	74.59%	21.69%	3.56%	0.17%	0.00%
DL2	0.00%	7.58%	71.70%	18.64%	2.07%	0.00%
DL3	0.00%	3.41%	48.46%	43.24%	4.89%	0.00%
DL4	0.00%	2.38%	42.79%	42.24%	12.59%	0.00%
DL5	-nan%	-nan%	-nan%	-nan%	-nan%	-nan%


Tabela Comparativa das Profundidades - Valores Absolutos (FRAME 12)
	AV1
HEVC	DL0	DL1	DL2	DL3	DL4	DL5
DL1	0	36672	9920	3280	304	0
DL2	0	14992	148204	41392	5716	0
DL3	0	7380	76390	76486	9008	0
DL4	0	2624	37184	39900	14836	0
DL5	0	0	0	0	0	0
Tabela Comparativa das Profundidades - Porcentagens (FRAME 12)
	AV1
HEVC	DL0	DL1	DL2	DL3	DL4	DL5
DL1	0.00%	73.09%	19.77%	6.54%	0.61%	0.00%
DL2	0.00%	7.13%	70.47%	19.68%	2.72%	0.00%
DL3	0.00%	4.36%	45.13%	45.19%	5.32%	0.00%
DL4	0.00%	2.78%	39.33%	42.20%	15.69%	0.00%
DL5	-nan%	-nan%	-nan%	-nan%	-nan%	-nan%


Tabela Comparativa das Profundidades - Valores Absolutos (FRAME 13)
	AV1
HEVC	DL0	DL1	DL2	DL3	DL4	DL5
DL1	0	38144	6656	928	96	0
DL2	0	18472	153608	36032	3280	0
DL3	0	7060	83903	79565	7952	0
DL4	0	1664	37612	38020	11296	0
DL5	0	0	0	0	0	0
Tabela Comparativa das Profundidades - Porcentagens (FRAME 13)
	AV1
HEVC	DL0	DL1	DL2	DL3	DL4	DL5
DL1	0.00%	83.24%	14.53%	2.03%	0.21%	0.00%
DL2	0.00%	8.74%	72.66%	17.05%	1.55%	0.00%
DL3	0.00%	3.96%	47.01%	44.58%	4.46%	0.00%
DL4	0.00%	1.88%	42.46%	42.92%	12.75%	0.00%
DL5	-nan%	-nan%	-nan%	-nan%	-nan%	-nan%


Tabela Comparativa das Profundidades - Valores Absolutos (FRAME 14)
	AV1
HEVC	DL0	DL1	DL2	DL3	DL4	DL5
DL1	0	41984	7296	2224	208	0
DL2	0	13048	154340	43548	5128	0
DL3	0	5168	81518	82434	7408	0
DL4	0	1216	33758	36266	8744	0
DL5	0	0	0	0	0	0
Tabela Comparativa das Profundidades - Porcentagens (FRAME 14)
	AV1
HEVC	DL0	DL1	DL2	DL3	DL4	DL5
DL1	0.00%	81.19%	14.11%	4.30%	0.40%	0.00%
DL2	0.00%	6.04%	71.43%	20.16%	2.37%	0.00%
DL3	0.00%	2.93%	46.18%	46.70%	4.20%	0.00%
DL4	0.00%	1.52%	42.21%	45.34%	10.93%	0.00%
DL5	-nan%	-nan%	-nan%	-nan%	-nan%	-nan%


Tabela Comparativa das Profundidades - Valores Absolutos (FRAME 15)
	AV1
HEVC	DL0	DL1	DL2	DL3	DL4	DL5
DL1	0	33792	8896	1824	288	0
DL2	0	15376	160398	35554	3904	0
DL3	0	5824	86464	78864	7120	0
DL4	0	1984	36068	37356	10576	0
DL5	0	0	0	0	0	0
Tabela Comparativa das Profundidades - Porcentagens (FRAME 15)
	AV1
HEVC	DL0	DL1	DL2	DL3	DL4	DL5
DL1	0.00%	75.43%	19.86%	4.07%	0.64%	0.00%
DL2	0.00%	7.14%	74.52%	16.52%	1.81%	0.00%
DL3	0.00%	3.27%	48.50%	44.24%	3.99%	0.00%
DL4	0.00%	2.31%	41.95%	43.45%	12.30%	0.00%
DL5	-nan%	-nan%	-nan%	-nan%	-nan%	-nan%


Tabela Comparativa das Profundidades - Valores Absolutos (FRAME 16)
	AV1
HEVC	DL0	DL1	DL2	DL3	DL4	DL5
DL1	0	38400	6784	1280	128	0
DL2	0	12652	154684	36720	2920	0
DL3	0	5640	75252	87444	7792	0
DL4	0	1936	32736	40216	19704	0
DL5	0	0	0	0	0	0
Tabela Comparativa das Profundidades - Porcentagens (FRAME 16)
	AV1
HEVC	DL0	DL1	DL2	DL3	DL4	DL5
DL1	0.00%	82.42%	14.56%	2.75%	0.27%	0.00%
DL2	0.00%	6.11%	74.74%	17.74%	1.41%	0.00%
DL3	0.00%	3.20%	42.73%	49.65%	4.42%	0.00%
DL4	0.00%	2.05%	34.61%	42.52%	20.83%	0.00%
DL5	-nan%	-nan%	-nan%	-nan%	-nan%	-nan%


Tabela Comparativa das Profundidades - Valores Absolutos (FRAME 17)
	AV1
HEVC	DL0	DL1	DL2	DL3	DL4	DL5
DL1	0	36864	8192	896	128	0
DL2	0	14356	156864	40740	3656	0
DL3	0	7904	86026	80206	7560	0
DL4	0	1984	35640	34540	8732	0
DL5	0	0	0	0	0	0
Tabela Comparativa das Profundidades - Porcentagens (FRAME 17)
	AV1
HEVC	DL0	DL1	DL2	DL3	DL4	DL5
DL1	0.00%	80.00%	17.78%	1.94%	0.28%	0.00%
DL2	0.00%	6.66%	72.75%	18.89%	1.70%	0.00%
DL3	0.00%	4.35%	47.35%	44.14%	4.16%	0.00%
DL4	0.00%	2.45%	44.06%	42.70%	10.79%	0.00%
DL5	-nan%	-nan%	-nan%	-nan%	-nan%	-nan%


Tabela Comparativa das Profundidades - Valores Absolutos (FRAME 18)
	AV1
HEVC	DL0	DL1	DL2	DL3	DL4	DL5
DL1	0	45312	8000	2448	304	0
DL2	0	17088	149440	41136	4624	0
DL3	0	4304	72112	86416	8688	0
DL4	0	1648	31568	39280	11920	0
DL5	0	0	0	0	0	0
Tabela Comparativa das Profundidades - Porcentagens (FRAME 18)
	AV1
HEVC	DL0	DL1	DL2	DL3	DL4	DL5
DL1	0.00%	80.82%	14.27%	4.37%	0.54%	0.00%
DL2	0.00%	8.05%	70.39%	19.38%	2.18%	0.00%
DL3	0.00%	2.51%	42.04%	50.38%	5.07%	0.00%
DL4	0.00%	1.95%	37.40%	46.53%	14.12%	0.00%
DL5	-nan%	-nan%	-nan%	-nan%	-nan%	-nan%


Tabela Comparativa das Profundidades - Valores Absolutos (FRAME 19)
	AV1
HEVC	DL0	DL1	DL2	DL3	DL4	DL5
DL1	0	8960	4544	960	128	0
DL2	0	5453	100625	28318	7364	0
DL3	0	4337	75813	67470	18012	0
DL4	0	1116	79040	74016	48132	0
DL5	0	0	0	0	0	0
Tabela Comparativa das Profundidades - Porcentagens (FRAME 19)
	AV1
HEVC	DL0	DL1	DL2	DL3	DL4	DL5
DL1	0.00%	61.40%	31.14%	6.58%	0.88%	0.00%
DL2	0.00%	3.85%	70.98%	19.98%	5.19%	0.00%
DL3	0.00%	2.62%	45.77%	40.73%	10.87%	0.00%
DL4	0.00%	0.55%	39.07%	36.59%	23.79%	0.00%
DL5	-nan%	-nan%	-nan%	-nan%	-nan%	-nan%


Tabela Comparativa das Profundidades - Valores Absolutos (FRAME 20)
	AV1
HEVC	DL0	DL1	DL2	DL3	DL4	DL5
DL1	0	27392	6000	1984	464	0
DL2	0	14462	141382	35708	5824	0
DL3	0	4848	79277	67467	12568	0
DL4	0	2032	52556	49910	22414	0
DL5	0	0	0	0	0	0
Tabela Comparativa das Profundidades - Porcentagens (FRAME 20)
	AV1
HEVC	DL0	DL1	DL2	DL3	DL4	DL5
DL1	0.00%	76.43%	16.74%	5.54%	1.29%	0.00%
DL2	0.00%	7.33%	71.63%	18.09%	2.95%	0.00%
DL3	0.00%	2.95%	48.29%	41.10%	7.66%	0.00%
DL4	0.00%	1.60%	41.41%	39.33%	17.66%	0.00%
DL5	-nan%	-nan%	-nan%	-nan%	-nan%	-nan%


Tabela Comparativa das Profundidades - Valores Absolutos (FRAME 21)
	AV1
HEVC	DL0	DL1	DL2	DL3	DL4	DL5
DL1	0	35840	8384	1184	160	0
DL2	0	15430	162682	37288	4056	0
DL3	0	7264	82916	71140	8008	0
DL4	0	1760	40980	35608	11588	0
DL5	0	0	0	0	0	0
Tabela Comparativa das Profundidades - Porcentagens (FRAME 21)
	AV1
HEVC	DL0	DL1	DL2	DL3	DL4	DL5
DL1	0.00%	78.65%	18.40%	2.60%	0.35%	0.00%
DL2	0.00%	7.03%	74.13%	16.99%	1.85%	0.00%
DL3	0.00%	4.29%	48.97%	42.01%	4.73%	0.00%
DL4	0.00%	1.96%	45.57%	39.59%	12.88%	0.00%
DL5	-nan%	-nan%	-nan%	-nan%	-nan%	-nan%


Tabela Comparativa das Profundidades - Valores Absolutos (FRAME 22)
	AV1
HEVC	DL0	DL1	DL2	DL3	DL4	DL5
DL1	0	38016	12736	1888	352	0
DL2	0	16184	158048	40120	4848	0
DL3	0	4924	80752	74544	7588	0
DL4	0	1068	37168	34668	11384	0
DL5	0	0	0	0	0	0
Tabela Comparativa das Profundidades - Porcentagens (FRAME 22)
	AV1
HEVC	DL0	DL1	DL2	DL3	DL4	DL5
DL1	0.00%	71.74%	24.03%	3.56%	0.66%	0.00%
DL2	0.00%	7.38%	72.10%	18.30%	2.21%	0.00%
DL3	0.00%	2.93%	48.12%	44.42%	4.52%	0.00%
DL4	0.00%	1.27%	44.10%	41.13%	13.51%	0.00%
DL5	-nan%	-nan%	-nan%	-nan%	-nan%	-nan%


Tabela Comparativa das Profundidades - Valores Absolutos (FRAME 23)
	AV1
HEVC	DL0	DL1	DL2	DL3	DL4	DL5
DL1	0	47872	12736	2512	112	0
DL2	0	19224	144208	37624	4192	0
DL3	0	9016	80468	74616	9084	0
DL4	0	2924	34656	34320	10724	0
DL5	0	0	0	0	0	0
Tabela Comparativa das Profundidades - Porcentagens (FRAME 23)
	AV1
HEVC	DL0	DL1	DL2	DL3	DL4	DL5
DL1	0.00%	75.71%	20.14%	3.97%	0.18%	0.00%
DL2	0.00%	9.37%	70.26%	18.33%	2.04%	0.00%
DL3	0.00%	5.21%	46.46%	43.08%	5.25%	0.00%
DL4	0.00%	3.54%	41.94%	41.54%	12.98%	0.00%
DL5	-nan%	-nan%	-nan%	-nan%	-nan%	-nan%


Tabela Comparativa das Profundidades - Valores Absolutos (FRAME 24)
	AV1
HEVC	DL0	DL1	DL2	DL3	DL4	DL5
DL1	0	45120	11584	2800	144	0
DL2	0	19077	146459	40680	4472	0
DL3	0	5668	84747	78501	7500	0
DL4	0	1996	35523	32529	7488	0
DL5	0	0	0	0	0	0
Tabela Comparativa das Profundidades - Porcentagens (FRAME 24)
	AV1
HEVC	DL0	DL1	DL2	DL3	DL4	DL5
DL1	0.00%	75.64%	19.42%	4.69%	0.24%	0.00%
DL2	0.00%	9.05%	69.51%	19.31%	2.12%	0.00%
DL3	0.00%	3.21%	48.04%	44.50%	4.25%	0.00%
DL4	0.00%	2.57%	45.81%	41.95%	9.66%	0.00%
DL5	-nan%	-nan%	-nan%	-nan%	-nan%	-nan%


Tabela Comparativa das Profundidades - Valores Absolutos (FRAME 25)
	AV1
HEVC	DL0	DL1	DL2	DL3	DL4	DL5
DL1	0	37888	7392	1008	48	0
DL2	0	13604	159920	39552	4460	0
DL3	0	5728	81196	79572	8352	0
DL4	0	1728	34816	38272	10752	0
DL5	0	0	0	0	0	0
Tabela Comparativa das Profundidades - Porcentagens (FRAME 25)
	AV1
HEVC	DL0	DL1	DL2	DL3	DL4	DL5
DL1	0.00%	81.77%	15.95%	2.18%	0.10%	0.00%
DL2	0.00%	6.25%	73.51%	18.18%	2.05%	0.00%
DL3	0.00%	3.28%	46.44%	45.51%	4.78%	0.00%
DL4	0.00%	2.02%	40.69%	44.73%	12.57%	0.00%
DL5	-nan%	-nan%	-nan%	-nan%	-nan%	-nan%


Tabela Comparativa das Profundidades - Valores Absolutos (FRAME 26)
	AV1
HEVC	DL0	DL1	DL2	DL3	DL4	DL5
DL1	0	47872	9600	1760	160	0
DL2	0	14632	156448	37044	4676	0
DL3	0	5504	82524	71604	7104	0
DL4	0	1792	38752	34312	10504	0
DL5	0	0	0	0	0	0
Tabela Comparativa das Profundidades - Porcentagens (FRAME 26)
	AV1
HEVC	DL0	DL1	DL2	DL3	DL4	DL5
DL1	0.00%	80.60%	16.16%	2.96%	0.27%	0.00%
DL2	0.00%	6.88%	73.52%	17.41%	2.20%	0.00%
DL3	0.00%	3.30%	49.49%	42.94%	4.26%	0.00%
DL4	0.00%	2.10%	45.40%	40.20%	12.31%	0.00%
DL5	-nan%	-nan%	-nan%	-nan%	-nan%	-nan%


Tabela Comparativa das Profundidades - Valores Absolutos (FRAME 27)
	AV1
HEVC	DL0	DL1	DL2	DL3	DL4	DL5
DL1	0	46848	7296	1888	32	0
DL2	0	18368	149878	41790	5260	0
DL3	0	7751	82829	74936	7876	0
DL4	0	2176	34812	33184	9364	0
DL5	0	0	0	0	0	0
Tabela Comparativa das Profundidades - Porcentagens (FRAME 27)
	AV1
HEVC	DL0	DL1	DL2	DL3	DL4	DL5
DL1	0.00%	83.56%	13.01%	3.37%	0.06%	0.00%
DL2	0.00%	8.53%	69.61%	19.41%	2.44%	0.00%
DL3	0.00%	4.47%	47.77%	43.22%	4.54%	0.00%
DL4	0.00%	2.74%	43.77%	41.72%	11.77%	0.00%
DL5	-nan%	-nan%	-nan%	-nan%	-nan%	-nan%


Tabela Comparativa das Profundidades - Valores Absolutos (FRAME 28)
	AV1
HEVC	DL0	DL1	DL2	DL3	DL4	DL5
DL1	0	28416	10256	2192	96	0
DL2	0	11600	161768	40568	4112	0
DL3	0	5688	88068	78772	7936	0
DL4	0	1440	37144	36200	10032	0
DL5	0	0	0	0	0	0
Tabela Comparativa das Profundidades - Porcentagens (FRAME 28)
	AV1
HEVC	DL0	DL1	DL2	DL3	DL4	DL5
DL1	0.00%	69.38%	25.04%	5.35%	0.23%	0.00%
DL2	0.00%	5.32%	74.19%	18.61%	1.89%	0.00%
DL3	0.00%	3.15%	48.80%	43.65%	4.40%	0.00%
DL4	0.00%	1.70%	43.79%	42.68%	11.83%	0.00%
DL5	-nan%	-nan%	-nan%	-nan%	-nan%	-nan%


Tabela Comparativa das Profundidades - Valores Absolutos (FRAME 29)
	AV1
HEVC	DL0	DL1	DL2	DL3	DL4	DL5
DL1	0	32512	7312	2856	328	0
DL2	0	11872	158824	41072	5320	0
DL3	0	3448	79209	80843	8356	0
DL4	0	1200	37184	42248	11704	0
DL5	0	0	0	0	0	0
Tabela Comparativa das Profundidades - Porcentagens (FRAME 29)
	AV1
HEVC	DL0	DL1	DL2	DL3	DL4	DL5
DL1	0.00%	75.60%	17.00%	6.64%	0.76%	0.00%
DL2	0.00%	5.47%	73.16%	18.92%	2.45%	0.00%
DL3	0.00%	2.01%	46.09%	47.04%	4.86%	0.00%
DL4	0.00%	1.30%	40.27%	45.75%	12.68%	0.00%
DL5	-nan%	-nan%	-nan%	-nan%	-nan%	-nan%


Tabela Comparativa das Profundidades - Valores Absolutos (FRAME 30)
	AV1
HEVC	DL0	DL1	DL2	DL3	DL4	DL5
DL1	0	41728	8128	2000	112	0
DL2	0	14464	158108	37988	3904	0
DL3	0	5920	83786	74000	7254	0
DL4	0	1776	38108	36540	10472	0
DL5	0	0	0	0	0	0
Tabela Comparativa das Profundidades - Porcentagens (FRAME 30)
	AV1
HEVC	DL0	DL1	DL2	DL3	DL4	DL5
DL1	0.00%	80.30%	15.64%	3.85%	0.22%	0.00%
DL2	0.00%	6.74%	73.72%	17.71%	1.82%	0.00%
DL3	0.00%	3.46%	49.01%	43.28%	4.24%	0.00%
DL4	0.00%	2.04%	43.85%	42.05%	12.05%	0.00%
DL5	-nan%	-nan%	-nan%	-nan%	-nan%	-nan%


Tabela Comparativa das Profundidades - Valores Absolutos (FRAME 31)
	AV1
HEVC	DL0	DL1	DL2	DL3	DL4	DL5
DL1	0	39168	10880	2176	256	0
DL2	0	13696	154176	42568	4280	0
DL3	0	5748	78076	83404	7300	0
DL4	0	1648	34156	38408	8348	0
DL5	0	0	0	0	0	0
Tabela Comparativa das Profundidades - Porcentagens (FRAME 31)
	AV1
HEVC	DL0	DL1	DL2	DL3	DL4	DL5
DL1	0.00%	74.63%	20.73%	4.15%	0.49%	0.00%
DL2	0.00%	6.38%	71.80%	19.82%	1.99%	0.00%
DL3	0.00%	3.29%	44.74%	47.79%	4.18%	0.00%
DL4	0.00%	2.00%	41.37%	46.52%	10.11%	0.00%
DL5	-nan%	-nan%	-nan%	-nan%	-nan%	-nan%


Tabela Comparativa das Profundidades - Valores Absolutos (FRAME 32)
	AV1
HEVC	DL0	DL1	DL2	DL3	DL4	DL5
DL1	0	37120	8960	2296	8	0
DL2	0	18816	162756	37660	3552	0
DL3	0	6216	85100	73704	6884	0
DL4	0	2252	36204	33320	9440	0
DL5	0	0	0	0	0	0
Tabela Comparativa das Profundidades - Porcentagens (FRAME 32)
	AV1
HEVC	DL0	DL1	DL2	DL3	DL4	DL5
DL1	0.00%	76.72%	18.52%	4.75%	0.02%	0.00%
DL2	0.00%	8.45%	73.06%	16.90%	1.59%	0.00%
DL3	0.00%	3.62%	49.50%	42.88%	4.00%	0.00%
DL4	0.00%	2.77%	44.58%	41.03%	11.62%	0.00%
DL5	-nan%	-nan%	-nan%	-nan%	-nan%	-nan%


Tabela Comparativa das Profundidades - Valores Absolutos (FRAME 33)
	AV1
HEVC	DL0	DL1	DL2	DL3	DL4	DL5
DL1	0	29952	12576	1696	64	0
DL2	0	12176	164350	37134	3620	0
DL3	0	5587	71159	89206	8896	0
DL4	0	1580	30216	37800	18276	0
DL5	0	0	0	0	0	0
Tabela Comparativa das Profundidades - Porcentagens (FRAME 33)
	AV1
HEVC	DL0	DL1	DL2	DL3	DL4	DL5
DL1	0.00%	67.63%	28.40%	3.83%	0.14%	0.00%
DL2	0.00%	5.60%	75.64%	17.09%	1.67%	0.00%
DL3	0.00%	3.20%	40.70%	51.02%	5.09%	0.00%
DL4	0.00%	1.80%	34.39%	43.02%	20.80%	0.00%
DL5	-nan%	-nan%	-nan%	-nan%	-nan%	-nan%


Tabela Comparativa das Profundidades - Valores Absolutos (FRAME 34)
	AV1
HEVC	DL0	DL1	DL2	DL3	DL4	DL5
DL1	0	39168	10496	1664	128	0
DL2	0	12672	167760	38932	3420	0
DL3	0	4784	88120	74188	7004	0
DL4	0	1360	36084	31088	7420	0
DL5	0	0	0	0	0	0
Tabela Comparativa das Profundidades - Porcentagens (FRAME 34)
	AV1
HEVC	DL0	DL1	DL2	DL3	DL4	DL5
DL1	0.00%	76.12%	20.40%	3.23%	0.25%	0.00%
DL2	0.00%	5.69%	75.30%	17.48%	1.54%	0.00%
DL3	0.00%	2.75%	50.62%	42.61%	4.02%	0.00%
DL4	0.00%	1.79%	47.51%	40.93%	9.77%	0.00%
DL5	-nan%	-nan%	-nan%	-nan%	-nan%	-nan%


Tabela Comparativa das Profundidades - Valores Absolutos (FRAME 35)
	AV1
HEVC	DL0	DL1	DL2	DL3	DL4	DL5
DL1	0	39168	10688	2928	208	0
DL2	0	14144	161408	41024	4288	0
DL3	0	4512	74704	81808	7840	0
DL4	0	1312	32816	36432	11008	0
DL5	0	0	0	0	0	0
Tabela Comparativa das Profundidades - Porcentagens (FRAME 35)
	AV1
HEVC	DL0	DL1	DL2	DL3	DL4	DL5
DL1	0.00%	73.91%	20.17%	5.53%	0.39%	0.00%
DL2	0.00%	6.40%	73.08%	18.57%	1.94%	0.00%
DL3	0.00%	2.67%	44.24%	48.45%	4.64%	0.00%
DL4	0.00%	1.61%	40.23%	44.66%	13.50%	0.00%
DL5	-nan%	-nan%	-nan%	-nan%	-nan%	-nan%


Tabela Comparativa das Profundidades - Valores Absolutos (FRAME 36)
	AV1
HEVC	DL0	DL1	DL2	DL3	DL4	DL5
DL1	512	18688	6880	2000	336	0
DL2	576	11248	158204	37988	5552	0
DL3	784	4796	87172	67652	9372	0
DL4	176	1532	52340	43420	15060	0
DL5	0	0	0	0	0	0
Tabela Comparativa das Profundidades - Porcentagens (FRAME 36)
	AV1
HEVC	DL0	DL1	DL2	DL3	DL4	DL5
DL1	1.80%	65.77%	24.21%	7.04%	1.18%	0.00%
DL2	0.27%	5.27%	74.08%	17.79%	2.60%	0.00%
DL3	0.46%	2.82%	51.35%	39.85%	5.52%	0.00%
DL4	0.16%	1.36%	46.51%	38.59%	13.38%	0.00%
DL5	-nan%	-nan%	-nan%	-nan%	-nan%	-nan%


Tabela Comparativa das Profundidades - Valores Absolutos (FRAME 37)
	AV1
HEVC	DL0	DL1	DL2	DL3	DL4	DL5
DL1	0	20480	5792	1424	208	0
DL2	0	10300	146392	44340	7416	0
DL3	0	3768	70770	83242	12524	0
DL4	0	1248	40708	54360	21316	0
DL5	0	0	0	0	0	0
Tabela Comparativa das Profundidades - Porcentagens (FRAME 37)
	AV1
HEVC	DL0	DL1	DL2	DL3	DL4	DL5
DL1	0.00%	73.39%	20.76%	5.10%	0.75%	0.00%
DL2	0.00%	4.94%	70.23%	21.27%	3.56%	0.00%
DL3	0.00%	2.21%	41.56%	48.88%	7.35%	0.00%
DL4	0.00%	1.06%	34.61%	46.21%	18.12%	0.00%
DL5	-nan%	-nan%	-nan%	-nan%	-nan%	-nan%


Tabela Comparativa das Profundidades - Valores Absolutos (FRAME 38)
	AV1
HEVC	DL0	DL1	DL2	DL3	DL4	DL5
DL1	0	26432	11520	1952	32	0
DL2	0	16724	167934	39030	5176	0
DL3	0	7528	79030	70450	8736	0
DL4	0	2172	39702	36850	11020	0
DL5	0	0	0	0	0	0
Tabela Comparativa das Profundidades - Porcentagens (FRAME 38)
	AV1
HEVC	DL0	DL1	DL2	DL3	DL4	DL5
DL1	0.00%	66.19%	28.85%	4.89%	0.08%	0.00%
DL2	0.00%	7.31%	73.38%	17.05%	2.26%	0.00%
DL3	0.00%	4.54%	47.68%	42.51%	5.27%	0.00%
DL4	0.00%	2.42%	44.24%	41.06%	12.28%	0.00%
DL5	-nan%	-nan%	-nan%	-nan%	-nan%	-nan%


Tabela Comparativa das Profundidades - Valores Absolutos (FRAME 39)
	AV1
HEVC	DL0	DL1	DL2	DL3	DL4	DL5
DL1	0	28672	10368	1888	288	0
DL2	0	12188	159418	42886	4452	0
DL3	0	6152	84202	76962	8300	0
DL4	0	1720	37948	37520	11324	0
DL5	0	0	0	0	0	0
Tabela Comparativa das Profundidades - Porcentagens (FRAME 39)
	AV1
HEVC	DL0	DL1	DL2	DL3	DL4	DL5
DL1	0.00%	69.57%	25.16%	4.58%	0.70%	0.00%
DL2	0.00%	5.57%	72.81%	19.59%	2.03%	0.00%
DL3	0.00%	3.50%	47.95%	43.82%	4.73%	0.00%
DL4	0.00%	1.94%	42.87%	42.39%	12.79%	0.00%
DL5	-nan%	-nan%	-nan%	-nan%	-nan%	-nan%


Tabela Comparativa das Profundidades - Valores Absolutos (FRAME 40)
	AV1
HEVC	DL0	DL1	DL2	DL3	DL4	DL5
DL1	0	36864	10240	2352	208	0
DL2	0	14360	164380	40124	4688	0
DL3	0	6847	83195	73358	7096	0
DL4	0	2008	35500	33950	9118	0
DL5	0	0	0	0	0	0
Tabela Comparativa das Profundidades - Porcentagens (FRAME 40)
	AV1
HEVC	DL0	DL1	DL2	DL3	DL4	DL5
DL1	0.00%	74.23%	20.62%	4.74%	0.42%	0.00%
DL2	0.00%	6.42%	73.53%	17.95%	2.10%	0.00%
DL3	0.00%	4.02%	48.80%	43.03%	4.16%	0.00%
DL4	0.00%	2.49%	44.06%	42.13%	11.32%	0.00%
DL5	-nan%	-nan%	-nan%	-nan%	-nan%	-nan%


Tabela Comparativa das Profundidades - Valores Absolutos (FRAME 41)
	AV1
HEVC	DL0	DL1	DL2	DL3	DL4	DL5
DL1	256	40448	10176	3040	96	0
DL2	128	12088	162726	41050	4232	0
DL3	240	6960	82278	78022	5812	0
DL4	144	1808	34560	32388	7836	0
DL5	0	0	0	0	0	0
Tabela Comparativa das Profundidades - Porcentagens (FRAME 41)
	AV1
HEVC	DL0	DL1	DL2	DL3	DL4	DL5
DL1	0.47%	74.88%	18.84%	5.63%	0.18%	0.00%
DL2	0.06%	5.49%	73.89%	18.64%	1.92%	0.00%
DL3	0.14%	4.02%	47.47%	45.02%	3.35%	0.00%
DL4	0.19%	2.36%	45.04%	42.21%	10.21%	0.00%
DL5	-nan%	-nan%	-nan%	-nan%	-nan%	-nan%


Tabela Comparativa das Profundidades - Valores Absolutos (FRAME 42)
	AV1
HEVC	DL0	DL1	DL2	DL3	DL4	DL5
DL1	0	30720	8912	1568	16	0
DL2	0	17046	156441	42489	4504	0
DL3	0	8212	81436	83132	7860	0
DL4	0	2640	35224	34460	9628	0
DL5	0	0	0	0	0	0
Tabela Comparativa das Profundidades - Porcentagens (FRAME 42)
	AV1
HEVC	DL0	DL1	DL2	DL3	DL4	DL5
DL1	0.00%	74.53%	21.62%	3.80%	0.04%	0.00%
DL2	0.00%	7.73%	70.95%	19.27%	2.04%	0.00%
DL3	0.00%	4.55%	45.08%	46.02%	4.35%	0.00%
DL4	0.00%	3.22%	42.98%	42.05%	11.75%	0.00%
DL5	-nan%	-nan%	-nan%	-nan%	-nan%	-nan%


Tabela Comparativa das Profundidades - Valores Absolutos (FRAME 43)
	AV1
HEVC	DL0	DL1	DL2	DL3	DL4	DL5
DL1	0	36096	11264	2768	48	0
DL2	0	14144	161764	41020	3616	0
DL3	0	4864	79006	78594	7792	0
DL4	0	1248	35254	35494	11316	0
DL5	0	0	0	0	0	0
Tabela Comparativa das Profundidades - Porcentagens (FRAME 43)
	AV1
HEVC	DL0	DL1	DL2	DL3	DL4	DL5
DL1	0.00%	71.94%	22.45%	5.52%	0.10%	0.00%
DL2	0.00%	6.41%	73.35%	18.60%	1.64%	0.00%
DL3	0.00%	2.86%	46.40%	46.16%	4.58%	0.00%
DL4	0.00%	1.50%	42.32%	42.60%	13.58%	0.00%
DL5	-nan%	-nan%	-nan%	-nan%	-nan%	-nan%


Tabela Comparativa das Profundidades - Valores Absolutos (FRAME 44)
	AV1
HEVC	DL0	DL1	DL2	DL3	DL4	DL5
DL1	0	42752	7680	960	64	0
DL2	0	17808	156659	41673	4340	0
DL3	0	8302	81306	78364	8012	0
DL4	0	2592	31564	33588	8624	0
DL5	0	0	0	0	0	0
Tabela Comparativa das Profundidades - Porcentagens (FRAME 44)
	AV1
HEVC	DL0	DL1	DL2	DL3	DL4	DL5
DL1	0.00%	83.08%	14.93%	1.87%	0.12%	0.00%
DL2	0.00%	8.08%	71.05%	18.90%	1.97%	0.00%
DL3	0.00%	4.72%	46.20%	44.53%	4.55%	0.00%
DL4	0.00%	3.39%	41.33%	43.98%	11.29%	0.00%
DL5	-nan%	-nan%	-nan%	-nan%	-nan%	-nan%


Tabela Comparativa das Profundidades - Valores Absolutos (FRAME 45)
	AV1
HEVC	DL0	DL1	DL2	DL3	DL4	DL5
DL1	0	35328	10112	2160	16	0
DL2	0	16024	150825	38747	4772	0
DL3	0	9056	88485	78663	6548	0
DL4	0	2540	37784	35248	7980	0
DL5	0	0	0	0	0	0
Tabela Comparativa das Profundidades - Porcentagens (FRAME 45)
	AV1
HEVC	DL0	DL1	DL2	DL3	DL4	DL5
DL1	0.00%	74.19%	21.24%	4.54%	0.03%	0.00%
DL2	0.00%	7.62%	71.70%	18.42%	2.27%	0.00%
DL3	0.00%	4.96%	48.42%	43.04%	3.58%	0.00%
DL4	0.00%	3.04%	45.22%	42.19%	9.55%	0.00%
DL5	-nan%	-nan%	-nan%	-nan%	-nan%	-nan%


Tabela Comparativa das Profundidades - Valores Absolutos (FRAME 46)
	AV1
HEVC	DL0	DL1	DL2	DL3	DL4	DL5
DL1	0	37376	7360	1520	80	0
DL2	0	14656	168080	36960	4112	0
DL3	0	6460	79056	73900	7752	0
DL4	0	2280	38596	35424	10676	0
DL5	0	0	0	0	0	0
Tabela Comparativa das Profundidades - Porcentagens (FRAME 46)
	AV1
HEVC	DL0	DL1	DL2	DL3	DL4	DL5
DL1	0.00%	80.66%	15.88%	3.28%	0.17%	0.00%
DL2	0.00%	6.55%	75.10%	16.51%	1.84%	0.00%
DL3	0.00%	3.86%	47.29%	44.21%	4.64%	0.00%
DL4	0.00%	2.62%	44.38%	40.73%	12.27%	0.00%
DL5	-nan%	-nan%	-nan%	-nan%	-nan%	-nan%


Tabela Comparativa das Profundidades - Valores Absolutos (FRAME 47)
	AV1
HEVC	DL0	DL1	DL2	DL3	DL4	DL5
DL1	0	42496	9456	1720	88	0
DL2	0	17004	162736	35376	3508	0
DL3	0	9404	81600	71932	7544	0
DL4	0	2492	34720	34464	9748	0
DL5	0	0	0	0	0	0
Tabela Comparativa das Profundidades - Porcentagens (FRAME 47)
	AV1
HEVC	DL0	DL1	DL2	DL3	DL4	DL5
DL1	0.00%	79.05%	17.59%	3.20%	0.16%	0.00%
DL2	0.00%	7.78%	74.44%	16.18%	1.60%	0.00%
DL3	0.00%	5.52%	47.86%	42.19%	4.43%	0.00%
DL4	0.00%	3.06%	42.64%	42.33%	11.97%	0.00%
DL5	-nan%	-nan%	-nan%	-nan%	-nan%	-nan%


Tabela Comparativa das Profundidades - Valores Absolutos (FRAME 48)
	AV1
HEVC	DL0	DL1	DL2	DL3	DL4	DL5
DL1	256	33536	9792	2352	144	0
DL2	259	15021	164656	40480	3712	0
DL3	24	6464	82343	81193	6648	0
DL4	20	1928	32744	34708	8008	0
DL5	0	0	0	0	0	0
Tabela Comparativa das Profundidades - Porcentagens (FRAME 48)
	AV1
HEVC	DL0	DL1	DL2	DL3	DL4	DL5
DL1	0.56%	72.78%	21.25%	5.10%	0.31%	0.00%
DL2	0.12%	6.70%	73.47%	18.06%	1.66%	0.00%
DL3	0.01%	3.66%	46.61%	45.96%	3.76%	0.00%
DL4	0.03%	2.49%	42.30%	44.84%	10.35%	0.00%
DL5	-nan%	-nan%	-nan%	-nan%	-nan%	-nan%


Tabela Comparativa das Profundidades - Valores Absolutos (FRAME 49)
	AV1
HEVC	DL0	DL1	DL2	DL3	DL4	DL5
DL1	256	29440	10464	2512	80	0
DL2	192	12848	168282	37458	3172	0
DL3	224	8916	91092	72864	6376	0
DL4	96	2716	37448	31708	8144	0
DL5	0	0	0	0	0	0
Tabela Comparativa das Profundidades - Porcentagens (FRAME 49)
	AV1
HEVC	DL0	DL1	DL2	DL3	DL4	DL5
DL1	0.60%	68.86%	24.48%	5.88%	0.19%	0.00%
DL2	0.09%	5.79%	75.82%	16.88%	1.43%	0.00%
DL3	0.12%	4.97%	50.76%	40.60%	3.55%	0.00%
DL4	0.12%	3.39%	46.74%	39.58%	10.17%	0.00%
DL5	-nan%	-nan%	-nan%	-nan%	-nan%	-nan%


Tabela Comparativa das Profundidades - Valores Absolutos (FRAME 50)
	AV1
HEVC	DL0	DL1	DL2	DL3	DL4	DL5
DL1	0	32000	8864	2320	80	0
DL2	0	11520	170396	37556	2288	0
DL3	0	4704	80571	81501	6968	0
DL4	0	1676	32756	34976	16112	0
DL5	0	0	0	0	0	0
Tabela Comparativa das Profundidades - Porcentagens (FRAME 50)
	AV1
HEVC	DL0	DL1	DL2	DL3	DL4	DL5
DL1	0.00%	73.96%	20.49%	5.36%	0.18%	0.00%
DL2	0.00%	5.19%	76.84%	16.94%	1.03%	0.00%
DL3	0.00%	2.71%	46.37%	46.91%	4.01%	0.00%
DL4	0.00%	1.96%	38.30%	40.90%	18.84%	0.00%
DL5	-nan%	-nan%	-nan%	-nan%	-nan%	-nan%


Tabela Comparativa das Profundidades - Valores Absolutos (FRAME 51)
	AV1
HEVC	DL0	DL1	DL2	DL3	DL4	DL5
DL1	0	32000	10880	2416	272	0
DL2	0	11488	173330	38782	3664	0
DL3	0	6697	91667	71548	6296	0
DL4	0	1736	36652	29720	7140	0
DL5	0	0	0	0	0	0
Tabela Comparativa das Profundidades - Porcentagens (FRAME 51)
	AV1
HEVC	DL0	DL1	DL2	DL3	DL4	DL5
DL1	0.00%	70.22%	23.88%	5.30%	0.60%	0.00%
DL2	0.00%	5.05%	76.27%	17.06%	1.61%	0.00%
DL3	0.00%	3.80%	52.02%	40.60%	3.57%	0.00%
DL4	0.00%	2.31%	48.71%	39.50%	9.49%	0.00%
DL5	-nan%	-nan%	-nan%	-nan%	-nan%	-nan%


Tabela Comparativa das Profundidades - Valores Absolutos (FRAME 52)
	AV1
HEVC	DL0	DL1	DL2	DL3	DL4	DL5
DL1	0	41216	12288	1856	448	0
DL2	0	13184	168128	40592	4400	0
DL3	0	6464	76464	75008	6848	0
DL4	0	2112	32720	33536	9024	0
DL5	0	0	0	0	0	0
Tabela Comparativa das Profundidades - Porcentagens (FRAME 52)
	AV1
HEVC	DL0	DL1	DL2	DL3	DL4	DL5
DL1	0.00%	73.85%	22.02%	3.33%	0.80%	0.00%
DL2	0.00%	5.83%	74.29%	17.94%	1.94%	0.00%
DL3	0.00%	3.92%	46.40%	45.52%	4.16%	0.00%
DL4	0.00%	2.73%	42.28%	43.33%	11.66%	0.00%
DL5	-nan%	-nan%	-nan%	-nan%	-nan%	-nan%


Tabela Comparativa das Profundidades - Valores Absolutos (FRAME 53)
	AV1
HEVC	DL0	DL1	DL2	DL3	DL4	DL5
DL1	0	20992	8576	2048	128	0
DL2	0	12280	158532	35412	5040	0
DL3	0	5762	90271	64907	9924	0
DL4	0	1948	53298	39650	15520	0
DL5	0	0	0	0	0	0
Tabela Comparativa das Profundidades - Porcentagens (FRAME 53)
	AV1
HEVC	DL0	DL1	DL2	DL3	DL4	DL5
DL1	0.00%	66.13%	27.02%	6.45%	0.40%	0.00%
DL2	0.00%	5.81%	75.04%	16.76%	2.39%	0.00%
DL3	0.00%	3.37%	52.83%	37.99%	5.81%	0.00%
DL4	0.00%	1.76%	48.27%	35.91%	14.06%	0.00%
DL5	-nan%	-nan%	-nan%	-nan%	-nan%	-nan%


Tabela Comparativa das Profundidades - Valores Absolutos (FRAME 54)
	AV1
HEVC	DL0	DL1	DL2	DL3	DL4	DL5
DL1	256	33024	12992	1744	112	0
DL2	512	14136	165212	36884	4888	0
DL3	256	5352	79400	72132	8220	0
DL4	0	1872	37872	37432	11992	0
DL5	0	0	0	0	0	0
Tabela Comparativa das Profundidades - Porcentagens (FRAME 54)
	AV1
HEVC	DL0	DL1	DL2	DL3	DL4	DL5
DL1	0.53%	68.62%	26.99%	3.62%	0.23%	0.00%
DL2	0.23%	6.38%	74.54%	16.64%	2.21%	0.00%
DL3	0.15%	3.24%	48.02%	43.62%	4.97%	0.00%
DL4	0.00%	2.10%	42.47%	41.98%	13.45%	0.00%
DL5	-nan%	-nan%	-nan%	-nan%	-nan%	-nan%


Tabela Comparativa das Profundidades - Valores Absolutos (FRAME 55)
	AV1
HEVC	DL0	DL1	DL2	DL3	DL4	DL5
DL1	0	34560	9024	1136	80	0
DL2	0	14720	169582	38914	5648	0
DL3	0	5900	82321	71187	7920	0
DL4	0	1916	35716	35100	10564	0
DL5	0	0	0	0	0	0
Tabela Comparativa das Profundidades - Porcentagens (FRAME 55)
	AV1
HEVC	DL0	DL1	DL2	DL3	DL4	DL5
DL1	0.00%	77.14%	20.14%	2.54%	0.18%	0.00%
DL2	0.00%	6.43%	74.10%	17.00%	2.47%	0.00%
DL3	0.00%	3.53%	49.20%	42.54%	4.73%	0.00%
DL4	0.00%	2.30%	42.88%	42.14%	12.68%	0.00%
DL5	-nan%	-nan%	-nan%	-nan%	-nan%	-nan%


Tabela Comparativa das Profundidades - Valores Absolutos (FRAME 56)
	AV1
HEVC	DL0	DL1	DL2	DL3	DL4	DL5
DL1	0	39936	9184	2368	224	0
DL2	0	13626	173718	37760	4400	0
DL3	0	6608	84436	70792	5812	0
DL4	0	2160	33476	31580	8208	0
DL5	0	0	0	0	0	0
Tabela Comparativa das Profundidades - Porcentagens (FRAME 56)
	AV1
HEVC	DL0	DL1	DL2	DL3	DL4	DL5
DL1	0.00%	77.23%	17.76%	4.58%	0.43%	0.00%
DL2	0.00%	5.94%	75.69%	16.45%	1.92%	0.00%
DL3	0.00%	3.94%	50.37%	42.23%	3.47%	0.00%
DL4	0.00%	2.86%	44.38%	41.87%	10.88%	0.00%
DL5	-nan%	-nan%	-nan%	-nan%	-nan%	-nan%


Tabela Comparativa das Profundidades - Valores Absolutos (FRAME 57)
	AV1
HEVC	DL0	DL1	DL2	DL3	DL4	DL5
DL1	0	42560	10560	1952	224	0
DL2	0	15274	167202	38688	3732	0
DL3	0	7360	86416	69668	6764	0
DL4	0	2000	35076	29944	6868	0
DL5	0	0	0	0	0	0
Tabela Comparativa das Profundidades - Porcentagens (FRAME 57)
	AV1
HEVC	DL0	DL1	DL2	DL3	DL4	DL5
DL1	0.00%	76.97%	19.10%	3.53%	0.41%	0.00%
DL2	0.00%	6.79%	74.35%	17.20%	1.66%	0.00%
DL3	0.00%	4.32%	50.77%	40.93%	3.97%	0.00%
DL4	0.00%	2.71%	47.47%	40.53%	9.30%	0.00%
DL5	-nan%	-nan%	-nan%	-nan%	-nan%	-nan%


Tabela Comparativa das Profundidades - Valores Absolutos (FRAME 58)
	AV1
HEVC	DL0	DL1	DL2	DL3	DL4	DL5
DL1	0	33536	12224	1392	208	0
DL2	0	15248	169664	36068	3980	0
DL3	0	8292	76352	77792	7868	0
DL4	0	2264	32580	33876	12944	0
DL5	0	0	0	0	0	0
Tabela Comparativa das Profundidades - Porcentagens (FRAME 58)
	AV1
HEVC	DL0	DL1	DL2	DL3	DL4	DL5
DL1	0.00%	70.81%	25.81%	2.94%	0.44%	0.00%
DL2	0.00%	6.78%	75.42%	16.03%	1.77%	0.00%
DL3	0.00%	4.87%	44.83%	45.68%	4.62%	0.00%
DL4	0.00%	2.77%	39.90%	41.48%	15.85%	0.00%
DL5	-nan%	-nan%	-nan%	-nan%	-nan%	-nan%


Tabela Comparativa das Profundidades - Valores Absolutos (FRAME 59)
	AV1
HEVC	DL0	DL1	DL2	DL3	DL4	DL5
DL1	0	45568	11520	1952	96	0
DL2	0	16220	160572	36712	3200	0
DL3	0	6036	78452	73400	8384	0
DL4	0	2184	34192	32224	13576	0
DL5	0	0	0	0	0	0
Tabela Comparativa das Profundidades - Porcentagens (FRAME 59)
	AV1
HEVC	DL0	DL1	DL2	DL3	DL4	DL5
DL1	0.00%	77.06%	19.48%	3.30%	0.16%	0.00%
DL2	0.00%	7.48%	74.10%	16.94%	1.48%	0.00%
DL3	0.00%	3.63%	47.18%	44.14%	5.04%	0.00%
DL4	0.00%	2.66%	41.61%	39.21%	16.52%	0.00%
DL5	-nan%	-nan%	-nan%	-nan%	-nan%	-nan%


Tabela Comparativa das Profundidades - Valores Absolutos (FRAME 60)
	AV1
HEVC	DL0	DL1	DL2	DL3	DL4	DL5
DL1	0	47936	7168	2304	448	0
DL2	0	16344	156144	41112	4128	0
DL3	0	7620	80024	77388	6808	0
DL4	0	1872	34112	32792	8088	0
DL5	0	0	0	0	0	0
Tabela Comparativa das Profundidades - Porcentagens (FRAME 60)
	AV1
HEVC	DL0	DL1	DL2	DL3	DL4	DL5
DL1	0.00%	82.85%	12.39%	3.98%	0.77%	0.00%
DL2	0.00%	7.51%	71.72%	18.88%	1.90%	0.00%
DL3	0.00%	4.43%	46.57%	45.03%	3.96%	0.00%
DL4	0.00%	2.44%	44.38%	42.66%	10.52%	0.00%
DL5	-nan%	-nan%	-nan%	-nan%	-nan%	-nan%


