Tabela Comparativa das Profundidades - Valores Absolutos (FRAME  1)
	AV1
HEVC	DL0	DL1	DL2	DL3	DL4	DL5
DL1	0	56064	14784	1664	448	0
DL2	0	24192	161152	25056	9568	0
DL3	0	6016	47536	67168	17712	0
DL4	0	1536	19920	26592	44880	0
DL5	0	0	0	0	0	0
Tabela Comparativa das Profundidades - Porcentagens (FRAME  1)
	AV1
HEVC	DL0	DL1	DL2	DL3	DL4	DL5
DL1	0.00%	76.84%	20.26%	2.28%	0.61%	0.00%
DL2	0.00%	11.00%	73.26%	11.39%	4.35%	0.00%
DL3	0.00%	4.35%	34.34%	48.52%	12.79%	0.00%
DL4	0.00%	1.65%	21.44%	28.62%	48.30%	0.00%
DL5	-nan%	-nan%	-nan%	-nan%	-nan%	-nan%


Tabela Comparativa das Profundidades - Valores Absolutos (FRAME  2)
	AV1
HEVC	DL0	DL1	DL2	DL3	DL4	DL5
DL1	0	107008	20944	1244	84	0
DL2	0	39268	168584	17400	1180	0
DL3	0	12704	84376	32122	1934	0
DL4	0	1900	23312	10352	1876	0
DL5	0	0	0	0	0	0
Tabela Comparativa das Profundidades - Porcentagens (FRAME  2)
	AV1
HEVC	DL0	DL1	DL2	DL3	DL4	DL5
DL1	0.00%	82.77%	16.20%	0.96%	0.06%	0.00%
DL2	0.00%	17.34%	74.45%	7.68%	0.52%	0.00%
DL3	0.00%	9.69%	64.34%	24.50%	1.47%	0.00%
DL4	0.00%	5.07%	62.26%	27.65%	5.01%	0.00%
DL5	-nan%	-nan%	-nan%	-nan%	-nan%	-nan%


Tabela Comparativa das Profundidades - Valores Absolutos (FRAME  3)
	AV1
HEVC	DL0	DL1	DL2	DL3	DL4	DL5
DL1	0	112128	22144	864	32	0
DL2	0	53568	168016	12448	400	0
DL3	0	16576	75616	28992	1040	0
DL4	0	2176	19328	9344	1616	0
DL5	0	0	0	0	0	0
Tabela Comparativa das Profundidades - Porcentagens (FRAME  3)
	AV1
HEVC	DL0	DL1	DL2	DL3	DL4	DL5
DL1	0.00%	82.95%	16.38%	0.64%	0.02%	0.00%
DL2	0.00%	22.85%	71.67%	5.31%	0.17%	0.00%
DL3	0.00%	13.56%	61.87%	23.72%	0.85%	0.00%
DL4	0.00%	6.70%	59.54%	28.78%	4.98%	0.00%
DL5	-nan%	-nan%	-nan%	-nan%	-nan%	-nan%


Tabela Comparativa das Profundidades - Valores Absolutos (FRAME  4)
	AV1
HEVC	DL0	DL1	DL2	DL3	DL4	DL5
DL1	0	189696	20160	832	0	0
DL2	0	63808	137776	7648	240	0
DL3	0	16160	45680	22864	896	0
DL4	0	2144	7760	6768	1856	0
DL5	0	0	0	0	0	0
Tabela Comparativa das Profundidades - Porcentagens (FRAME  4)
	AV1
HEVC	DL0	DL1	DL2	DL3	DL4	DL5
DL1	0.00%	90.04%	9.57%	0.39%	0.00%	0.00%
DL2	0.00%	30.46%	65.77%	3.65%	0.11%	0.00%
DL3	0.00%	18.88%	53.36%	26.71%	1.05%	0.00%
DL4	0.00%	11.57%	41.88%	36.53%	10.02%	0.00%
DL5	-nan%	-nan%	-nan%	-nan%	-nan%	-nan%


Tabela Comparativa das Profundidades - Valores Absolutos (FRAME  5)
	AV1
HEVC	DL0	DL1	DL2	DL3	DL4	DL5
DL1	0	246272	21312	688	16	0
DL2	0	49728	119216	7520	304	0
DL3	0	13360	31856	20768	976	0
DL4	0	1200	4864	5184	1024	0
DL5	0	0	0	0	0	0
Tabela Comparativa das Profundidades - Porcentagens (FRAME  5)
	AV1
HEVC	DL0	DL1	DL2	DL3	DL4	DL5
DL1	0.00%	91.79%	7.94%	0.26%	0.01%	0.00%
DL2	0.00%	28.13%	67.44%	4.25%	0.17%	0.00%
DL3	0.00%	19.95%	47.57%	31.02%	1.46%	0.00%
DL4	0.00%	9.78%	39.63%	42.24%	8.34%	0.00%
DL5	-nan%	-nan%	-nan%	-nan%	-nan%	-nan%


Tabela Comparativa das Profundidades - Valores Absolutos (FRAME  6)
	AV1
HEVC	DL0	DL1	DL2	DL3	DL4	DL5
DL1	0	328448	11072	928	32	0
DL2	0	49392	73040	5616	400	0
DL3	0	12704	22480	11392	480	0
DL4	0	1216	3920	2512	656	0
DL5	0	0	0	0	0	0
Tabela Comparativa das Profundidades - Porcentagens (FRAME  6)
	AV1
HEVC	DL0	DL1	DL2	DL3	DL4	DL5
DL1	0.00%	96.47%	3.25%	0.27%	0.01%	0.00%
DL2	0.00%	38.45%	56.86%	4.37%	0.31%	0.00%
DL3	0.00%	27.00%	47.77%	24.21%	1.02%	0.00%
DL4	0.00%	14.64%	47.21%	30.25%	7.90%	0.00%
DL5	-nan%	-nan%	-nan%	-nan%	-nan%	-nan%


Tabela Comparativa das Profundidades - Valores Absolutos (FRAME  7)
	AV1
HEVC	DL0	DL1	DL2	DL3	DL4	DL5
DL1	0	375376	12832	1424	0	0
DL2	0	33712	55760	4176	112	0
DL3	0	12336	14592	8720	160	0
DL4	0	784	2752	1392	160	0
DL5	0	0	0	0	0	0
Tabela Comparativa das Profundidades - Porcentagens (FRAME  7)
	AV1
HEVC	DL0	DL1	DL2	DL3	DL4	DL5
DL1	0.00%	96.34%	3.29%	0.37%	0.00%	0.00%
DL2	0.00%	35.96%	59.47%	4.45%	0.12%	0.00%
DL3	0.00%	34.45%	40.75%	24.35%	0.45%	0.00%
DL4	0.00%	15.41%	54.09%	27.36%	3.14%	0.00%
DL5	-nan%	-nan%	-nan%	-nan%	-nan%	-nan%


Tabela Comparativa das Profundidades - Valores Absolutos (FRAME  8)
	AV1
HEVC	DL0	DL1	DL2	DL3	DL4	DL5
DL1	0	326656	18688	512	0	0
DL2	0	42694	80218	5344	192	0
DL3	0	12384	15760	13312	448	0
DL4	0	928	2992	3296	864	0
DL5	0	0	0	0	0	0
Tabela Comparativa das Profundidades - Porcentagens (FRAME  8)
	AV1
HEVC	DL0	DL1	DL2	DL3	DL4	DL5
DL1	0.00%	94.45%	5.40%	0.15%	0.00%	0.00%
DL2	0.00%	33.24%	62.45%	4.16%	0.15%	0.00%
DL3	0.00%	29.55%	37.61%	31.77%	1.07%	0.00%
DL4	0.00%	11.49%	37.03%	40.79%	10.69%	0.00%
DL5	-nan%	-nan%	-nan%	-nan%	-nan%	-nan%


Tabela Comparativa das Profundidades - Valores Absolutos (FRAME  9)
	AV1
HEVC	DL0	DL1	DL2	DL3	DL4	DL5
DL1	0	352512	13504	1024	64	0
DL2	0	31424	75200	4880	112	0
DL3	0	11056	17152	9520	496	0
DL4	0	752	3184	2704	704	0
DL5	0	0	0	0	0	0
Tabela Comparativa das Profundidades - Porcentagens (FRAME  9)
	AV1
HEVC	DL0	DL1	DL2	DL3	DL4	DL5
DL1	0.00%	96.03%	3.68%	0.28%	0.02%	0.00%
DL2	0.00%	28.15%	67.37%	4.37%	0.10%	0.00%
DL3	0.00%	28.92%	44.87%	24.91%	1.30%	0.00%
DL4	0.00%	10.24%	43.36%	36.82%	9.59%	0.00%
DL5	-nan%	-nan%	-nan%	-nan%	-nan%	-nan%


Tabela Comparativa das Profundidades - Valores Absolutos (FRAME 10)
	AV1
HEVC	DL0	DL1	DL2	DL3	DL4	DL5
DL1	0	388672	12336	640	16	0
DL2	0	32152	51464	3824	48	0
DL3	0	10956	11780	7200	288	0
DL4	0	512	2480	1744	176	0
DL5	0	0	0	0	0	0
Tabela Comparativa das Profundidades - Porcentagens (FRAME 10)
	AV1
HEVC	DL0	DL1	DL2	DL3	DL4	DL5
DL1	0.00%	96.77%	3.07%	0.16%	0.00%	0.00%
DL2	0.00%	36.75%	58.82%	4.37%	0.05%	0.00%
DL3	0.00%	36.25%	38.98%	23.82%	0.95%	0.00%
DL4	0.00%	10.42%	50.49%	35.50%	3.58%	0.00%
DL5	-nan%	-nan%	-nan%	-nan%	-nan%	-nan%


Tabela Comparativa das Profundidades - Valores Absolutos (FRAME 11)
	AV1
HEVC	DL0	DL1	DL2	DL3	DL4	DL5
DL1	0	334816	13056	1056	0	0
DL2	0	52088	67464	4080	272	0
DL3	0	15584	17488	10080	304	0
DL4	0	1376	3504	2592	528	0
DL5	0	0	0	0	0	0
Tabela Comparativa das Profundidades - Porcentagens (FRAME 11)
	AV1
HEVC	DL0	DL1	DL2	DL3	DL4	DL5
DL1	0.00%	95.96%	3.74%	0.30%	0.00%	0.00%
DL2	0.00%	42.04%	54.45%	3.29%	0.22%	0.00%
DL3	0.00%	35.86%	40.24%	23.20%	0.70%	0.00%
DL4	0.00%	17.20%	43.80%	32.40%	6.60%	0.00%
DL5	-nan%	-nan%	-nan%	-nan%	-nan%	-nan%


Tabela Comparativa das Profundidades - Valores Absolutos (FRAME 12)
	AV1
HEVC	DL0	DL1	DL2	DL3	DL4	DL5
DL1	0	265984	17088	320	0	0
DL2	0	53632	111296	7456	224	0
DL3	0	14208	28960	14304	400	0
DL4	0	1280	4608	3568	960	0
DL5	0	0	0	0	0	0
Tabela Comparativa das Profundidades - Porcentagens (FRAME 12)
	AV1
HEVC	DL0	DL1	DL2	DL3	DL4	DL5
DL1	0.00%	93.86%	6.03%	0.11%	0.00%	0.00%
DL2	0.00%	31.07%	64.48%	4.32%	0.13%	0.00%
DL3	0.00%	24.55%	50.04%	24.72%	0.69%	0.00%
DL4	0.00%	12.29%	44.24%	34.25%	9.22%	0.00%
DL5	-nan%	-nan%	-nan%	-nan%	-nan%	-nan%


Tabela Comparativa das Profundidades - Valores Absolutos (FRAME 13)
	AV1
HEVC	DL0	DL1	DL2	DL3	DL4	DL5
DL1	0	332800	12960	864	0	0
DL2	0	42616	77832	4960	224	0
DL3	0	12064	19264	12464	720	0
DL4	0	352	2656	3232	1280	0
DL5	0	0	0	0	0	0
Tabela Comparativa das Profundidades - Porcentagens (FRAME 13)
	AV1
HEVC	DL0	DL1	DL2	DL3	DL4	DL5
DL1	0.00%	96.01%	3.74%	0.25%	0.00%	0.00%
DL2	0.00%	33.92%	61.95%	3.95%	0.18%	0.00%
DL3	0.00%	27.10%	43.28%	28.00%	1.62%	0.00%
DL4	0.00%	4.68%	35.32%	42.98%	17.02%	0.00%
DL5	-nan%	-nan%	-nan%	-nan%	-nan%	-nan%


Tabela Comparativa das Profundidades - Valores Absolutos (FRAME 14)
	AV1
HEVC	DL0	DL1	DL2	DL3	DL4	DL5
DL1	0	388352	11456	1088	0	0
DL2	0	30008	52936	3440	144	0
DL3	0	12016	12816	7024	272	0
DL4	0	720	2544	1232	240	0
DL5	0	0	0	0	0	0
Tabela Comparativa das Profundidades - Porcentagens (FRAME 14)
	AV1
HEVC	DL0	DL1	DL2	DL3	DL4	DL5
DL1	0.00%	96.87%	2.86%	0.27%	0.00%	0.00%
DL2	0.00%	34.68%	61.18%	3.98%	0.17%	0.00%
DL3	0.00%	37.40%	39.89%	21.86%	0.85%	0.00%
DL4	0.00%	15.20%	53.72%	26.01%	5.07%	0.00%
DL5	-nan%	-nan%	-nan%	-nan%	-nan%	-nan%


Tabela Comparativa das Profundidades - Valores Absolutos (FRAME 15)
	AV1
HEVC	DL0	DL1	DL2	DL3	DL4	DL5
DL1	0	388352	8384	800	32	0
DL2	0	30784	52352	5232	272	0
DL3	0	11912	12368	7752	288	0
DL4	0	624	2928	1872	336	0
DL5	0	0	0	0	0	0
Tabela Comparativa das Profundidades - Porcentagens (FRAME 15)
	AV1
HEVC	DL0	DL1	DL2	DL3	DL4	DL5
DL1	0.00%	97.68%	2.11%	0.20%	0.01%	0.00%
DL2	0.00%	34.73%	59.06%	5.90%	0.31%	0.00%
DL3	0.00%	36.86%	38.27%	23.99%	0.89%	0.00%
DL4	0.00%	10.83%	50.83%	32.50%	5.83%	0.00%
DL5	-nan%	-nan%	-nan%	-nan%	-nan%	-nan%


Tabela Comparativa das Profundidades - Valores Absolutos (FRAME 16)
	AV1
HEVC	DL0	DL1	DL2	DL3	DL4	DL5
DL1	0	283904	19200	736	32	0
DL2	0	42808	113880	4688	96	0
DL3	0	10704	21936	16384	528	0
DL4	0	592	3120	3968	1712	0
DL5	0	0	0	0	0	0
Tabela Comparativa das Profundidades - Porcentagens (FRAME 16)
	AV1
HEVC	DL0	DL1	DL2	DL3	DL4	DL5
DL1	0.00%	93.43%	6.32%	0.24%	0.01%	0.00%
DL2	0.00%	26.51%	70.53%	2.90%	0.06%	0.00%
DL3	0.00%	21.60%	44.27%	33.06%	1.07%	0.00%
DL4	0.00%	6.30%	33.22%	42.25%	18.23%	0.00%
DL5	-nan%	-nan%	-nan%	-nan%	-nan%	-nan%


Tabela Comparativa das Profundidades - Valores Absolutos (FRAME 17)
	AV1
HEVC	DL0	DL1	DL2	DL3	DL4	DL5
DL1	0	394240	7552	128	0	0
DL2	0	31552	52288	3728	304	0
DL3	0	10928	11680	6960	320	0
DL4	0	400	2080	1888	240	0
DL5	0	0	0	0	0	0
Tabela Comparativa das Profundidades - Porcentagens (FRAME 17)
	AV1
HEVC	DL0	DL1	DL2	DL3	DL4	DL5
DL1	0.00%	98.09%	1.88%	0.03%	0.00%	0.00%
DL2	0.00%	35.91%	59.50%	4.24%	0.35%	0.00%
DL3	0.00%	36.56%	39.08%	23.29%	1.07%	0.00%
DL4	0.00%	8.68%	45.14%	40.97%	5.21%	0.00%
DL5	-nan%	-nan%	-nan%	-nan%	-nan%	-nan%


Tabela Comparativa das Profundidades - Valores Absolutos (FRAME 18)
	AV1
HEVC	DL0	DL1	DL2	DL3	DL4	DL5
DL1	0	400640	11776	992	32	0
DL2	0	24448	54848	3968	192	0
DL3	0	3088	9104	10592	560	0
DL4	0	368	1072	1824	784	0
DL5	0	0	0	0	0	0
Tabela Comparativa das Profundidades - Porcentagens (FRAME 18)
	AV1
HEVC	DL0	DL1	DL2	DL3	DL4	DL5
DL1	0.00%	96.90%	2.85%	0.24%	0.01%	0.00%
DL2	0.00%	29.29%	65.72%	4.75%	0.23%	0.00%
DL3	0.00%	13.23%	39.00%	45.37%	2.40%	0.00%
DL4	0.00%	9.09%	26.48%	45.06%	19.37%	0.00%
DL5	-nan%	-nan%	-nan%	-nan%	-nan%	-nan%


Tabela Comparativa das Profundidades - Valores Absolutos (FRAME 19)
	AV1
HEVC	DL0	DL1	DL2	DL3	DL4	DL5
DL1	0	53504	11200	1312	32	0
DL2	0	27968	150976	15520	1504	0
DL3	0	16616	96112	33464	3840	0
DL4	0	3536	70736	29152	8816	0
DL5	0	0	0	0	0	0
Tabela Comparativa das Profundidades - Porcentagens (FRAME 19)
	AV1
HEVC	DL0	DL1	DL2	DL3	DL4	DL5
DL1	0.00%	81.01%	16.96%	1.99%	0.05%	0.00%
DL2	0.00%	14.27%	77.04%	7.92%	0.77%	0.00%
DL3	0.00%	11.07%	64.06%	22.30%	2.56%	0.00%
DL4	0.00%	3.15%	63.02%	25.97%	7.85%	0.00%
DL5	-nan%	-nan%	-nan%	-nan%	-nan%	-nan%


Tabela Comparativa das Profundidades - Valores Absolutos (FRAME 20)
	AV1
HEVC	DL0	DL1	DL2	DL3	DL4	DL5
DL1	0	119552	18624	1232	112	0
DL2	0	53056	173990	11706	416	0
DL3	0	11808	78304	24432	880	0
DL4	0	2048	19808	7296	1024	0
DL5	0	0	0	0	0	0
Tabela Comparativa das Profundidades - Porcentagens (FRAME 20)
	AV1
HEVC	DL0	DL1	DL2	DL3	DL4	DL5
DL1	0.00%	85.69%	13.35%	0.88%	0.08%	0.00%
DL2	0.00%	22.18%	72.75%	4.89%	0.17%	0.00%
DL3	0.00%	10.23%	67.84%	21.17%	0.76%	0.00%
DL4	0.00%	6.79%	65.64%	24.18%	3.39%	0.00%
DL5	-nan%	-nan%	-nan%	-nan%	-nan%	-nan%


Tabela Comparativa das Profundidades - Valores Absolutos (FRAME 21)
	AV1
HEVC	DL0	DL1	DL2	DL3	DL4	DL5
DL1	0	217088	22592	1600	128	0
DL2	0	62528	120864	7936	352	0
DL3	0	16688	37344	21120	832	0
DL4	0	1616	5872	6256	1472	0
DL5	0	0	0	0	0	0
Tabela Comparativa das Profundidades - Porcentagens (FRAME 21)
	AV1
HEVC	DL0	DL1	DL2	DL3	DL4	DL5
DL1	0.00%	89.93%	9.36%	0.66%	0.05%	0.00%
DL2	0.00%	32.62%	63.06%	4.14%	0.18%	0.00%
DL3	0.00%	21.96%	49.15%	27.80%	1.09%	0.00%
DL4	0.00%	10.62%	38.59%	41.11%	9.67%	0.00%
DL5	-nan%	-nan%	-nan%	-nan%	-nan%	-nan%


Tabela Comparativa das Profundidades - Valores Absolutos (FRAME 22)
	AV1
HEVC	DL0	DL1	DL2	DL3	DL4	DL5
DL1	0	273920	15728	896	16	0
DL2	0	51200	109472	6880	128	0
DL3	0	14064	27392	14896	480	0
DL4	0	880	3904	3536	896	0
DL5	0	0	0	0	0	0
Tabela Comparativa das Profundidades - Porcentagens (FRAME 22)
	AV1
HEVC	DL0	DL1	DL2	DL3	DL4	DL5
DL1	0.00%	94.27%	5.41%	0.31%	0.01%	0.00%
DL2	0.00%	30.53%	65.29%	4.10%	0.08%	0.00%
DL3	0.00%	24.75%	48.20%	26.21%	0.84%	0.00%
DL4	0.00%	9.55%	42.36%	38.37%	9.72%	0.00%
DL5	-nan%	-nan%	-nan%	-nan%	-nan%	-nan%


Tabela Comparativa das Profundidades - Valores Absolutos (FRAME 23)
	AV1
HEVC	DL0	DL1	DL2	DL3	DL4	DL5
DL1	0	363520	11968	1312	32	0
DL2	0	36800	67008	4160	64	0
DL3	0	10224	15040	8768	256	0
DL4	0	880	2624	1440	192	0
DL5	0	0	0	0	0	0
Tabela Comparativa das Profundidades - Porcentagens (FRAME 23)
	AV1
HEVC	DL0	DL1	DL2	DL3	DL4	DL5
DL1	0.00%	96.47%	3.18%	0.35%	0.01%	0.00%
DL2	0.00%	34.06%	62.03%	3.85%	0.06%	0.00%
DL3	0.00%	29.82%	43.86%	25.57%	0.75%	0.00%
DL4	0.00%	17.13%	51.09%	28.04%	3.74%	0.00%
DL5	-nan%	-nan%	-nan%	-nan%	-nan%	-nan%


Tabela Comparativa das Profundidades - Valores Absolutos (FRAME 24)
	AV1
HEVC	DL0	DL1	DL2	DL3	DL4	DL5
DL1	0	393216	9984	512	0	0
DL2	0	29184	53120	3264	128	0
DL3	0	11696	11520	7168	192	0
DL4	0	464	2016	1472	352	0
DL5	0	0	0	0	0	0
Tabela Comparativa das Profundidades - Porcentagens (FRAME 24)
	AV1
HEVC	DL0	DL1	DL2	DL3	DL4	DL5
DL1	0.00%	97.40%	2.47%	0.13%	0.00%	0.00%
DL2	0.00%	34.06%	61.99%	3.81%	0.15%	0.00%
DL3	0.00%	38.25%	37.68%	23.44%	0.63%	0.00%
DL4	0.00%	10.78%	46.84%	34.20%	8.18%	0.00%
DL5	-nan%	-nan%	-nan%	-nan%	-nan%	-nan%


Tabela Comparativa das Profundidades - Valores Absolutos (FRAME 25)
	AV1
HEVC	DL0	DL1	DL2	DL3	DL4	DL5
DL1	0	333136	16480	1056	48	0
DL2	0	44208	78800	3984	240	0
DL3	0	13200	17024	9824	512	0
DL4	0	688	2512	1808	768	0
DL5	0	0	0	0	0	0
Tabela Comparativa das Profundidades - Porcentagens (FRAME 25)
	AV1
HEVC	DL0	DL1	DL2	DL3	DL4	DL5
DL1	0.00%	94.99%	4.70%	0.30%	0.01%	0.00%
DL2	0.00%	34.75%	61.93%	3.13%	0.19%	0.00%
DL3	0.00%	32.54%	41.97%	24.22%	1.26%	0.00%
DL4	0.00%	11.91%	43.49%	31.30%	13.30%	0.00%
DL5	-nan%	-nan%	-nan%	-nan%	-nan%	-nan%


Tabela Comparativa das Profundidades - Valores Absolutos (FRAME 26)
	AV1
HEVC	DL0	DL1	DL2	DL3	DL4	DL5
DL1	0	352512	15680	448	0	0
DL2	0	32576	73008	5008	192	0
DL3	0	11504	18288	8800	240	0
DL4	0	784	2864	1872	512	0
DL5	0	0	0	0	0	0
Tabela Comparativa das Profundidades - Porcentagens (FRAME 26)
	AV1
HEVC	DL0	DL1	DL2	DL3	DL4	DL5
DL1	0.00%	95.63%	4.25%	0.12%	0.00%	0.00%
DL2	0.00%	29.40%	65.90%	4.52%	0.17%	0.00%
DL3	0.00%	29.63%	47.10%	22.66%	0.62%	0.00%
DL4	0.00%	13.00%	47.48%	31.03%	8.49%	0.00%
DL5	-nan%	-nan%	-nan%	-nan%	-nan%	-nan%


Tabela Comparativa das Profundidades - Valores Absolutos (FRAME 27)
	AV1
HEVC	DL0	DL1	DL2	DL3	DL4	DL5
DL1	0	395776	9984	256	0	0
DL2	0	32128	51328	3136	64	0
DL3	0	10376	9944	6624	320	0
DL4	0	624	1744	1616	368	0
DL5	0	0	0	0	0	0
Tabela Comparativa das Profundidades - Porcentagens (FRAME 27)
	AV1
HEVC	DL0	DL1	DL2	DL3	DL4	DL5
DL1	0.00%	97.48%	2.46%	0.06%	0.00%	0.00%
DL2	0.00%	37.08%	59.23%	3.62%	0.07%	0.00%
DL3	0.00%	38.06%	36.47%	24.30%	1.17%	0.00%
DL4	0.00%	14.34%	40.07%	37.13%	8.46%	0.00%
DL5	-nan%	-nan%	-nan%	-nan%	-nan%	-nan%


Tabela Comparativa das Profundidades - Valores Absolutos (FRAME 28)
	AV1
HEVC	DL0	DL1	DL2	DL3	DL4	DL5
DL1	0	322304	13824	768	0	0
DL2	0	46528	82368	4992	192	0
DL3	0	15712	19392	10528	256	0
DL4	0	992	3392	2592	448	0
DL5	0	0	0	0	0	0
Tabela Comparativa das Profundidades - Porcentagens (FRAME 28)
	AV1
HEVC	DL0	DL1	DL2	DL3	DL4	DL5
DL1	0.00%	95.67%	4.10%	0.23%	0.00%	0.00%
DL2	0.00%	34.70%	61.43%	3.72%	0.14%	0.00%
DL3	0.00%	34.24%	42.26%	22.94%	0.56%	0.00%
DL4	0.00%	13.36%	45.69%	34.91%	6.03%	0.00%
DL5	-nan%	-nan%	-nan%	-nan%	-nan%	-nan%


Tabela Comparativa das Profundidades - Valores Absolutos (FRAME 29)
	AV1
HEVC	DL0	DL1	DL2	DL3	DL4	DL5
DL1	0	256512	17024	624	16	0
DL2	0	50688	120160	5552	240	0
DL3	0	12353	37383	12816	264	0
DL4	0	880	5472	3760	544	0
DL5	0	0	0	0	0	0
Tabela Comparativa das Profundidades - Porcentagens (FRAME 29)
	AV1
HEVC	DL0	DL1	DL2	DL3	DL4	DL5
DL1	0.00%	93.56%	6.21%	0.23%	0.01%	0.00%
DL2	0.00%	28.70%	68.03%	3.14%	0.14%	0.00%
DL3	0.00%	19.67%	59.51%	20.40%	0.42%	0.00%
DL4	0.00%	8.26%	51.35%	35.29%	5.11%	0.00%
DL5	-nan%	-nan%	-nan%	-nan%	-nan%	-nan%


Tabela Comparativa das Profundidades - Valores Absolutos (FRAME 30)
	AV1
HEVC	DL0	DL1	DL2	DL3	DL4	DL5
DL1	0	331520	13936	400	0	0
DL2	0	44608	82112	3632	16	0
DL3	0	12993	16431	11168	448	0
DL4	0	704	2640	2816	864	0
DL5	0	0	0	0	0	0
Tabela Comparativa das Profundidades - Porcentagens (FRAME 30)
	AV1
HEVC	DL0	DL1	DL2	DL3	DL4	DL5
DL1	0.00%	95.85%	4.03%	0.12%	0.00%	0.00%
DL2	0.00%	34.22%	62.98%	2.79%	0.01%	0.00%
DL3	0.00%	31.66%	40.04%	27.21%	1.09%	0.00%
DL4	0.00%	10.02%	37.59%	40.09%	12.30%	0.00%
DL5	-nan%	-nan%	-nan%	-nan%	-nan%	-nan%


Tabela Comparativa das Profundidades - Valores Absolutos (FRAME 31)
	AV1
HEVC	DL0	DL1	DL2	DL3	DL4	DL5
DL1	0	384768	11504	272	0	0
DL2	0	34968	55464	3072	64	0
DL3	0	11584	11996	5892	240	0
DL4	0	928	2048	1296	192	0
DL5	0	0	0	0	0	0
Tabela Comparativa das Profundidades - Porcentagens (FRAME 31)
	AV1
HEVC	DL0	DL1	DL2	DL3	DL4	DL5
DL1	0.00%	97.03%	2.90%	0.07%	0.00%	0.00%
DL2	0.00%	37.37%	59.28%	3.28%	0.07%	0.00%
DL3	0.00%	38.99%	40.37%	19.83%	0.81%	0.00%
DL4	0.00%	20.79%	45.88%	29.03%	4.30%	0.00%
DL5	-nan%	-nan%	-nan%	-nan%	-nan%	-nan%


Tabela Comparativa das Profundidades - Valores Absolutos (FRAME 32)
	AV1
HEVC	DL0	DL1	DL2	DL3	DL4	DL5
DL1	512	393216	11136	864	32	0
DL2	128	29120	51648	3360	160	0
DL3	128	11984	11744	6080	256	0
DL4	0	496	1696	1440	288	0
DL5	0	0	0	0	0	0
Tabela Comparativa das Profundidades - Porcentagens (FRAME 32)
	AV1
HEVC	DL0	DL1	DL2	DL3	DL4	DL5
DL1	0.13%	96.91%	2.74%	0.21%	0.01%	0.00%
DL2	0.15%	34.50%	61.18%	3.98%	0.19%	0.00%
DL3	0.42%	39.69%	38.90%	20.14%	0.85%	0.00%
DL4	0.00%	12.65%	43.27%	36.73%	7.35%	0.00%
DL5	-nan%	-nan%	-nan%	-nan%	-nan%	-nan%


Tabela Comparativa das Profundidades - Valores Absolutos (FRAME 33)
	AV1
HEVC	DL0	DL1	DL2	DL3	DL4	DL5
DL1	0	289024	15680	656	48	0
DL2	0	47552	103264	6048	192	0
DL3	0	13232	22816	16672	528	0
DL4	0	912	2912	3424	1328	0
DL5	0	0	0	0	0	0
Tabela Comparativa das Profundidades - Porcentagens (FRAME 33)
	AV1
HEVC	DL0	DL1	DL2	DL3	DL4	DL5
DL1	0.00%	94.64%	5.13%	0.21%	0.02%	0.00%
DL2	0.00%	30.28%	65.75%	3.85%	0.12%	0.00%
DL3	0.00%	24.85%	42.85%	31.31%	0.99%	0.00%
DL4	0.00%	10.63%	33.96%	39.93%	15.49%	0.00%
DL5	-nan%	-nan%	-nan%	-nan%	-nan%	-nan%


Tabela Comparativa das Profundidades - Valores Absolutos (FRAME 34)
	AV1
HEVC	DL0	DL1	DL2	DL3	DL4	DL5
DL1	0	401124	9372	624	16	0
DL2	0	28192	46864	4432	64	0
DL3	0	11336	9992	7840	320	0
DL4	0	432	1856	1488	336	0
DL5	0	0	0	0	0	0
Tabela Comparativa das Profundidades - Porcentagens (FRAME 34)
	AV1
HEVC	DL0	DL1	DL2	DL3	DL4	DL5
DL1	0.00%	97.56%	2.28%	0.15%	0.00%	0.00%
DL2	0.00%	35.44%	58.91%	5.57%	0.08%	0.00%
DL3	0.00%	38.44%	33.88%	26.59%	1.09%	0.00%
DL4	0.00%	10.51%	45.14%	36.19%	8.17%	0.00%
DL5	-nan%	-nan%	-nan%	-nan%	-nan%	-nan%


Tabela Comparativa das Profundidades - Valores Absolutos (FRAME 35)
	AV1
HEVC	DL0	DL1	DL2	DL3	DL4	DL5
DL1	0	382976	13184	640	0	0
DL2	0	25856	62784	5520	176	0
DL3	0	4272	12864	10480	448	0
DL4	0	592	1920	2000	576	0
DL5	0	0	0	0	0	0
Tabela Comparativa das Profundidades - Porcentagens (FRAME 35)
	AV1
HEVC	DL0	DL1	DL2	DL3	DL4	DL5
DL1	0.00%	96.52%	3.32%	0.16%	0.00%	0.00%
DL2	0.00%	27.41%	66.55%	5.85%	0.19%	0.00%
DL3	0.00%	15.22%	45.84%	37.34%	1.60%	0.00%
DL4	0.00%	11.64%	37.74%	39.31%	11.32%	0.00%
DL5	-nan%	-nan%	-nan%	-nan%	-nan%	-nan%


Tabela Comparativa das Profundidades - Valores Absolutos (FRAME 36)
	AV1
HEVC	DL0	DL1	DL2	DL3	DL4	DL5
DL1	0	121344	19648	1248	96	0
DL2	0	48364	161568	14164	800	0
DL3	0	23080	76776	27280	976	0
DL4	0	2704	17264	7648	1328	0
DL5	0	0	0	0	0	0
Tabela Comparativa das Profundidades - Porcentagens (FRAME 36)
	AV1
HEVC	DL0	DL1	DL2	DL3	DL4	DL5
DL1	0.00%	85.25%	13.80%	0.88%	0.07%	0.00%
DL2	0.00%	21.51%	71.84%	6.30%	0.36%	0.00%
DL3	0.00%	18.02%	59.93%	21.29%	0.76%	0.00%
DL4	0.00%	9.34%	59.65%	26.42%	4.59%	0.00%
DL5	-nan%	-nan%	-nan%	-nan%	-nan%	-nan%


Tabela Comparativa das Profundidades - Valores Absolutos (FRAME 37)
	AV1
HEVC	DL0	DL1	DL2	DL3	DL4	DL5
DL1	0	134912	21888	2112	64	0
DL2	0	60480	150016	11968	512	0
DL3	0	18408	67544	26960	848	0
DL4	0	2992	16160	8320	1104	0
DL5	0	0	0	0	0	0
Tabela Comparativa das Profundidades - Porcentagens (FRAME 37)
	AV1
HEVC	DL0	DL1	DL2	DL3	DL4	DL5
DL1	0.00%	84.86%	13.77%	1.33%	0.04%	0.00%
DL2	0.00%	27.12%	67.28%	5.37%	0.23%	0.00%
DL3	0.00%	16.18%	59.37%	23.70%	0.75%	0.00%
DL4	0.00%	10.47%	56.55%	29.12%	3.86%	0.00%
DL5	-nan%	-nan%	-nan%	-nan%	-nan%	-nan%


Tabela Comparativa das Profundidades - Valores Absolutos (FRAME 38)
	AV1
HEVC	DL0	DL1	DL2	DL3	DL4	DL5
DL1	0	223488	18816	608	32	0
DL2	0	64440	123320	6688	432	0
DL3	0	15030	43186	14600	640	0
DL4	0	1836	6196	3616	1360	0
DL5	0	0	0	0	0	0
Tabela Comparativa das Profundidades - Porcentagens (FRAME 38)
	AV1
HEVC	DL0	DL1	DL2	DL3	DL4	DL5
DL1	0.00%	91.99%	7.74%	0.25%	0.01%	0.00%
DL2	0.00%	33.07%	63.28%	3.43%	0.22%	0.00%
DL3	0.00%	20.46%	58.79%	19.88%	0.87%	0.00%
DL4	0.00%	14.11%	47.63%	27.80%	10.46%	0.00%
DL5	-nan%	-nan%	-nan%	-nan%	-nan%	-nan%


Tabela Comparativa das Profundidades - Valores Absolutos (FRAME 39)
	AV1
HEVC	DL0	DL1	DL2	DL3	DL4	DL5
DL1	0	284416	17968	720	0	0
DL2	0	50496	100736	5408	32	0
DL3	0	14592	28068	13036	416	0
DL4	0	992	4096	2816	496	0
DL5	0	0	0	0	0	0
Tabela Comparativa das Profundidades - Porcentagens (FRAME 39)
	AV1
HEVC	DL0	DL1	DL2	DL3	DL4	DL5
DL1	0.00%	93.83%	5.93%	0.24%	0.00%	0.00%
DL2	0.00%	32.23%	64.30%	3.45%	0.02%	0.00%
DL3	0.00%	26.01%	50.02%	23.23%	0.74%	0.00%
DL4	0.00%	11.81%	48.76%	33.52%	5.90%	0.00%
DL5	-nan%	-nan%	-nan%	-nan%	-nan%	-nan%


Tabela Comparativa das Profundidades - Valores Absolutos (FRAME 40)
	AV1
HEVC	DL0	DL1	DL2	DL3	DL4	DL5
DL1	0	355584	14304	784	16	0
DL2	0	41344	65312	3936	64	0
DL3	0	11568	18048	7888	64	0
DL4	0	1120	2560	1504	192	0
DL5	0	0	0	0	0	0
Tabela Comparativa das Profundidades - Porcentagens (FRAME 40)
	AV1
HEVC	DL0	DL1	DL2	DL3	DL4	DL5
DL1	0.00%	95.93%	3.86%	0.21%	0.00%	0.00%
DL2	0.00%	37.36%	59.02%	3.56%	0.06%	0.00%
DL3	0.00%	30.79%	48.04%	21.00%	0.17%	0.00%
DL4	0.00%	20.83%	47.62%	27.98%	3.57%	0.00%
DL5	-nan%	-nan%	-nan%	-nan%	-nan%	-nan%


Tabela Comparativa das Profundidades - Valores Absolutos (FRAME 41)
	AV1
HEVC	DL0	DL1	DL2	DL3	DL4	DL5
DL1	0	406592	8960	704	0	0
DL2	0	30720	43200	2912	96	0
DL3	0	10528	11264	5312	160	0
DL4	0	576	1888	1184	192	0
DL5	0	0	0	0	0	0
Tabela Comparativa das Profundidades - Porcentagens (FRAME 41)
	AV1
HEVC	DL0	DL1	DL2	DL3	DL4	DL5
DL1	0.00%	97.68%	2.15%	0.17%	0.00%	0.00%
DL2	0.00%	39.93%	56.16%	3.79%	0.12%	0.00%
DL3	0.00%	38.62%	41.31%	19.48%	0.59%	0.00%
DL4	0.00%	15.00%	49.17%	30.83%	5.00%	0.00%
DL5	-nan%	-nan%	-nan%	-nan%	-nan%	-nan%


Tabela Comparativa das Profundidades - Valores Absolutos (FRAME 42)
	AV1
HEVC	DL0	DL1	DL2	DL3	DL4	DL5
DL1	0	352000	14208	640	0	0
DL2	0	40768	74368	3472	48	0
DL3	0	12361	12807	8672	208	0
DL4	0	576	2048	1680	432	0
DL5	0	0	0	0	0	0
Tabela Comparativa das Profundidades - Porcentagens (FRAME 42)
	AV1
HEVC	DL0	DL1	DL2	DL3	DL4	DL5
DL1	0.00%	95.95%	3.87%	0.17%	0.00%	0.00%
DL2	0.00%	34.36%	62.68%	2.93%	0.04%	0.00%
DL3	0.00%	36.30%	37.61%	25.47%	0.61%	0.00%
DL4	0.00%	12.16%	43.24%	35.47%	9.12%	0.00%
DL5	-nan%	-nan%	-nan%	-nan%	-nan%	-nan%


Tabela Comparativa das Profundidades - Valores Absolutos (FRAME 43)
	AV1
HEVC	DL0	DL1	DL2	DL3	DL4	DL5
DL1	0	370432	12032	752	16	0
DL2	0	33536	64960	3280	112	0
DL3	0	9232	16172	8900	176	0
DL4	0	496	1792	2000	400	0
DL5	0	0	0	0	0	0
Tabela Comparativa das Profundidades - Porcentagens (FRAME 43)
	AV1
HEVC	DL0	DL1	DL2	DL3	DL4	DL5
DL1	0.00%	96.66%	3.14%	0.20%	0.00%	0.00%
DL2	0.00%	32.91%	63.76%	3.22%	0.11%	0.00%
DL3	0.00%	26.77%	46.90%	25.81%	0.51%	0.00%
DL4	0.00%	10.58%	38.23%	42.66%	8.53%	0.00%
DL5	-nan%	-nan%	-nan%	-nan%	-nan%	-nan%


Tabela Comparativa das Profundidades - Valores Absolutos (FRAME 44)
	AV1
HEVC	DL0	DL1	DL2	DL3	DL4	DL5
DL1	0	416000	9088	624	16	0
DL2	0	28408	41192	2384	16	0
DL3	0	11344	8384	3952	192	0
DL4	0	432	1280	800	176	0
DL5	0	0	0	0	0	0
Tabela Comparativa das Profundidades - Porcentagens (FRAME 44)
	AV1
HEVC	DL0	DL1	DL2	DL3	DL4	DL5
DL1	0.00%	97.71%	2.13%	0.15%	0.00%	0.00%
DL2	0.00%	39.46%	57.21%	3.31%	0.02%	0.00%
DL3	0.00%	47.52%	35.12%	16.55%	0.80%	0.00%
DL4	0.00%	16.07%	47.62%	29.76%	6.55%	0.00%
DL5	-nan%	-nan%	-nan%	-nan%	-nan%	-nan%


Tabela Comparativa das Profundidades - Valores Absolutos (FRAME 45)
	AV1
HEVC	DL0	DL1	DL2	DL3	DL4	DL5
DL1	0	349696	13248	800	32	0
DL2	0	47168	65648	4720	160	0
DL3	0	13856	16880	6896	288	0
DL4	0	416	2416	1520	544	0
DL5	0	0	0	0	0	0
Tabela Comparativa das Profundidades - Porcentagens (FRAME 45)
	AV1
HEVC	DL0	DL1	DL2	DL3	DL4	DL5
DL1	0.00%	96.13%	3.64%	0.22%	0.01%	0.00%
DL2	0.00%	40.08%	55.78%	4.01%	0.14%	0.00%
DL3	0.00%	36.54%	44.51%	18.19%	0.76%	0.00%
DL4	0.00%	8.50%	49.35%	31.05%	11.11%	0.00%
DL5	-nan%	-nan%	-nan%	-nan%	-nan%	-nan%


Tabela Comparativa das Profundidades - Valores Absolutos (FRAME 46)
	AV1
HEVC	DL0	DL1	DL2	DL3	DL4	DL5
DL1	0	278784	20416	1584	16	0
DL2	0	55744	101632	6256	208	0
DL3	0	14400	25520	12448	272	0
DL4	0	1080	2944	2648	336	0
DL5	0	0	0	0	0	0
Tabela Comparativa das Profundidades - Porcentagens (FRAME 46)
	AV1
HEVC	DL0	DL1	DL2	DL3	DL4	DL5
DL1	0.00%	92.68%	6.79%	0.53%	0.01%	0.00%
DL2	0.00%	34.02%	62.03%	3.82%	0.13%	0.00%
DL3	0.00%	27.36%	48.48%	23.65%	0.52%	0.00%
DL4	0.00%	15.41%	42.01%	37.79%	4.79%	0.00%
DL5	-nan%	-nan%	-nan%	-nan%	-nan%	-nan%


Tabela Comparativa das Profundidades - Valores Absolutos (FRAME 47)
	AV1
HEVC	DL0	DL1	DL2	DL3	DL4	DL5
DL1	0	331264	14400	432	16	0
DL2	0	42240	83392	4144	144	0
DL3	0	11872	20192	9872	352	0
DL4	0	544	2752	2080	592	0
DL5	0	0	0	0	0	0
Tabela Comparativa das Profundidades - Porcentagens (FRAME 47)
	AV1
HEVC	DL0	DL1	DL2	DL3	DL4	DL5
DL1	0.00%	95.71%	4.16%	0.12%	0.00%	0.00%
DL2	0.00%	32.51%	64.19%	3.19%	0.11%	0.00%
DL3	0.00%	28.07%	47.75%	23.34%	0.83%	0.00%
DL4	0.00%	9.12%	46.11%	34.85%	9.92%	0.00%
DL5	-nan%	-nan%	-nan%	-nan%	-nan%	-nan%


Tabela Comparativa das Profundidades - Valores Absolutos (FRAME 48)
	AV1
HEVC	DL0	DL1	DL2	DL3	DL4	DL5
DL1	0	397568	10560	192	0	0
DL2	0	29944	58184	1712	80	0
DL3	0	9456	9392	4176	288	0
DL4	0	400	1440	656	240	0
DL5	0	0	0	0	0	0
Tabela Comparativa das Profundidades - Porcentagens (FRAME 48)
	AV1
HEVC	DL0	DL1	DL2	DL3	DL4	DL5
DL1	0.00%	97.37%	2.59%	0.05%	0.00%	0.00%
DL2	0.00%	33.30%	64.71%	1.90%	0.09%	0.00%
DL3	0.00%	40.56%	40.29%	17.91%	1.24%	0.00%
DL4	0.00%	14.62%	52.63%	23.98%	8.77%	0.00%
DL5	-nan%	-nan%	-nan%	-nan%	-nan%	-nan%


Tabela Comparativa das Profundidades - Valores Absolutos (FRAME 49)
	AV1
HEVC	DL0	DL1	DL2	DL3	DL4	DL5
DL1	0	411648	8960	480	32	0
DL2	0	25600	46592	2544	16	0
DL3	0	10752	9808	5184	48	0
DL4	0	352	1280	864	128	0
DL5	0	0	0	0	0	0
Tabela Comparativa das Profundidades - Porcentagens (FRAME 49)
	AV1
HEVC	DL0	DL1	DL2	DL3	DL4	DL5
DL1	0.00%	97.75%	2.13%	0.11%	0.01%	0.00%
DL2	0.00%	34.25%	62.33%	3.40%	0.02%	0.00%
DL3	0.00%	41.69%	38.03%	20.10%	0.19%	0.00%
DL4	0.00%	13.41%	48.78%	32.93%	4.88%	0.00%
DL5	-nan%	-nan%	-nan%	-nan%	-nan%	-nan%


Tabela Comparativa das Profundidades - Valores Absolutos (FRAME 50)
	AV1
HEVC	DL0	DL1	DL2	DL3	DL4	DL5
DL1	0	302848	18304	640	0	0
DL2	0	48843	97045	5632	224	0
DL3	0	11568	21280	11920	464	0
DL4	0	560	2224	1904	832	0
DL5	0	0	0	0	0	0
Tabela Comparativa das Profundidades - Porcentagens (FRAME 50)
	AV1
HEVC	DL0	DL1	DL2	DL3	DL4	DL5
DL1	0.00%	94.11%	5.69%	0.20%	0.00%	0.00%
DL2	0.00%	32.19%	63.95%	3.71%	0.15%	0.00%
DL3	0.00%	25.57%	47.05%	26.35%	1.03%	0.00%
DL4	0.00%	10.14%	40.29%	34.49%	15.07%	0.00%
DL5	-nan%	-nan%	-nan%	-nan%	-nan%	-nan%


Tabela Comparativa das Profundidades - Valores Absolutos (FRAME 51)
	AV1
HEVC	DL0	DL1	DL2	DL3	DL4	DL5
DL1	0	402944	10688	304	16	0
DL2	0	34624	46592	2656	32	0
DL3	0	11548	7812	4432	224	0
DL4	0	464	816	976	160	0
DL5	0	0	0	0	0	0
Tabela Comparativa das Profundidades - Porcentagens (FRAME 51)
	AV1
HEVC	DL0	DL1	DL2	DL3	DL4	DL5
DL1	0.00%	97.34%	2.58%	0.07%	0.00%	0.00%
DL2	0.00%	41.27%	55.53%	3.17%	0.04%	0.00%
DL3	0.00%	48.08%	32.53%	18.45%	0.93%	0.00%
DL4	0.00%	19.21%	33.77%	40.40%	6.62%	0.00%
DL5	-nan%	-nan%	-nan%	-nan%	-nan%	-nan%


Tabela Comparativa das Profundidades - Valores Absolutos (FRAME 52)
	AV1
HEVC	DL0	DL1	DL2	DL3	DL4	DL5
DL1	0	413952	10560	448	0	0
DL2	0	25024	52160	2448	48	0
DL3	0	3440	8288	5472	224	0
DL4	0	464	928	576	256	0
DL5	0	0	0	0	0	0
Tabela Comparativa das Profundidades - Porcentagens (FRAME 52)
	AV1
HEVC	DL0	DL1	DL2	DL3	DL4	DL5
DL1	0.00%	97.41%	2.48%	0.11%	0.00%	0.00%
DL2	0.00%	31.41%	65.46%	3.07%	0.06%	0.00%
DL3	0.00%	19.74%	47.57%	31.40%	1.29%	0.00%
DL4	0.00%	20.86%	41.73%	25.90%	11.51%	0.00%
DL5	-nan%	-nan%	-nan%	-nan%	-nan%	-nan%


Tabela Comparativa das Profundidades - Valores Absolutos (FRAME 53)
	AV1
HEVC	DL0	DL1	DL2	DL3	DL4	DL5
DL1	0	138240	21120	1136	16	0
DL2	0	55744	168384	11648	256	0
DL3	0	20300	57732	26752	912	0
DL4	0	1328	12208	7104	1408	0
DL5	0	0	0	0	0	0
Tabela Comparativa das Profundidades - Porcentagens (FRAME 53)
	AV1
HEVC	DL0	DL1	DL2	DL3	DL4	DL5
DL1	0.00%	86.12%	13.16%	0.71%	0.01%	0.00%
DL2	0.00%	23.62%	71.34%	4.93%	0.11%	0.00%
DL3	0.00%	19.21%	54.62%	25.31%	0.86%	0.00%
DL4	0.00%	6.02%	55.37%	32.22%	6.39%	0.00%
DL5	-nan%	-nan%	-nan%	-nan%	-nan%	-nan%


Tabela Comparativa das Profundidades - Valores Absolutos (FRAME 54)
	AV1
HEVC	DL0	DL1	DL2	DL3	DL4	DL5
DL1	0	241152	19424	544	0	0
DL2	0	58368	123008	6208	192	0
DL3	0	14032	34368	16176	320	0
DL4	0	1456	4448	3968	624	0
DL5	0	0	0	0	0	0
Tabela Comparativa das Profundidades - Porcentagens (FRAME 54)
	AV1
HEVC	DL0	DL1	DL2	DL3	DL4	DL5
DL1	0.00%	92.35%	7.44%	0.21%	0.00%	0.00%
DL2	0.00%	31.08%	65.51%	3.31%	0.10%	0.00%
DL3	0.00%	21.62%	52.96%	24.93%	0.49%	0.00%
DL4	0.00%	13.87%	42.38%	37.80%	5.95%	0.00%
DL5	-nan%	-nan%	-nan%	-nan%	-nan%	-nan%


Tabela Comparativa das Profundidades - Valores Absolutos (FRAME 55)
	AV1
HEVC	DL0	DL1	DL2	DL3	DL4	DL5
DL1	0	293120	18880	832	0	0
DL2	0	57216	97280	4768	32	0
DL3	0	13433	20749	11242	416	0
DL4	0	400	2896	2256	768	0
DL5	0	0	0	0	0	0
Tabela Comparativa das Profundidades - Porcentagens (FRAME 55)
	AV1
HEVC	DL0	DL1	DL2	DL3	DL4	DL5
DL1	0.00%	93.70%	6.04%	0.27%	0.00%	0.00%
DL2	0.00%	35.92%	61.07%	2.99%	0.02%	0.00%
DL3	0.00%	29.30%	45.26%	24.52%	0.91%	0.00%
DL4	0.00%	6.33%	45.82%	35.70%	12.15%	0.00%
DL5	-nan%	-nan%	-nan%	-nan%	-nan%	-nan%


Tabela Comparativa das Profundidades - Valores Absolutos (FRAME 56)
	AV1
HEVC	DL0	DL1	DL2	DL3	DL4	DL5
DL1	0	386048	11520	768	0	0
DL2	0	35968	55392	3008	32	0
DL3	0	10584	12184	5712	208	0
DL4	0	288	1456	960	160	0
DL5	0	0	0	0	0	0
Tabela Comparativa das Profundidades - Porcentagens (FRAME 56)
	AV1
HEVC	DL0	DL1	DL2	DL3	DL4	DL5
DL1	0.00%	96.92%	2.89%	0.19%	0.00%	0.00%
DL2	0.00%	38.10%	58.68%	3.19%	0.03%	0.00%
DL3	0.00%	36.89%	42.47%	19.91%	0.73%	0.00%
DL4	0.00%	10.06%	50.84%	33.52%	5.59%	0.00%
DL5	-nan%	-nan%	-nan%	-nan%	-nan%	-nan%


Tabela Comparativa das Profundidades - Valores Absolutos (FRAME 57)
	AV1
HEVC	DL0	DL1	DL2	DL3	DL4	DL5
DL1	0	417024	10304	448	0	0
DL2	0	29824	39072	2208	128	0
DL3	0	10160	7872	5008	96	0
DL4	0	240	896	784	224	0
DL5	0	0	0	0	0	0
Tabela Comparativa das Profundidades - Porcentagens (FRAME 57)
	AV1
HEVC	DL0	DL1	DL2	DL3	DL4	DL5
DL1	0.00%	97.49%	2.41%	0.10%	0.00%	0.00%
DL2	0.00%	41.87%	54.85%	3.10%	0.18%	0.00%
DL3	0.00%	43.91%	34.02%	21.65%	0.41%	0.00%
DL4	0.00%	11.19%	41.79%	36.57%	10.45%	0.00%
DL5	-nan%	-nan%	-nan%	-nan%	-nan%	-nan%


Tabela Comparativa das Profundidades - Valores Absolutos (FRAME 58)
	AV1
HEVC	DL0	DL1	DL2	DL3	DL4	DL5
DL1	0	350464	15808	304	16	0
DL2	0	43456	67328	2992	16	0
DL3	0	14304	12848	10160	272	0
DL4	0	800	2000	2592	928	0
DL5	0	0	0	0	0	0
Tabela Comparativa das Profundidades - Porcentagens (FRAME 58)
	AV1
HEVC	DL0	DL1	DL2	DL3	DL4	DL5
DL1	0.00%	95.60%	4.31%	0.08%	0.00%	0.00%
DL2	0.00%	38.19%	59.17%	2.63%	0.01%	0.00%
DL3	0.00%	38.06%	34.18%	27.03%	0.72%	0.00%
DL4	0.00%	12.66%	31.65%	41.01%	14.68%	0.00%
DL5	-nan%	-nan%	-nan%	-nan%	-nan%	-nan%


Tabela Comparativa das Profundidades - Valores Absolutos (FRAME 59)
	AV1
HEVC	DL0	DL1	DL2	DL3	DL4	DL5
DL1	0	386048	11520	512	0	0
DL2	0	30592	57328	2832	128	0
DL3	0	9872	12128	8528	208	0
DL4	0	528	1632	1888	544	0
DL5	0	0	0	0	0	0
Tabela Comparativa das Profundidades - Porcentagens (FRAME 59)
	AV1
HEVC	DL0	DL1	DL2	DL3	DL4	DL5
DL1	0.00%	96.98%	2.89%	0.13%	0.00%	0.00%
DL2	0.00%	33.66%	63.08%	3.12%	0.14%	0.00%
DL3	0.00%	32.12%	39.46%	27.75%	0.68%	0.00%
DL4	0.00%	11.50%	35.54%	41.11%	11.85%	0.00%
DL5	-nan%	-nan%	-nan%	-nan%	-nan%	-nan%


Tabela Comparativa das Profundidades - Valores Absolutos (FRAME 60)
	AV1
HEVC	DL0	DL1	DL2	DL3	DL4	DL5
DL1	0	403968	9280	192	0	0
DL2	0	33280	46240	2608	48	0
DL3	0	10448	7220	6892	320	0
DL4	0	416	1344	1680	352	0
DL5	0	0	0	0	0	0
Tabela Comparativa das Profundidades - Porcentagens (FRAME 60)
	AV1
HEVC	DL0	DL1	DL2	DL3	DL4	DL5
DL1	0.00%	97.71%	2.24%	0.05%	0.00%	0.00%
DL2	0.00%	40.50%	56.27%	3.17%	0.06%	0.00%
DL3	0.00%	41.99%	29.02%	27.70%	1.29%	0.00%
DL4	0.00%	10.97%	35.44%	44.30%	9.28%	0.00%
DL5	-nan%	-nan%	-nan%	-nan%	-nan%	-nan%


