Tabela Comparativa das Profundidades - Valores Absolutos (FRAME  1)
	AV1
HEVC	DL0	DL1	DL2	DL3	DL4	DL5
DL1	0	768	1024	128	128	0
DL2	0	768	14208	1504	928	0
DL3	0	400	4112	4192	3168	0
DL4	0	112	2928	4256	12576	0
DL5	0	0	0	0	0	0
Tabela Comparativa das Profundidades - Porcentagens (FRAME  1)
	AV1
HEVC	DL0	DL1	DL2	DL3	DL4	DL5
DL1	0.00%	37.50%	50.00%	6.25%	6.25%	0.00%
DL2	0.00%	4.41%	81.62%	8.64%	5.33%	0.00%
DL3	0.00%	3.37%	34.64%	35.31%	26.68%	0.00%
DL4	0.00%	0.56%	14.73%	21.42%	63.29%	0.00%
DL5	-nan%	-nan%	-nan%	-nan%	-nan%	-nan%


Tabela Comparativa das Profundidades - Valores Absolutos (FRAME  2)
	AV1
HEVC	DL0	DL1	DL2	DL3	DL4	DL5
DL1	0	3328	0	0	0	0
DL2	0	3924	8700	2356	380	0
DL3	0	986	3876	11858	2208	0
DL4	0	240	2032	6976	4336	0
DL5	0	0	0	0	0	0
Tabela Comparativa das Profundidades - Porcentagens (FRAME  2)
	AV1
HEVC	DL0	DL1	DL2	DL3	DL4	DL5
DL1	0.00%	100.00%	0.00%	0.00%	0.00%	0.00%
DL2	0.00%	25.55%	56.64%	15.34%	2.47%	0.00%
DL3	0.00%	5.21%	20.48%	62.65%	11.67%	0.00%
DL4	0.00%	1.77%	14.96%	51.35%	31.92%	0.00%
DL5	-nan%	-nan%	-nan%	-nan%	-nan%	-nan%


Tabela Comparativa das Profundidades - Valores Absolutos (FRAME  3)
	AV1
HEVC	DL0	DL1	DL2	DL3	DL4	DL5
DL1	0	3840	704	48	16	0
DL2	0	3226	15654	2896	432	0
DL3	0	384	8025	7159	976	0
DL4	0	64	2464	3536	1776	0
DL5	0	0	0	0	0	0
Tabela Comparativa das Profundidades - Porcentagens (FRAME  3)
	AV1
HEVC	DL0	DL1	DL2	DL3	DL4	DL5
DL1	0.00%	83.33%	15.28%	1.04%	0.35%	0.00%
DL2	0.00%	14.53%	70.49%	13.04%	1.95%	0.00%
DL3	0.00%	2.32%	48.51%	43.27%	5.90%	0.00%
DL4	0.00%	0.82%	31.43%	45.10%	22.65%	0.00%
DL5	-nan%	-nan%	-nan%	-nan%	-nan%	-nan%


Tabela Comparativa das Profundidades - Valores Absolutos (FRAME  4)
	AV1
HEVC	DL0	DL1	DL2	DL3	DL4	DL5
DL1	0	12544	448	64	0	0
DL2	0	1542	11802	1952	64	0
DL3	0	800	6896	8048	640	0
DL4	0	32	1616	3184	1568	0
DL5	0	0	0	0	0	0
Tabela Comparativa das Profundidades - Porcentagens (FRAME  4)
	AV1
HEVC	DL0	DL1	DL2	DL3	DL4	DL5
DL1	0.00%	96.08%	3.43%	0.49%	0.00%	0.00%
DL2	0.00%	10.04%	76.84%	12.71%	0.42%	0.00%
DL3	0.00%	4.88%	42.09%	49.12%	3.91%	0.00%
DL4	0.00%	0.50%	25.25%	49.75%	24.50%	0.00%
DL5	-nan%	-nan%	-nan%	-nan%	-nan%	-nan%


Tabela Comparativa das Profundidades - Valores Absolutos (FRAME  5)
	AV1
HEVC	DL0	DL1	DL2	DL3	DL4	DL5
DL1	0	5888	1216	64	0	0
DL2	0	3991	14521	2640	160	0
DL3	0	804	7356	7536	1072	0
DL4	0	48	1568	2720	1616	0
DL5	0	0	0	0	0	0
Tabela Comparativa das Profundidades - Porcentagens (FRAME  5)
	AV1
HEVC	DL0	DL1	DL2	DL3	DL4	DL5
DL1	0.00%	82.14%	16.96%	0.89%	0.00%	0.00%
DL2	0.00%	18.73%	68.14%	12.39%	0.75%	0.00%
DL3	0.00%	4.79%	43.87%	44.94%	6.39%	0.00%
DL4	0.00%	0.81%	26.34%	45.70%	27.15%	0.00%
DL5	-nan%	-nan%	-nan%	-nan%	-nan%	-nan%


Tabela Comparativa das Profundidades - Valores Absolutos (FRAME  6)
	AV1
HEVC	DL0	DL1	DL2	DL3	DL4	DL5
DL1	0	3840	128	128	0	0
DL2	0	384	16938	2742	96	0
DL3	0	512	9516	10052	704	0
DL4	0	128	1808	3104	1120	0
DL5	0	0	0	0	0	0
Tabela Comparativa das Profundidades - Porcentagens (FRAME  6)
	AV1
HEVC	DL0	DL1	DL2	DL3	DL4	DL5
DL1	0.00%	93.75%	3.12%	3.12%	0.00%	0.00%
DL2	0.00%	1.90%	84.02%	13.60%	0.48%	0.00%
DL3	0.00%	2.46%	45.79%	48.36%	3.39%	0.00%
DL4	0.00%	2.08%	29.35%	50.39%	18.18%	0.00%
DL5	-nan%	-nan%	-nan%	-nan%	-nan%	-nan%


Tabela Comparativa das Profundidades - Valores Absolutos (FRAME  7)
	AV1
HEVC	DL0	DL1	DL2	DL3	DL4	DL5
DL1	0	14592	704	64	0	0
DL2	0	1856	16768	2272	160	0
DL3	0	704	5152	5776	512	0
DL4	0	0	736	1200	704	0
DL5	0	0	0	0	0	0
Tabela Comparativa das Profundidades - Porcentagens (FRAME  7)
	AV1
HEVC	DL0	DL1	DL2	DL3	DL4	DL5
DL1	0.00%	95.00%	4.58%	0.42%	0.00%	0.00%
DL2	0.00%	8.81%	79.64%	10.79%	0.76%	0.00%
DL3	0.00%	5.80%	42.42%	47.56%	4.22%	0.00%
DL4	0.00%	0.00%	27.88%	45.45%	26.67%	0.00%
DL5	-nan%	-nan%	-nan%	-nan%	-nan%	-nan%


Tabela Comparativa das Profundidades - Valores Absolutos (FRAME  8)
	AV1
HEVC	DL0	DL1	DL2	DL3	DL4	DL5
DL1	0	15872	1152	384	0	0
DL2	0	2560	14336	2224	80	0
DL3	0	736	5872	5200	256	0
DL4	0	32	1040	1008	448	0
DL5	0	0	0	0	0	0
Tabela Comparativa das Profundidades - Porcentagens (FRAME  8)
	AV1
HEVC	DL0	DL1	DL2	DL3	DL4	DL5
DL1	0.00%	91.18%	6.62%	2.21%	0.00%	0.00%
DL2	0.00%	13.33%	74.67%	11.58%	0.42%	0.00%
DL3	0.00%	6.10%	48.67%	43.10%	2.12%	0.00%
DL4	0.00%	1.27%	41.14%	39.87%	17.72%	0.00%
DL5	-nan%	-nan%	-nan%	-nan%	-nan%	-nan%


Tabela Comparativa das Profundidades - Valores Absolutos (FRAME  9)
	AV1
HEVC	DL0	DL1	DL2	DL3	DL4	DL5
DL1	0	13312	1136	144	0	0
DL2	0	3936	11616	1616	176	0
DL3	0	1536	4972	7156	832	0
DL4	0	128	1328	2592	720	0
DL5	0	0	0	0	0	0
Tabela Comparativa das Profundidades - Porcentagens (FRAME  9)
	AV1
HEVC	DL0	DL1	DL2	DL3	DL4	DL5
DL1	0.00%	91.23%	7.79%	0.99%	0.00%	0.00%
DL2	0.00%	22.69%	66.97%	9.32%	1.01%	0.00%
DL3	0.00%	10.60%	34.30%	49.37%	5.74%	0.00%
DL4	0.00%	2.68%	27.85%	54.36%	15.10%	0.00%
DL5	-nan%	-nan%	-nan%	-nan%	-nan%	-nan%


Tabela Comparativa das Profundidades - Valores Absolutos (FRAME 10)
	AV1
HEVC	DL0	DL1	DL2	DL3	DL4	DL5
DL1	0	15872	1024	0	0	0
DL2	0	1408	13956	2644	104	0
DL3	0	512	6165	5163	752	0
DL4	0	128	864	1760	848	0
DL5	0	0	0	0	0	0
Tabela Comparativa das Profundidades - Porcentagens (FRAME 10)
	AV1
HEVC	DL0	DL1	DL2	DL3	DL4	DL5
DL1	0.00%	93.94%	6.06%	0.00%	0.00%	0.00%
DL2	0.00%	7.77%	77.05%	14.60%	0.57%	0.00%
DL3	0.00%	4.07%	48.96%	41.00%	5.97%	0.00%
DL4	0.00%	3.56%	24.00%	48.89%	23.56%	0.00%
DL5	-nan%	-nan%	-nan%	-nan%	-nan%	-nan%


Tabela Comparativa das Profundidades - Valores Absolutos (FRAME 11)
	AV1
HEVC	DL0	DL1	DL2	DL3	DL4	DL5
DL1	0	13056	1536	0	0	0
DL2	0	3600	17172	2200	132	0
DL3	0	2272	3936	4848	304	0
DL4	0	16	784	1040	304	0
DL5	0	0	0	0	0	0
Tabela Comparativa das Profundidades - Porcentagens (FRAME 11)
	AV1
HEVC	DL0	DL1	DL2	DL3	DL4	DL5
DL1	0.00%	89.47%	10.53%	0.00%	0.00%	0.00%
DL2	0.00%	15.58%	74.32%	9.52%	0.57%	0.00%
DL3	0.00%	20.00%	34.65%	42.68%	2.68%	0.00%
DL4	0.00%	0.75%	36.57%	48.51%	14.18%	0.00%
DL5	-nan%	-nan%	-nan%	-nan%	-nan%	-nan%


Tabela Comparativa das Profundidades - Valores Absolutos (FRAME 12)
	AV1
HEVC	DL0	DL1	DL2	DL3	DL4	DL5
DL1	0	9728	1120	640	32	0
DL2	0	3328	15776	2624	224	0
DL3	0	2096	5856	6348	244	0
DL4	0	80	1056	1528	520	0
DL5	0	0	0	0	0	0
Tabela Comparativa das Profundidades - Porcentagens (FRAME 12)
	AV1
HEVC	DL0	DL1	DL2	DL3	DL4	DL5
DL1	0.00%	84.44%	9.72%	5.56%	0.28%	0.00%
DL2	0.00%	15.16%	71.87%	11.95%	1.02%	0.00%
DL3	0.00%	14.41%	40.26%	43.65%	1.68%	0.00%
DL4	0.00%	2.51%	33.17%	47.99%	16.33%	0.00%
DL5	-nan%	-nan%	-nan%	-nan%	-nan%	-nan%


Tabela Comparativa das Profundidades - Valores Absolutos (FRAME 13)
	AV1
HEVC	DL0	DL1	DL2	DL3	DL4	DL5
DL1	0	12288	1280	0	0	0
DL2	0	2944	18816	1776	272	0
DL3	0	128	3984	5184	736	0
DL4	0	0	1008	1984	800	0
DL5	0	0	0	0	0	0
Tabela Comparativa das Profundidades - Porcentagens (FRAME 13)
	AV1
HEVC	DL0	DL1	DL2	DL3	DL4	DL5
DL1	0.00%	90.57%	9.43%	0.00%	0.00%	0.00%
DL2	0.00%	12.37%	79.03%	7.46%	1.14%	0.00%
DL3	0.00%	1.28%	39.71%	51.67%	7.34%	0.00%
DL4	0.00%	0.00%	26.58%	52.32%	21.10%	0.00%
DL5	-nan%	-nan%	-nan%	-nan%	-nan%	-nan%


Tabela Comparativa das Profundidades - Valores Absolutos (FRAME 14)
	AV1
HEVC	DL0	DL1	DL2	DL3	DL4	DL5
DL1	1024	12096	1728	0	0	0
DL2	0	2688	11616	1600	96	0
DL3	0	1728	7104	7312	432	0
DL4	0	128	960	1984	704	0
DL5	0	0	0	0	0	0
Tabela Comparativa das Profundidades - Porcentagens (FRAME 14)
	AV1
HEVC	DL0	DL1	DL2	DL3	DL4	DL5
DL1	6.90%	81.47%	11.64%	0.00%	0.00%	0.00%
DL2	0.00%	16.80%	72.60%	10.00%	0.60%	0.00%
DL3	0.00%	10.42%	42.86%	44.11%	2.61%	0.00%
DL4	0.00%	3.39%	25.42%	52.54%	18.64%	0.00%
DL5	-nan%	-nan%	-nan%	-nan%	-nan%	-nan%


Tabela Comparativa das Profundidades - Valores Absolutos (FRAME 15)
	AV1
HEVC	DL0	DL1	DL2	DL3	DL4	DL5
DL1	0	15616	1920	128	0	0
DL2	0	2320	14048	1872	128	0
DL3	0	1015	5595	5822	400	0
DL4	0	16	672	1168	480	0
DL5	0	0	0	0	0	0
Tabela Comparativa das Profundidades - Porcentagens (FRAME 15)
	AV1
HEVC	DL0	DL1	DL2	DL3	DL4	DL5
DL1	0.00%	88.41%	10.87%	0.72%	0.00%	0.00%
DL2	0.00%	12.63%	76.48%	10.19%	0.70%	0.00%
DL3	0.00%	7.91%	43.60%	45.37%	3.12%	0.00%
DL4	0.00%	0.68%	28.77%	50.00%	20.55%	0.00%
DL5	-nan%	-nan%	-nan%	-nan%	-nan%	-nan%


Tabela Comparativa das Profundidades - Valores Absolutos (FRAME 16)
	AV1
HEVC	DL0	DL1	DL2	DL3	DL4	DL5
DL1	0	15616	768	208	48	0
DL2	0	3208	16088	2128	16	0
DL3	0	960	5705	4535	176	0
DL4	0	0	544	960	240	0
DL5	0	0	0	0	0	0
Tabela Comparativa das Profundidades - Porcentagens (FRAME 16)
	AV1
HEVC	DL0	DL1	DL2	DL3	DL4	DL5
DL1	0.00%	93.85%	4.62%	1.25%	0.29%	0.00%
DL2	0.00%	14.96%	75.04%	9.93%	0.07%	0.00%
DL3	0.00%	8.44%	50.15%	39.86%	1.55%	0.00%
DL4	0.00%	0.00%	31.19%	55.05%	13.76%	0.00%
DL5	-nan%	-nan%	-nan%	-nan%	-nan%	-nan%


Tabela Comparativa das Profundidades - Valores Absolutos (FRAME 17)
	AV1
HEVC	DL0	DL1	DL2	DL3	DL4	DL5
DL1	0	11520	1424	368	0	0
DL2	0	3272	14648	3904	128	0
DL3	0	2096	5152	6064	352	0
DL4	0	16	832	976	448	0
DL5	0	0	0	0	0	0
Tabela Comparativa das Profundidades - Porcentagens (FRAME 17)
	AV1
HEVC	DL0	DL1	DL2	DL3	DL4	DL5
DL1	0.00%	86.54%	10.70%	2.76%	0.00%	0.00%
DL2	0.00%	14.91%	66.73%	17.78%	0.58%	0.00%
DL3	0.00%	15.34%	37.70%	44.38%	2.58%	0.00%
DL4	0.00%	0.70%	36.62%	42.96%	19.72%	0.00%
DL5	-nan%	-nan%	-nan%	-nan%	-nan%	-nan%


Tabela Comparativa das Profundidades - Valores Absolutos (FRAME 18)
	AV1
HEVC	DL0	DL1	DL2	DL3	DL4	DL5
DL1	0	5376	896	128	0	0
DL2	0	3784	11304	2432	144	0
DL3	0	1607	6178	11191	1184	0
DL4	0	64	1648	3392	1872	0
DL5	0	0	0	0	0	0
Tabela Comparativa das Profundidades - Porcentagens (FRAME 18)
	AV1
HEVC	DL0	DL1	DL2	DL3	DL4	DL5
DL1	0.00%	84.00%	14.00%	2.00%	0.00%	0.00%
DL2	0.00%	21.42%	63.99%	13.77%	0.82%	0.00%
DL3	0.00%	7.97%	30.64%	55.51%	5.87%	0.00%
DL4	0.00%	0.92%	23.62%	48.62%	26.83%	0.00%
DL5	-nan%	-nan%	-nan%	-nan%	-nan%	-nan%


Tabela Comparativa das Profundidades - Valores Absolutos (FRAME 19)
	AV1
HEVC	DL0	DL1	DL2	DL3	DL4	DL5
DL1	0	13824	1664	96	32	0
DL2	0	2432	17600	2784	224	0
DL3	0	304	4992	4576	352	0
DL4	0	80	768	1040	432	0
DL5	0	0	0	0	0	0
Tabela Comparativa das Profundidades - Porcentagens (FRAME 19)
	AV1
HEVC	DL0	DL1	DL2	DL3	DL4	DL5
DL1	0.00%	88.52%	10.66%	0.61%	0.20%	0.00%
DL2	0.00%	10.56%	76.39%	12.08%	0.97%	0.00%
DL3	0.00%	2.97%	48.83%	44.76%	3.44%	0.00%
DL4	0.00%	3.45%	33.10%	44.83%	18.62%	0.00%
DL5	-nan%	-nan%	-nan%	-nan%	-nan%	-nan%


Tabela Comparativa das Profundidades - Valores Absolutos (FRAME 20)
	AV1
HEVC	DL0	DL1	DL2	DL3	DL4	DL5
DL1	0	14848	512	0	0	0
DL2	0	3776	19434	2102	96	0
DL3	0	1472	4304	3056	192	0
DL4	0	0	464	592	352	0
DL5	0	0	0	0	0	0
Tabela Comparativa das Profundidades - Porcentagens (FRAME 20)
	AV1
HEVC	DL0	DL1	DL2	DL3	DL4	DL5
DL1	0.00%	96.67%	3.33%	0.00%	0.00%	0.00%
DL2	0.00%	14.86%	76.49%	8.27%	0.38%	0.00%
DL3	0.00%	16.31%	47.70%	33.87%	2.13%	0.00%
DL4	0.00%	0.00%	32.95%	42.05%	25.00%	0.00%
DL5	-nan%	-nan%	-nan%	-nan%	-nan%	-nan%


Tabela Comparativa das Profundidades - Valores Absolutos (FRAME 21)
	AV1
HEVC	DL0	DL1	DL2	DL3	DL4	DL5
DL1	256	3584	1472	64	0	0
DL2	512	3528	14824	2000	384	0
DL3	256	2848	6672	3760	800	0
DL4	0	288	2400	3632	3920	0
DL5	0	0	0	0	0	0
Tabela Comparativa das Profundidades - Porcentagens (FRAME 21)
	AV1
HEVC	DL0	DL1	DL2	DL3	DL4	DL5
DL1	4.76%	66.67%	27.38%	1.19%	0.00%	0.00%
DL2	2.41%	16.60%	69.77%	9.41%	1.81%	0.00%
DL3	1.79%	19.87%	46.54%	26.23%	5.58%	0.00%
DL4	0.00%	2.81%	23.44%	35.47%	38.28%	0.00%
DL5	-nan%	-nan%	-nan%	-nan%	-nan%	-nan%


Tabela Comparativa das Profundidades - Valores Absolutos (FRAME 22)
	AV1
HEVC	DL0	DL1	DL2	DL3	DL4	DL5
DL1	0	7936	512	0	0	0
DL2	0	1344	8608	1744	336	0
DL3	0	656	7988	4604	1200	0
DL4	0	304	5156	5304	5508	0
DL5	0	0	0	0	0	0
Tabela Comparativa das Profundidades - Porcentagens (FRAME 22)
	AV1
HEVC	DL0	DL1	DL2	DL3	DL4	DL5
DL1	0.00%	93.94%	6.06%	0.00%	0.00%	0.00%
DL2	0.00%	11.17%	71.54%	14.49%	2.79%	0.00%
DL3	0.00%	4.54%	55.29%	31.87%	8.31%	0.00%
DL4	0.00%	1.87%	31.69%	32.60%	33.85%	0.00%
DL5	-nan%	-nan%	-nan%	-nan%	-nan%	-nan%


Tabela Comparativa das Profundidades - Valores Absolutos (FRAME 23)
	AV1
HEVC	DL0	DL1	DL2	DL3	DL4	DL5
DL1	0	7168	704	64	0	0
DL2	0	3136	11744	2208	320	0
DL3	0	640	8496	8844	596	0
DL4	0	64	1888	3432	1896	0
DL5	0	0	0	0	0	0
Tabela Comparativa das Profundidades - Porcentagens (FRAME 23)
	AV1
HEVC	DL0	DL1	DL2	DL3	DL4	DL5
DL1	0.00%	90.32%	8.87%	0.81%	0.00%	0.00%
DL2	0.00%	18.01%	67.46%	12.68%	1.84%	0.00%
DL3	0.00%	3.45%	45.74%	47.61%	3.21%	0.00%
DL4	0.00%	0.88%	25.93%	47.14%	26.04%	0.00%
DL5	-nan%	-nan%	-nan%	-nan%	-nan%	-nan%


Tabela Comparativa das Profundidades - Valores Absolutos (FRAME 24)
	AV1
HEVC	DL0	DL1	DL2	DL3	DL4	DL5
DL1	0	7168	256	256	0	0
DL2	0	3264	13722	2954	220	0
DL3	0	1592	5976	9952	896	0
DL4	0	0	912	2742	1290	0
DL5	0	0	0	0	0	0
Tabela Comparativa das Profundidades - Porcentagens (FRAME 24)
	AV1
HEVC	DL0	DL1	DL2	DL3	DL4	DL5
DL1	0.00%	93.33%	3.33%	3.33%	0.00%	0.00%
DL2	0.00%	16.19%	68.07%	14.65%	1.09%	0.00%
DL3	0.00%	8.64%	32.45%	54.04%	4.87%	0.00%
DL4	0.00%	0.00%	18.45%	55.46%	26.09%	0.00%
DL5	-nan%	-nan%	-nan%	-nan%	-nan%	-nan%


Tabela Comparativa das Profundidades - Valores Absolutos (FRAME 25)
	AV1
HEVC	DL0	DL1	DL2	DL3	DL4	DL5
DL1	0	11264	256	0	0	0
DL2	0	1472	10752	3168	288	0
DL3	0	720	7056	10272	656	0
DL4	0	112	1264	2928	992	0
DL5	0	0	0	0	0	0
Tabela Comparativa das Profundidades - Porcentagens (FRAME 25)
	AV1
HEVC	DL0	DL1	DL2	DL3	DL4	DL5
DL1	0.00%	97.78%	2.22%	0.00%	0.00%	0.00%
DL2	0.00%	9.39%	68.57%	20.20%	1.84%	0.00%
DL3	0.00%	3.85%	37.72%	54.92%	3.51%	0.00%
DL4	0.00%	2.11%	23.87%	55.29%	18.73%	0.00%
DL5	-nan%	-nan%	-nan%	-nan%	-nan%	-nan%


Tabela Comparativa das Profundidades - Valores Absolutos (FRAME 26)
	AV1
HEVC	DL0	DL1	DL2	DL3	DL4	DL5
DL1	0	18688	960	64	0	0
DL2	0	3232	18016	1332	140	0
DL3	0	920	3656	2448	128	0
DL4	0	32	640	768	176	0
DL5	0	0	0	0	0	0
Tabela Comparativa das Profundidades - Porcentagens (FRAME 26)
	AV1
HEVC	DL0	DL1	DL2	DL3	DL4	DL5
DL1	0.00%	94.81%	4.87%	0.32%	0.00%	0.00%
DL2	0.00%	14.23%	79.30%	5.86%	0.62%	0.00%
DL3	0.00%	12.86%	51.12%	34.23%	1.79%	0.00%
DL4	0.00%	1.98%	39.60%	47.52%	10.89%	0.00%
DL5	-nan%	-nan%	-nan%	-nan%	-nan%	-nan%


Tabela Comparativa das Profundidades - Valores Absolutos (FRAME 27)
	AV1
HEVC	DL0	DL1	DL2	DL3	DL4	DL5
DL1	0	14336	1152	128	0	0
DL2	0	2208	18688	2576	16	0
DL3	0	768	5305	4471	208	0
DL4	0	0	448	608	288	0
DL5	0	0	0	0	0	0
Tabela Comparativa das Profundidades - Porcentagens (FRAME 27)
	AV1
HEVC	DL0	DL1	DL2	DL3	DL4	DL5
DL1	0.00%	91.80%	7.38%	0.82%	0.00%	0.00%
DL2	0.00%	9.40%	79.56%	10.97%	0.07%	0.00%
DL3	0.00%	7.14%	49.34%	41.58%	1.93%	0.00%
DL4	0.00%	0.00%	33.33%	45.24%	21.43%	0.00%
DL5	-nan%	-nan%	-nan%	-nan%	-nan%	-nan%


Tabela Comparativa das Profundidades - Valores Absolutos (FRAME 28)
	AV1
HEVC	DL0	DL1	DL2	DL3	DL4	DL5
DL1	0	12288	864	124	36	0
DL2	0	2944	18929	3023	192	0
DL3	0	720	5392	4672	336	0
DL4	0	48	560	768	304	0
DL5	0	0	0	0	0	0
Tabela Comparativa das Profundidades - Porcentagens (FRAME 28)
	AV1
HEVC	DL0	DL1	DL2	DL3	DL4	DL5
DL1	0.00%	92.31%	6.49%	0.93%	0.27%	0.00%
DL2	0.00%	11.73%	75.45%	12.05%	0.77%	0.00%
DL3	0.00%	6.47%	48.49%	42.01%	3.02%	0.00%
DL4	0.00%	2.86%	33.33%	45.71%	18.10%	0.00%
DL5	-nan%	-nan%	-nan%	-nan%	-nan%	-nan%


Tabela Comparativa das Profundidades - Valores Absolutos (FRAME 29)
	AV1
HEVC	DL0	DL1	DL2	DL3	DL4	DL5
DL1	0	9984	1128	116	36	0
DL2	0	3264	14976	2860	276	0
DL3	0	1584	6240	5776	816	0
DL4	0	16	1376	1536	1216	0
DL5	0	0	0	0	0	0
Tabela Comparativa das Profundidades - Porcentagens (FRAME 29)
	AV1
HEVC	DL0	DL1	DL2	DL3	DL4	DL5
DL1	0.00%	88.64%	10.01%	1.03%	0.32%	0.00%
DL2	0.00%	15.27%	70.06%	13.38%	1.29%	0.00%
DL3	0.00%	10.99%	43.29%	40.07%	5.66%	0.00%
DL4	0.00%	0.39%	33.20%	37.07%	29.34%	0.00%
DL5	-nan%	-nan%	-nan%	-nan%	-nan%	-nan%


Tabela Comparativa das Profundidades - Valores Absolutos (FRAME 30)
	AV1
HEVC	DL0	DL1	DL2	DL3	DL4	DL5
DL1	0	9728	1792	192	64	0
DL2	0	2944	22448	1920	272	0
DL3	0	688	4889	3727	376	0
DL4	0	16	656	792	696	0
DL5	0	0	0	0	0	0
Tabela Comparativa das Profundidades - Porcentagens (FRAME 30)
	AV1
HEVC	DL0	DL1	DL2	DL3	DL4	DL5
DL1	0.00%	82.61%	15.22%	1.63%	0.54%	0.00%
DL2	0.00%	10.67%	81.38%	6.96%	0.99%	0.00%
DL3	0.00%	7.11%	50.51%	38.50%	3.88%	0.00%
DL4	0.00%	0.74%	30.37%	36.67%	32.22%	0.00%
DL5	-nan%	-nan%	-nan%	-nan%	-nan%	-nan%


Tabela Comparativa das Profundidades - Valores Absolutos (FRAME 31)
	AV1
HEVC	DL0	DL1	DL2	DL3	DL4	DL5
DL1	0	15616	960	528	48	0
DL2	0	2176	14528	2032	144	0
DL3	0	752	5136	5936	544	0
DL4	0	144	944	1056	656	0
DL5	0	0	0	0	0	0
Tabela Comparativa das Profundidades - Porcentagens (FRAME 31)
	AV1
HEVC	DL0	DL1	DL2	DL3	DL4	DL5
DL1	0.00%	91.04%	5.60%	3.08%	0.28%	0.00%
DL2	0.00%	11.53%	76.95%	10.76%	0.76%	0.00%
DL3	0.00%	6.08%	41.53%	47.99%	4.40%	0.00%
DL4	0.00%	5.14%	33.71%	37.71%	23.43%	0.00%
DL5	-nan%	-nan%	-nan%	-nan%	-nan%	-nan%


Tabela Comparativa das Profundidades - Valores Absolutos (FRAME 32)
	AV1
HEVC	DL0	DL1	DL2	DL3	DL4	DL5
DL1	0	17472	1152	288	32	0
DL2	0	3544	16940	1328	140	0
DL3	0	1800	2504	3376	272	0
DL4	0	48	480	1312	512	0
DL5	0	0	0	0	0	0
Tabela Comparativa das Profundidades - Porcentagens (FRAME 32)
	AV1
HEVC	DL0	DL1	DL2	DL3	DL4	DL5
DL1	0.00%	92.23%	6.08%	1.52%	0.17%	0.00%
DL2	0.00%	16.14%	77.17%	6.05%	0.64%	0.00%
DL3	0.00%	22.64%	31.49%	42.45%	3.42%	0.00%
DL4	0.00%	2.04%	20.41%	55.78%	21.77%	0.00%
DL5	-nan%	-nan%	-nan%	-nan%	-nan%	-nan%


Tabela Comparativa das Profundidades - Valores Absolutos (FRAME 33)
	AV1
HEVC	DL0	DL1	DL2	DL3	DL4	DL5
DL1	0	12288	1728	64	0	0
DL2	0	2176	15872	1792	128	0
DL3	0	1088	6296	5378	518	0
DL4	0	64	1232	1604	972	0
DL5	0	0	0	0	0	0
Tabela Comparativa das Profundidades - Porcentagens (FRAME 33)
	AV1
HEVC	DL0	DL1	DL2	DL3	DL4	DL5
DL1	0.00%	87.27%	12.27%	0.45%	0.00%	0.00%
DL2	0.00%	10.90%	79.49%	8.97%	0.64%	0.00%
DL3	0.00%	8.19%	47.41%	40.50%	3.90%	0.00%
DL4	0.00%	1.65%	31.82%	41.43%	25.10%	0.00%
DL5	-nan%	-nan%	-nan%	-nan%	-nan%	-nan%


Tabela Comparativa das Profundidades - Valores Absolutos (FRAME 34)
	AV1
HEVC	DL0	DL1	DL2	DL3	DL4	DL5
DL1	0	20224	816	208	0	0
DL2	0	3808	8832	1776	176	0
DL3	0	1968	3872	5312	576	0
DL4	0	80	816	1936	800	0
DL5	0	0	0	0	0	0
Tabela Comparativa das Profundidades - Porcentagens (FRAME 34)
	AV1
HEVC	DL0	DL1	DL2	DL3	DL4	DL5
DL1	0.00%	95.18%	3.84%	0.98%	0.00%	0.00%
DL2	0.00%	26.10%	60.53%	12.17%	1.21%	0.00%
DL3	0.00%	16.78%	33.02%	45.29%	4.91%	0.00%
DL4	0.00%	2.20%	22.47%	53.30%	22.03%	0.00%
DL5	-nan%	-nan%	-nan%	-nan%	-nan%	-nan%


Tabela Comparativa das Profundidades - Valores Absolutos (FRAME 35)
	AV1
HEVC	DL0	DL1	DL2	DL3	DL4	DL5
DL1	0	21248	1536	888	136	0
DL2	0	3556	9096	1628	56	0
DL3	0	1856	4336	4160	304	0
DL4	0	128	928	916	428	0
DL5	0	0	0	0	0	0
Tabela Comparativa das Profundidades - Porcentagens (FRAME 35)
	AV1
HEVC	DL0	DL1	DL2	DL3	DL4	DL5
DL1	0.00%	89.25%	6.45%	3.73%	0.57%	0.00%
DL2	0.00%	24.80%	63.45%	11.36%	0.39%	0.00%
DL3	0.00%	17.42%	40.69%	39.04%	2.85%	0.00%
DL4	0.00%	5.33%	38.67%	38.17%	17.83%	0.00%
DL5	-nan%	-nan%	-nan%	-nan%	-nan%	-nan%


Tabela Comparativa das Profundidades - Valores Absolutos (FRAME 36)
	AV1
HEVC	DL0	DL1	DL2	DL3	DL4	DL5
DL1	0	13056	1280	0	0	0
DL2	0	5064	16632	2544	272	0
DL3	0	2295	3433	3996	308	0
DL4	0	144	624	1152	400	0
DL5	0	0	0	0	0	0
Tabela Comparativa das Profundidades - Porcentagens (FRAME 36)
	AV1
HEVC	DL0	DL1	DL2	DL3	DL4	DL5
DL1	0.00%	91.07%	8.93%	0.00%	0.00%	0.00%
DL2	0.00%	20.66%	67.85%	10.38%	1.11%	0.00%
DL3	0.00%	22.88%	34.22%	39.83%	3.07%	0.00%
DL4	0.00%	6.21%	26.90%	49.66%	17.24%	0.00%
DL5	-nan%	-nan%	-nan%	-nan%	-nan%	-nan%


Tabela Comparativa das Profundidades - Valores Absolutos (FRAME 37)
	AV1
HEVC	DL0	DL1	DL2	DL3	DL4	DL5
DL1	0	11264	512	0	0	0
DL2	0	2624	16256	2208	32	0
DL3	0	368	5904	6448	640	0
DL4	0	80	1648	2144	1072	0
DL5	0	0	0	0	0	0
Tabela Comparativa das Profundidades - Porcentagens (FRAME 37)
	AV1
HEVC	DL0	DL1	DL2	DL3	DL4	DL5
DL1	0.00%	95.65%	4.35%	0.00%	0.00%	0.00%
DL2	0.00%	12.42%	76.97%	10.45%	0.15%	0.00%
DL3	0.00%	2.75%	44.19%	48.26%	4.79%	0.00%
DL4	0.00%	1.62%	33.33%	43.37%	21.68%	0.00%
DL5	-nan%	-nan%	-nan%	-nan%	-nan%	-nan%


Tabela Comparativa das Profundidades - Valores Absolutos (FRAME 38)
	AV1
HEVC	DL0	DL1	DL2	DL3	DL4	DL5
DL1	0	18688	3536	448	112	0
DL2	0	3662	15314	1076	108	0
DL3	0	1271	3925	1608	108	0
DL4	0	16	420	636	272	0
DL5	0	0	0	0	0	0
Tabela Comparativa das Profundidades - Porcentagens (FRAME 38)
	AV1
HEVC	DL0	DL1	DL2	DL3	DL4	DL5
DL1	0.00%	82.02%	15.52%	1.97%	0.49%	0.00%
DL2	0.00%	18.16%	75.96%	5.34%	0.54%	0.00%
DL3	0.00%	18.39%	56.79%	23.26%	1.56%	0.00%
DL4	0.00%	1.19%	31.25%	47.32%	20.24%	0.00%
DL5	-nan%	-nan%	-nan%	-nan%	-nan%	-nan%


Tabela Comparativa das Profundidades - Valores Absolutos (FRAME 39)
	AV1
HEVC	DL0	DL1	DL2	DL3	DL4	DL5
DL1	0	19200	448	64	0	0
DL2	0	6496	12256	1200	144	0
DL3	0	2192	3536	3264	288	0
DL4	0	48	768	912	384	0
DL5	0	0	0	0	0	0
Tabela Comparativa das Profundidades - Porcentagens (FRAME 39)
	AV1
HEVC	DL0	DL1	DL2	DL3	DL4	DL5
DL1	0.00%	97.40%	2.27%	0.32%	0.00%	0.00%
DL2	0.00%	32.32%	60.99%	5.97%	0.72%	0.00%
DL3	0.00%	23.62%	38.10%	35.17%	3.10%	0.00%
DL4	0.00%	2.27%	36.36%	43.18%	18.18%	0.00%
DL5	-nan%	-nan%	-nan%	-nan%	-nan%	-nan%


Tabela Comparativa das Profundidades - Valores Absolutos (FRAME 40)
	AV1
HEVC	DL0	DL1	DL2	DL3	DL4	DL5
DL1	0	5888	1184	352	0	0
DL2	0	7136	16032	1696	288	0
DL3	0	2000	6176	5392	576	0
DL4	0	176	976	2272	1056	0
DL5	0	0	0	0	0	0
Tabela Comparativa das Profundidades - Porcentagens (FRAME 40)
	AV1
HEVC	DL0	DL1	DL2	DL3	DL4	DL5
DL1	0.00%	79.31%	15.95%	4.74%	0.00%	0.00%
DL2	0.00%	28.37%	63.74%	6.74%	1.15%	0.00%
DL3	0.00%	14.14%	43.67%	38.12%	4.07%	0.00%
DL4	0.00%	3.93%	21.79%	50.71%	23.57%	0.00%
DL5	-nan%	-nan%	-nan%	-nan%	-nan%	-nan%


Tabela Comparativa das Profundidades - Valores Absolutos (FRAME 41)
	AV1
HEVC	DL0	DL1	DL2	DL3	DL4	DL5
DL1	0	3072	448	64	0	0
DL2	0	4480	9668	1584	204	0
DL3	0	640	5404	6592	2436	0
DL4	0	0	2976	6600	7032	0
DL5	0	0	0	0	0	0
Tabela Comparativa das Profundidades - Porcentagens (FRAME 41)
	AV1
HEVC	DL0	DL1	DL2	DL3	DL4	DL5
DL1	0.00%	85.71%	12.50%	1.79%	0.00%	0.00%
DL2	0.00%	28.11%	60.67%	9.94%	1.28%	0.00%
DL3	0.00%	4.25%	35.85%	43.74%	16.16%	0.00%
DL4	0.00%	0.00%	17.92%	39.74%	42.34%	0.00%
DL5	-nan%	-nan%	-nan%	-nan%	-nan%	-nan%


Tabela Comparativa das Profundidades - Valores Absolutos (FRAME 42)
	AV1
HEVC	DL0	DL1	DL2	DL3	DL4	DL5
DL1	0	1792	832	192	0	0
DL2	0	1344	15680	2736	272	0
DL3	0	384	11088	7600	896	0
DL4	0	64	2352	3760	2208	0
DL5	0	0	0	0	0	0
Tabela Comparativa das Profundidades - Porcentagens (FRAME 42)
	AV1
HEVC	DL0	DL1	DL2	DL3	DL4	DL5
DL1	0.00%	63.64%	29.55%	6.82%	0.00%	0.00%
DL2	0.00%	6.71%	78.27%	13.66%	1.36%	0.00%
DL3	0.00%	1.92%	55.53%	38.06%	4.49%	0.00%
DL4	0.00%	0.76%	28.05%	44.85%	26.34%	0.00%
DL5	-nan%	-nan%	-nan%	-nan%	-nan%	-nan%


Tabela Comparativa das Profundidades - Valores Absolutos (FRAME 43)
	AV1
HEVC	DL0	DL1	DL2	DL3	DL4	DL5
DL1	0	10240	256	0	0	0
DL2	0	2560	9664	3344	240	0
DL3	0	1136	7104	7920	1232	0
DL4	0	400	2176	3440	1488	0
DL5	0	0	0	0	0	0
Tabela Comparativa das Profundidades - Porcentagens (FRAME 43)
	AV1
HEVC	DL0	DL1	DL2	DL3	DL4	DL5
DL1	0.00%	97.56%	2.44%	0.00%	0.00%	0.00%
DL2	0.00%	16.19%	61.13%	21.15%	1.52%	0.00%
DL3	0.00%	6.53%	40.85%	45.54%	7.08%	0.00%
DL4	0.00%	5.33%	29.00%	45.84%	19.83%	0.00%
DL5	-nan%	-nan%	-nan%	-nan%	-nan%	-nan%


Tabela Comparativa das Profundidades - Valores Absolutos (FRAME 44)
	AV1
HEVC	DL0	DL1	DL2	DL3	DL4	DL5
DL1	0	11520	704	320	0	0
DL2	0	2778	13086	2456	240	0
DL3	0	1184	7792	6236	708	0
DL4	0	32	1584	1908	652	0
DL5	0	0	0	0	0	0
Tabela Comparativa das Profundidades - Porcentagens (FRAME 44)
	AV1
HEVC	DL0	DL1	DL2	DL3	DL4	DL5
DL1	0.00%	91.84%	5.61%	2.55%	0.00%	0.00%
DL2	0.00%	14.97%	70.51%	13.23%	1.29%	0.00%
DL3	0.00%	7.44%	48.94%	39.17%	4.45%	0.00%
DL4	0.00%	0.77%	37.93%	45.69%	15.61%	0.00%
DL5	-nan%	-nan%	-nan%	-nan%	-nan%	-nan%


Tabela Comparativa das Profundidades - Valores Absolutos (FRAME 45)
	AV1
HEVC	DL0	DL1	DL2	DL3	DL4	DL5
DL1	0	13312	1216	208	112	0
DL2	0	2624	19024	1728	112	0
DL3	0	960	5072	3376	496	0
DL4	0	0	1120	1072	768	0
DL5	0	0	0	0	0	0
Tabela Comparativa das Profundidades - Porcentagens (FRAME 45)
	AV1
HEVC	DL0	DL1	DL2	DL3	DL4	DL5
DL1	0.00%	89.66%	8.19%	1.40%	0.75%	0.00%
DL2	0.00%	11.17%	80.99%	7.36%	0.48%	0.00%
DL3	0.00%	9.69%	51.21%	34.09%	5.01%	0.00%
DL4	0.00%	0.00%	37.84%	36.22%	25.95%	0.00%
DL5	-nan%	-nan%	-nan%	-nan%	-nan%	-nan%


Tabela Comparativa das Profundidades - Valores Absolutos (FRAME 46)
	AV1
HEVC	DL0	DL1	DL2	DL3	DL4	DL5
DL1	0	12544	1216	320	0	0
DL2	0	1465	18391	3216	32	0
DL3	0	504	5600	5400	176	0
DL4	0	0	864	1248	224	0
DL5	0	0	0	0	0	0
Tabela Comparativa das Profundidades - Porcentagens (FRAME 46)
	AV1
HEVC	DL0	DL1	DL2	DL3	DL4	DL5
DL1	0.00%	89.09%	8.64%	2.27%	0.00%	0.00%
DL2	0.00%	6.34%	79.60%	13.92%	0.14%	0.00%
DL3	0.00%	4.32%	47.95%	46.23%	1.51%	0.00%
DL4	0.00%	0.00%	36.99%	53.42%	9.59%	0.00%
DL5	-nan%	-nan%	-nan%	-nan%	-nan%	-nan%


Tabela Comparativa das Profundidades - Valores Absolutos (FRAME 47)
	AV1
HEVC	DL0	DL1	DL2	DL3	DL4	DL5
DL1	0	6400	0	0	0	0
DL2	0	2304	22192	3392	208	0
DL3	0	512	6720	6380	388	0
DL4	0	0	672	1488	544	0
DL5	0	0	0	0	0	0
Tabela Comparativa das Profundidades - Porcentagens (FRAME 47)
	AV1
HEVC	DL0	DL1	DL2	DL3	DL4	DL5
DL1	0.00%	100.00%	0.00%	0.00%	0.00%	0.00%
DL2	0.00%	8.20%	78.99%	12.07%	0.74%	0.00%
DL3	0.00%	3.66%	48.00%	45.57%	2.77%	0.00%
DL4	0.00%	0.00%	24.85%	55.03%	20.12%	0.00%
DL5	-nan%	-nan%	-nan%	-nan%	-nan%	-nan%


Tabela Comparativa das Profundidades - Valores Absolutos (FRAME 48)
	AV1
HEVC	DL0	DL1	DL2	DL3	DL4	DL5
DL1	0	4864	512	0	0	0
DL2	0	1472	15264	3420	196	0
DL3	0	976	8988	8664	1068	0
DL4	0	112	1328	2672	1664	0
DL5	0	0	0	0	0	0
Tabela Comparativa das Profundidades - Porcentagens (FRAME 48)
	AV1
HEVC	DL0	DL1	DL2	DL3	DL4	DL5
DL1	0.00%	90.48%	9.52%	0.00%	0.00%	0.00%
DL2	0.00%	7.23%	75.00%	16.80%	0.96%	0.00%
DL3	0.00%	4.96%	45.63%	43.99%	5.42%	0.00%
DL4	0.00%	1.94%	22.99%	46.26%	28.81%	0.00%
DL5	-nan%	-nan%	-nan%	-nan%	-nan%	-nan%


Tabela Comparativa das Profundidades - Valores Absolutos (FRAME 49)
	AV1
HEVC	DL0	DL1	DL2	DL3	DL4	DL5
DL1	0	10752	1472	64	0	0
DL2	0	1280	19392	2896	48	0
DL3	0	256	6000	6432	400	0
DL4	0	0	848	1040	320	0
DL5	0	0	0	0	0	0
Tabela Comparativa das Profundidades - Porcentagens (FRAME 49)
	AV1
HEVC	DL0	DL1	DL2	DL3	DL4	DL5
DL1	0.00%	87.50%	11.98%	0.52%	0.00%	0.00%
DL2	0.00%	5.42%	82.11%	12.26%	0.20%	0.00%
DL3	0.00%	1.96%	45.84%	49.14%	3.06%	0.00%
DL4	0.00%	0.00%	38.41%	47.10%	14.49%	0.00%
DL5	-nan%	-nan%	-nan%	-nan%	-nan%	-nan%


Tabela Comparativa das Profundidades - Valores Absolutos (FRAME 50)
	AV1
HEVC	DL0	DL1	DL2	DL3	DL4	DL5
DL1	0	12032	1024	256	0	0
DL2	0	1152	23568	2272	336	0
DL3	0	384	5794	2446	352	0
DL4	0	0	432	848	304	0
DL5	0	0	0	0	0	0
Tabela Comparativa das Profundidades - Porcentagens (FRAME 50)
	AV1
HEVC	DL0	DL1	DL2	DL3	DL4	DL5
DL1	0.00%	90.38%	7.69%	1.92%	0.00%	0.00%
DL2	0.00%	4.22%	86.24%	8.31%	1.23%	0.00%
DL3	0.00%	4.28%	64.55%	27.25%	3.92%	0.00%
DL4	0.00%	0.00%	27.27%	53.54%	19.19%	0.00%
DL5	-nan%	-nan%	-nan%	-nan%	-nan%	-nan%


Tabela Comparativa das Profundidades - Valores Absolutos (FRAME 51)
	AV1
HEVC	DL0	DL1	DL2	DL3	DL4	DL5
DL1	0	11776	1536	0	0	0
DL2	0	3328	19032	1984	168	0
DL3	0	768	5156	4616	388	0
DL4	0	0	848	1008	592	0
DL5	0	0	0	0	0	0
Tabela Comparativa das Profundidades - Porcentagens (FRAME 51)
	AV1
HEVC	DL0	DL1	DL2	DL3	DL4	DL5
DL1	0.00%	88.46%	11.54%	0.00%	0.00%	0.00%
DL2	0.00%	13.58%	77.64%	8.09%	0.69%	0.00%
DL3	0.00%	7.03%	47.18%	42.24%	3.55%	0.00%
DL4	0.00%	0.00%	34.64%	41.18%	24.18%	0.00%
DL5	-nan%	-nan%	-nan%	-nan%	-nan%	-nan%


Tabela Comparativa das Profundidades - Valores Absolutos (FRAME 52)
	AV1
HEVC	DL0	DL1	DL2	DL3	DL4	DL5
DL1	0	12800	896	72	56	0
DL2	0	2912	16224	1728	64	0
DL3	0	1872	4840	4944	488	0
DL4	0	48	1184	2022	1050	0
DL5	0	0	0	0	0	0
Tabela Comparativa das Profundidades - Porcentagens (FRAME 52)
	AV1
HEVC	DL0	DL1	DL2	DL3	DL4	DL5
DL1	0.00%	92.59%	6.48%	0.52%	0.41%	0.00%
DL2	0.00%	13.91%	77.52%	8.26%	0.31%	0.00%
DL3	0.00%	15.42%	39.86%	40.71%	4.02%	0.00%
DL4	0.00%	1.12%	27.51%	46.98%	24.40%	0.00%
DL5	-nan%	-nan%	-nan%	-nan%	-nan%	-nan%


Tabela Comparativa das Profundidades - Valores Absolutos (FRAME 53)
	AV1
HEVC	DL0	DL1	DL2	DL3	DL4	DL5
DL1	0	11520	896	128	0	0
DL2	0	2691	14061	1936	0	0
DL3	0	1184	6288	6636	692	0
DL4	0	32	1584	2564	988	0
DL5	0	0	0	0	0	0
Tabela Comparativa das Profundidades - Porcentagens (FRAME 53)
	AV1
HEVC	DL0	DL1	DL2	DL3	DL4	DL5
DL1	0.00%	91.84%	7.14%	1.02%	0.00%	0.00%
DL2	0.00%	14.40%	75.24%	10.36%	0.00%	0.00%
DL3	0.00%	8.00%	42.49%	44.84%	4.68%	0.00%
DL4	0.00%	0.62%	30.65%	49.61%	19.12%	0.00%
DL5	-nan%	-nan%	-nan%	-nan%	-nan%	-nan%


Tabela Comparativa das Profundidades - Valores Absolutos (FRAME 54)
	AV1
HEVC	DL0	DL1	DL2	DL3	DL4	DL5
DL1	0	12544	2368	432	16	0
DL2	0	4320	17036	2652	120	0
DL3	0	1568	3132	4148	448	0
DL4	0	32	752	1264	368	0
DL5	0	0	0	0	0	0
Tabela Comparativa das Profundidades - Porcentagens (FRAME 54)
	AV1
HEVC	DL0	DL1	DL2	DL3	DL4	DL5
DL1	0.00%	81.67%	15.42%	2.81%	0.10%	0.00%
DL2	0.00%	17.90%	70.61%	10.99%	0.50%	0.00%
DL3	0.00%	16.87%	33.69%	44.62%	4.82%	0.00%
DL4	0.00%	1.32%	31.13%	52.32%	15.23%	0.00%
DL5	-nan%	-nan%	-nan%	-nan%	-nan%	-nan%


Tabela Comparativa das Profundidades - Valores Absolutos (FRAME 55)
	AV1
HEVC	DL0	DL1	DL2	DL3	DL4	DL5
DL1	0	17664	1536	256	0	0
DL2	0	1536	16640	2576	48	0
DL3	0	592	3104	4496	288	0
DL4	0	176	928	1056	304	0
DL5	0	0	0	0	0	0
Tabela Comparativa das Profundidades - Porcentagens (FRAME 55)
	AV1
HEVC	DL0	DL1	DL2	DL3	DL4	DL5
DL1	0.00%	90.79%	7.89%	1.32%	0.00%	0.00%
DL2	0.00%	7.38%	80.00%	12.38%	0.23%	0.00%
DL3	0.00%	6.98%	36.60%	53.02%	3.40%	0.00%
DL4	0.00%	7.14%	37.66%	42.86%	12.34%	0.00%
DL5	-nan%	-nan%	-nan%	-nan%	-nan%	-nan%


Tabela Comparativa das Profundidades - Valores Absolutos (FRAME 56)
	AV1
HEVC	DL0	DL1	DL2	DL3	DL4	DL5
DL1	0	12544	400	76	36	0
DL2	0	2592	18517	1783	84	0
DL3	0	1788	5764	4656	144	0
DL4	0	60	1252	1136	368	0
DL5	0	0	0	0	0	0
Tabela Comparativa das Profundidades - Porcentagens (FRAME 56)
	AV1
HEVC	DL0	DL1	DL2	DL3	DL4	DL5
DL1	0.00%	96.08%	3.06%	0.58%	0.28%	0.00%
DL2	0.00%	11.28%	80.59%	7.76%	0.37%	0.00%
DL3	0.00%	14.48%	46.66%	37.69%	1.17%	0.00%
DL4	0.00%	2.13%	44.46%	40.34%	13.07%	0.00%
DL5	-nan%	-nan%	-nan%	-nan%	-nan%	-nan%


Tabela Comparativa das Profundidades - Valores Absolutos (FRAME 57)
	AV1
HEVC	DL0	DL1	DL2	DL3	DL4	DL5
DL1	0	18176	1136	88	56	0
DL2	0	3586	16478	928	64	0
DL3	0	880	3888	2586	518	0
DL4	0	16	996	1052	752	0
DL5	0	0	0	0	0	0
Tabela Comparativa das Profundidades - Porcentagens (FRAME 57)
	AV1
HEVC	DL0	DL1	DL2	DL3	DL4	DL5
DL1	0.00%	93.42%	5.84%	0.45%	0.29%	0.00%
DL2	0.00%	17.03%	78.26%	4.41%	0.30%	0.00%
DL3	0.00%	11.18%	49.39%	32.85%	6.58%	0.00%
DL4	0.00%	0.57%	35.37%	37.36%	26.70%	0.00%
DL5	-nan%	-nan%	-nan%	-nan%	-nan%	-nan%


Tabela Comparativa das Profundidades - Valores Absolutos (FRAME 58)
	AV1
HEVC	DL0	DL1	DL2	DL3	DL4	DL5
DL1	0	16384	2112	192	0	0
DL2	0	2880	18164	1880	52	0
DL3	0	1340	3516	2872	128	0
DL4	0	16	672	820	172	0
DL5	0	0	0	0	0	0
Tabela Comparativa das Profundidades - Porcentagens (FRAME 58)
	AV1
HEVC	DL0	DL1	DL2	DL3	DL4	DL5
DL1	0.00%	87.67%	11.30%	1.03%	0.00%	0.00%
DL2	0.00%	12.53%	79.06%	8.18%	0.23%	0.00%
DL3	0.00%	17.06%	44.76%	36.56%	1.63%	0.00%
DL4	0.00%	0.95%	40.00%	48.81%	10.24%	0.00%
DL5	-nan%	-nan%	-nan%	-nan%	-nan%	-nan%


Tabela Comparativa das Profundidades - Valores Absolutos (FRAME 59)
	AV1
HEVC	DL0	DL1	DL2	DL3	DL4	DL5
DL1	0	7936	2112	160	32	0
DL2	0	5094	16230	2348	264	0
DL3	0	3744	4272	4800	448	0
DL4	0	288	1200	1728	544	0
DL5	0	0	0	0	0	0
Tabela Comparativa das Profundidades - Porcentagens (FRAME 59)
	AV1
HEVC	DL0	DL1	DL2	DL3	DL4	DL5
DL1	0.00%	77.50%	20.62%	1.56%	0.31%	0.00%
DL2	0.00%	21.28%	67.81%	9.81%	1.10%	0.00%
DL3	0.00%	28.23%	32.21%	36.19%	3.38%	0.00%
DL4	0.00%	7.66%	31.91%	45.96%	14.47%	0.00%
DL5	-nan%	-nan%	-nan%	-nan%	-nan%	-nan%


Tabela Comparativa das Profundidades - Valores Absolutos (FRAME 60)
	AV1
HEVC	DL0	DL1	DL2	DL3	DL4	DL5
DL1	0	768	0	0	0	0
DL2	0	1344	5888	1352	440	0
DL3	0	816	5248	5440	1312	0
DL4	0	144	7300	11772	9376	0
DL5	0	0	0	0	0	0
Tabela Comparativa das Profundidades - Porcentagens (FRAME 60)
	AV1
HEVC	DL0	DL1	DL2	DL3	DL4	DL5
DL1	0.00%	100.00%	0.00%	0.00%	0.00%	0.00%
DL2	0.00%	14.89%	65.25%	14.98%	4.88%	0.00%
DL3	0.00%	6.37%	40.95%	42.45%	10.24%	0.00%
DL4	0.00%	0.50%	25.53%	41.17%	32.79%	0.00%
DL5	-nan%	-nan%	-nan%	-nan%	-nan%	-nan%


Tabela Comparativa das Profundidades - Valores Absolutos (FRAME 61)
	AV1
HEVC	DL0	DL1	DL2	DL3	DL4	DL5
DL1	0	5888	448	64	0	0
DL2	0	2752	9600	2864	272	0
DL3	0	544	8160	11472	800	0
DL4	0	32	1824	4016	2464	0
DL5	0	0	0	0	0	0
Tabela Comparativa das Profundidades - Porcentagens (FRAME 61)
	AV1
HEVC	DL0	DL1	DL2	DL3	DL4	DL5
DL1	0.00%	92.00%	7.00%	1.00%	0.00%	0.00%
DL2	0.00%	17.77%	61.98%	18.49%	1.76%	0.00%
DL3	0.00%	2.59%	38.90%	54.69%	3.81%	0.00%
DL4	0.00%	0.38%	21.88%	48.18%	29.56%	0.00%
DL5	-nan%	-nan%	-nan%	-nan%	-nan%	-nan%


Tabela Comparativa das Profundidades - Valores Absolutos (FRAME 62)
	AV1
HEVC	DL0	DL1	DL2	DL3	DL4	DL5
DL1	0	12288	2176	128	0	0
DL2	0	3280	18736	2144	288	0
DL3	0	775	4242	4203	348	0
DL4	0	64	640	1296	592	0
DL5	0	0	0	0	0	0
Tabela Comparativa das Profundidades - Porcentagens (FRAME 62)
	AV1
HEVC	DL0	DL1	DL2	DL3	DL4	DL5
DL1	0.00%	84.21%	14.91%	0.88%	0.00%	0.00%
DL2	0.00%	13.42%	76.64%	8.77%	1.18%	0.00%
DL3	0.00%	8.10%	44.34%	43.93%	3.64%	0.00%
DL4	0.00%	2.47%	24.69%	50.00%	22.84%	0.00%
DL5	-nan%	-nan%	-nan%	-nan%	-nan%	-nan%


Tabela Comparativa das Profundidades - Valores Absolutos (FRAME 63)
	AV1
HEVC	DL0	DL1	DL2	DL3	DL4	DL5
DL1	0	13824	1024	256	0	0
DL2	0	3852	15252	1680	144	0
DL3	0	1404	5932	3024	504	0
DL4	0	32	1536	1888	848	0
DL5	0	0	0	0	0	0
Tabela Comparativa das Profundidades - Porcentagens (FRAME 63)
	AV1
HEVC	DL0	DL1	DL2	DL3	DL4	DL5
DL1	0.00%	91.53%	6.78%	1.69%	0.00%	0.00%
DL2	0.00%	18.41%	72.88%	8.03%	0.69%	0.00%
DL3	0.00%	12.92%	54.60%	27.84%	4.64%	0.00%
DL4	0.00%	0.74%	35.69%	43.87%	19.70%	0.00%
DL5	-nan%	-nan%	-nan%	-nan%	-nan%	-nan%


Tabela Comparativa das Profundidades - Valores Absolutos (FRAME 64)
	AV1
HEVC	DL0	DL1	DL2	DL3	DL4	DL5
DL1	0	14848	1168	104	8	0
DL2	0	2688	15960	2168	112	0
DL3	0	576	5034	4810	444	0
DL4	0	64	912	1560	744	0
DL5	0	0	0	0	0	0
Tabela Comparativa das Profundidades - Porcentagens (FRAME 64)
	AV1
HEVC	DL0	DL1	DL2	DL3	DL4	DL5
DL1	0.00%	92.06%	7.24%	0.64%	0.05%	0.00%
DL2	0.00%	12.84%	76.26%	10.36%	0.54%	0.00%
DL3	0.00%	5.30%	46.34%	44.27%	4.09%	0.00%
DL4	0.00%	1.95%	27.80%	47.56%	22.68%	0.00%
DL5	-nan%	-nan%	-nan%	-nan%	-nan%	-nan%


Tabela Comparativa das Profundidades - Valores Absolutos (FRAME 65)
	AV1
HEVC	DL0	DL1	DL2	DL3	DL4	DL5
DL1	0	13056	1728	64	0	0
DL2	0	4515	16549	1752	288	0
DL3	0	2160	4576	3112	280	0
DL4	0	16	1216	1348	540	0
DL5	0	0	0	0	0	0
Tabela Comparativa das Profundidades - Porcentagens (FRAME 65)
	AV1
HEVC	DL0	DL1	DL2	DL3	DL4	DL5
DL1	0.00%	87.93%	11.64%	0.43%	0.00%	0.00%
DL2	0.00%	19.54%	71.63%	7.58%	1.25%	0.00%
DL3	0.00%	21.33%	45.18%	30.73%	2.76%	0.00%
DL4	0.00%	0.51%	38.97%	43.21%	17.31%	0.00%
DL5	-nan%	-nan%	-nan%	-nan%	-nan%	-nan%


Tabela Comparativa das Profundidades - Valores Absolutos (FRAME 66)
	AV1
HEVC	DL0	DL1	DL2	DL3	DL4	DL5
DL1	0	12800	2368	176	16	0
DL2	0	4448	16304	1824	144	0
DL3	0	1904	4976	3808	288	0
DL4	0	16	944	880	304	0
DL5	0	0	0	0	0	0
Tabela Comparativa das Profundidades - Porcentagens (FRAME 66)
	AV1
HEVC	DL0	DL1	DL2	DL3	DL4	DL5
DL1	0.00%	83.33%	15.42%	1.15%	0.10%	0.00%
DL2	0.00%	19.58%	71.76%	8.03%	0.63%	0.00%
DL3	0.00%	17.35%	45.34%	34.69%	2.62%	0.00%
DL4	0.00%	0.75%	44.03%	41.04%	14.18%	0.00%
DL5	-nan%	-nan%	-nan%	-nan%	-nan%	-nan%


Tabela Comparativa das Profundidades - Valores Absolutos (FRAME 67)
	AV1
HEVC	DL0	DL1	DL2	DL3	DL4	DL5
DL1	0	11008	512	0	0	0
DL2	0	1600	13376	2768	176	0
DL3	0	608	6640	7792	960	0
DL4	0	96	1616	2784	1264	0
DL5	0	0	0	0	0	0
Tabela Comparativa das Profundidades - Porcentagens (FRAME 67)
	AV1
HEVC	DL0	DL1	DL2	DL3	DL4	DL5
DL1	0.00%	95.56%	4.44%	0.00%	0.00%	0.00%
DL2	0.00%	8.93%	74.64%	15.45%	0.98%	0.00%
DL3	0.00%	3.80%	41.50%	48.70%	6.00%	0.00%
DL4	0.00%	1.67%	28.06%	48.33%	21.94%	0.00%
DL5	-nan%	-nan%	-nan%	-nan%	-nan%	-nan%


Tabela Comparativa das Profundidades - Valores Absolutos (FRAME 68)
	AV1
HEVC	DL0	DL1	DL2	DL3	DL4	DL5
DL1	0	14592	2304	0	0	0
DL2	0	5576	17896	1848	88	0
DL3	0	759	3625	2712	280	0
DL4	0	16	528	736	240	0
DL5	0	0	0	0	0	0
Tabela Comparativa das Profundidades - Porcentagens (FRAME 68)
	AV1
HEVC	DL0	DL1	DL2	DL3	DL4	DL5
DL1	0.00%	86.36%	13.64%	0.00%	0.00%	0.00%
DL2	0.00%	21.95%	70.43%	7.27%	0.35%	0.00%
DL3	0.00%	10.29%	49.15%	36.77%	3.80%	0.00%
DL4	0.00%	1.05%	34.74%	48.42%	15.79%	0.00%
DL5	-nan%	-nan%	-nan%	-nan%	-nan%	-nan%


Tabela Comparativa das Profundidades - Valores Absolutos (FRAME 69)
	AV1
HEVC	DL0	DL1	DL2	DL3	DL4	DL5
DL1	0	16384	1920	128	0	0
DL2	0	5056	14944	1840	112	0
DL3	0	1952	3216	3904	96	0
DL4	0	32	592	832	192	0
DL5	0	0	0	0	0	0
Tabela Comparativa das Profundidades - Porcentagens (FRAME 69)
	AV1
HEVC	DL0	DL1	DL2	DL3	DL4	DL5
DL1	0.00%	88.89%	10.42%	0.69%	0.00%	0.00%
DL2	0.00%	23.03%	68.08%	8.38%	0.51%	0.00%
DL3	0.00%	21.29%	35.08%	42.58%	1.05%	0.00%
DL4	0.00%	1.94%	35.92%	50.49%	11.65%	0.00%
DL5	-nan%	-nan%	-nan%	-nan%	-nan%	-nan%


Tabela Comparativa das Profundidades - Valores Absolutos (FRAME 70)
	AV1
HEVC	DL0	DL1	DL2	DL3	DL4	DL5
DL1	0	16128	2736	80	0	0
DL2	0	5494	14922	1344	320	0
DL3	0	1856	2944	2916	252	0
DL4	0	64	584	1204	356	0
DL5	0	0	0	0	0	0
Tabela Comparativa das Profundidades - Porcentagens (FRAME 70)
	AV1
HEVC	DL0	DL1	DL2	DL3	DL4	DL5
DL1	0.00%	85.14%	14.44%	0.42%	0.00%	0.00%
DL2	0.00%	24.88%	67.58%	6.09%	1.45%	0.00%
DL3	0.00%	23.29%	36.95%	36.60%	3.16%	0.00%
DL4	0.00%	2.90%	26.45%	54.53%	16.12%	0.00%
DL5	-nan%	-nan%	-nan%	-nan%	-nan%	-nan%


Tabela Comparativa das Profundidades - Valores Absolutos (FRAME 71)
	AV1
HEVC	DL0	DL1	DL2	DL3	DL4	DL5
DL1	512	9216	832	192	0	0
DL2	128	3712	15936	1488	176	0
DL3	128	2016	5200	5616	688	0
DL4	0	32	1504	2112	1712	0
DL5	0	0	0	0	0	0
Tabela Comparativa das Profundidades - Porcentagens (FRAME 71)
	AV1
HEVC	DL0	DL1	DL2	DL3	DL4	DL5
DL1	4.76%	85.71%	7.74%	1.79%	0.00%	0.00%
DL2	0.60%	17.31%	74.33%	6.94%	0.82%	0.00%
DL3	0.94%	14.77%	38.10%	41.15%	5.04%	0.00%
DL4	0.00%	0.60%	28.06%	39.40%	31.94%	0.00%
DL5	-nan%	-nan%	-nan%	-nan%	-nan%	-nan%


Tabela Comparativa das Profundidades - Valores Absolutos (FRAME 72)
	AV1
HEVC	DL0	DL1	DL2	DL3	DL4	DL5
DL1	0	5376	512	0	0	0
DL2	0	1272	19228	2172	176	0
DL3	0	480	8176	7752	792	0
DL4	0	32	1648	2108	1476	0
DL5	0	0	0	0	0	0
Tabela Comparativa das Profundidades - Porcentagens (FRAME 72)
	AV1
HEVC	DL0	DL1	DL2	DL3	DL4	DL5
DL1	0.00%	91.30%	8.70%	0.00%	0.00%	0.00%
DL2	0.00%	5.57%	84.16%	9.51%	0.77%	0.00%
DL3	0.00%	2.79%	47.53%	45.07%	4.60%	0.00%
DL4	0.00%	0.61%	31.31%	40.05%	28.04%	0.00%
DL5	-nan%	-nan%	-nan%	-nan%	-nan%	-nan%


Tabela Comparativa das Profundidades - Valores Absolutos (FRAME 73)
	AV1
HEVC	DL0	DL1	DL2	DL3	DL4	DL5
DL1	0	14336	1856	176	16	0
DL2	0	3136	16128	2512	496	0
DL3	0	624	3808	4048	672	0
DL4	0	80	992	1616	704	0
DL5	0	0	0	0	0	0
Tabela Comparativa das Profundidades - Porcentagens (FRAME 73)
	AV1
HEVC	DL0	DL1	DL2	DL3	DL4	DL5
DL1	0.00%	87.50%	11.33%	1.07%	0.10%	0.00%
DL2	0.00%	14.08%	72.41%	11.28%	2.23%	0.00%
DL3	0.00%	6.82%	41.61%	44.23%	7.34%	0.00%
DL4	0.00%	2.36%	29.25%	47.64%	20.75%	0.00%
DL5	-nan%	-nan%	-nan%	-nan%	-nan%	-nan%


Tabela Comparativa das Profundidades - Valores Absolutos (FRAME 74)
	AV1
HEVC	DL0	DL1	DL2	DL3	DL4	DL5
DL1	0	24064	2608	208	0	0
DL2	0	4086	11946	528	80	0
DL3	0	1856	2160	1936	240	0
DL4	0	64	592	512	320	0
DL5	0	0	0	0	0	0
Tabela Comparativa das Profundidades - Porcentagens (FRAME 74)
	AV1
HEVC	DL0	DL1	DL2	DL3	DL4	DL5
DL1	0.00%	89.52%	9.70%	0.77%	0.00%	0.00%
DL2	0.00%	24.56%	71.79%	3.17%	0.48%	0.00%
DL3	0.00%	29.97%	34.88%	31.27%	3.88%	0.00%
DL4	0.00%	4.30%	39.78%	34.41%	21.51%	0.00%
DL5	-nan%	-nan%	-nan%	-nan%	-nan%	-nan%


Tabela Comparativa das Profundidades - Valores Absolutos (FRAME 75)
	AV1
HEVC	DL0	DL1	DL2	DL3	DL4	DL5
DL1	0	13824	1728	64	0	0
DL2	0	2560	15040	1884	164	0
DL3	0	1768	5636	5080	380	0
DL4	0	144	1172	1152	604	0
DL5	0	0	0	0	0	0
Tabela Comparativa das Profundidades - Porcentagens (FRAME 75)
	AV1
HEVC	DL0	DL1	DL2	DL3	DL4	DL5
DL1	0.00%	88.52%	11.07%	0.41%	0.00%	0.00%
DL2	0.00%	13.03%	76.55%	9.59%	0.83%	0.00%
DL3	0.00%	13.74%	43.81%	39.49%	2.95%	0.00%
DL4	0.00%	4.69%	38.15%	37.50%	19.66%	0.00%
DL5	-nan%	-nan%	-nan%	-nan%	-nan%	-nan%


Tabela Comparativa das Profundidades - Valores Absolutos (FRAME 76)
	AV1
HEVC	DL0	DL1	DL2	DL3	DL4	DL5
DL1	0	11776	1280	0	0	0
DL2	0	1216	21168	2144	112	0
DL3	0	320	6336	3488	464	0
DL4	0	64	800	1104	928	0
DL5	0	0	0	0	0	0
Tabela Comparativa das Profundidades - Porcentagens (FRAME 76)
	AV1
HEVC	DL0	DL1	DL2	DL3	DL4	DL5
