Tabela Comparativa das Profundidades - Valores Absolutos (FRAME  1)
	AV1
HEVC	DL0	DL1	DL2	DL3	DL4	DL5
DL1	0	2816	1216	320	0	0
DL2	0	1728	22848	4768	2976	0
DL3	0	528	6544	15232	7552	0
DL4	0	816	6512	12864	36160	0
DL5	0	0	0	0	0	0
Tabela Comparativa das Profundidades - Porcentagens (FRAME  1)
	AV1
HEVC	DL0	DL1	DL2	DL3	DL4	DL5
DL1	0.00%	64.71%	27.94%	7.35%	0.00%	0.00%
DL2	0.00%	5.35%	70.69%	14.75%	9.21%	0.00%
DL3	0.00%	1.77%	21.92%	51.02%	25.29%	0.00%
DL4	0.00%	1.45%	11.56%	22.83%	64.17%	0.00%
DL5	-nan%	-nan%	-nan%	-nan%	-nan%	-nan%


Tabela Comparativa das Profundidades - Valores Absolutos (FRAME  2)
	AV1
HEVC	DL0	DL1	DL2	DL3	DL4	DL5
DL1	768	1792	256	224	32	0
DL2	280	2380	22892	5212	1172	0
DL3	492	2098	10030	20128	6884	0
DL4	1016	3070	7538	21194	15422	0
DL5	0	0	0	0	0	0
Tabela Comparativa das Profundidades - Porcentagens (FRAME  2)
	AV1
HEVC	DL0	DL1	DL2	DL3	DL4	DL5
DL1	25.00%	58.33%	8.33%	7.29%	1.04%	0.00%
DL2	0.88%	7.45%	71.68%	16.32%	3.67%	0.00%
DL3	1.24%	5.29%	25.31%	50.79%	17.37%	0.00%
DL4	2.11%	6.36%	15.63%	43.93%	31.97%	0.00%
DL5	-nan%	-nan%	-nan%	-nan%	-nan%	-nan%


Tabela Comparativa das Profundidades - Valores Absolutos (FRAME  3)
	AV1
HEVC	DL0	DL1	DL2	DL3	DL4	DL5
DL1	0	18176	0	0	0	0
DL2	0	5056	11794	5126	488	0
DL3	0	1328	9990	27714	6344	0
DL4	0	464	5624	19768	11008	0
DL5	0	0	0	0	0	0
Tabela Comparativa das Profundidades - Porcentagens (FRAME  3)
	AV1
HEVC	DL0	DL1	DL2	DL3	DL4	DL5
DL1	0.00%	100.00%	0.00%	0.00%	0.00%	0.00%
DL2	0.00%	22.51%	52.50%	22.82%	2.17%	0.00%
DL3	0.00%	2.93%	22.02%	61.08%	13.98%	0.00%
DL4	0.00%	1.26%	15.26%	53.62%	29.86%	0.00%
DL5	-nan%	-nan%	-nan%	-nan%	-nan%	-nan%


Tabela Comparativa das Profundidades - Valores Absolutos (FRAME  4)
	AV1
HEVC	DL0	DL1	DL2	DL3	DL4	DL5
DL1	0	20416	948	124	16	0
DL2	0	5876	16108	6420	780	0
DL3	0	1008	10596	24568	5668	0
DL4	0	624	5868	13522	10338	0
DL5	0	0	0	0	0	0
Tabela Comparativa das Profundidades - Porcentagens (FRAME  4)
	AV1
HEVC	DL0	DL1	DL2	DL3	DL4	DL5
DL1	0.00%	94.94%	4.41%	0.58%	0.07%	0.00%
DL2	0.00%	20.13%	55.19%	22.00%	2.67%	0.00%
DL3	0.00%	2.41%	25.33%	58.72%	13.55%	0.00%
DL4	0.00%	2.06%	19.33%	44.55%	34.06%	0.00%
DL5	-nan%	-nan%	-nan%	-nan%	-nan%	-nan%


Tabela Comparativa das Profundidades - Valores Absolutos (FRAME  5)
	AV1
HEVC	DL0	DL1	DL2	DL3	DL4	DL5
DL1	0	25920	2016	448	32	0
DL2	0	4952	25214	6178	712	0
DL3	0	1690	11724	22042	3184	0
DL4	0	820	3954	9234	4760	0
DL5	0	0	0	0	0	0
Tabela Comparativa das Profundidades - Porcentagens (FRAME  5)
	AV1
HEVC	DL0	DL1	DL2	DL3	DL4	DL5
DL1	0.00%	91.22%	7.09%	1.58%	0.11%	0.00%
DL2	0.00%	13.36%	68.04%	16.67%	1.92%	0.00%
DL3	0.00%	4.37%	30.34%	57.04%	8.24%	0.00%
DL4	0.00%	4.37%	21.07%	49.20%	25.36%	0.00%
DL5	-nan%	-nan%	-nan%	-nan%	-nan%	-nan%


Tabela Comparativa das Profundidades - Valores Absolutos (FRAME  6)
	AV1
HEVC	DL0	DL1	DL2	DL3	DL4	DL5
DL1	0	40624	3340	804	32	0
DL2	0	5192	23398	7098	536	0
DL3	0	1496	8890	15886	2320	0
DL4	0	528	3190	6250	3296	0
DL5	0	0	0	0	0	0
Tabela Comparativa das Profundidades - Porcentagens (FRAME  6)
	AV1
HEVC	DL0	DL1	DL2	DL3	DL4	DL5
DL1	0.00%	90.68%	7.46%	1.79%	0.07%	0.00%
DL2	0.00%	14.33%	64.59%	19.59%	1.48%	0.00%
DL3	0.00%	5.23%	31.09%	55.56%	8.11%	0.00%
DL4	0.00%	3.98%	24.05%	47.12%	24.85%	0.00%
DL5	-nan%	-nan%	-nan%	-nan%	-nan%	-nan%


Tabela Comparativa das Profundidades - Valores Absolutos (FRAME  7)
	AV1
HEVC	DL0	DL1	DL2	DL3	DL4	DL5
DL1	0	42264	4500	812	40	0
DL2	0	5974	28950	6168	764	0
DL3	0	2252	9808	11724	1240	0
DL4	0	1230	3110	2836	1208	0
DL5	0	0	0	0	0	0
Tabela Comparativa das Profundidades - Porcentagens (FRAME  7)
	AV1
HEVC	DL0	DL1	DL2	DL3	DL4	DL5
DL1	0.00%	88.76%	9.45%	1.71%	0.08%	0.00%
DL2	0.00%	14.27%	69.17%	14.74%	1.83%	0.00%
DL3	0.00%	9.00%	39.19%	46.85%	4.96%	0.00%
DL4	0.00%	14.67%	37.09%	33.83%	14.41%	0.00%
DL5	-nan%	-nan%	-nan%	-nan%	-nan%	-nan%


Tabela Comparativa das Profundidades - Valores Absolutos (FRAME  8)
	AV1
HEVC	DL0	DL1	DL2	DL3	DL4	DL5
DL1	0	29880	3828	1016	92	0
DL2	0	7062	35006	7428	488	0
DL3	0	3168	10908	13568	1460	0
DL4	0	984	3070	3678	1244	0
DL5	0	0	0	0	0	0
Tabela Comparativa das Profundidades - Porcentagens (FRAME  8)
	AV1
HEVC	DL0	DL1	DL2	DL3	DL4	DL5
DL1	0.00%	85.82%	10.99%	2.92%	0.26%	0.00%
DL2	0.00%	14.13%	70.03%	14.86%	0.98%	0.00%
DL3	0.00%	10.89%	37.48%	46.62%	5.02%	0.00%
DL4	0.00%	10.96%	34.20%	40.98%	13.86%	0.00%
DL5	-nan%	-nan%	-nan%	-nan%	-nan%	-nan%


Tabela Comparativa das Profundidades - Valores Absolutos (FRAME  9)
	AV1
HEVC	DL0	DL1	DL2	DL3	DL4	DL5
DL1	0	16002	3266	92	96	0
DL2	0	5214	29842	8676	812	0
DL3	0	2156	11554	25866	2920	0
DL4	0	942	3392	8050	4000	0
DL5	0	0	0	0	0	0
Tabela Comparativa das Profundidades - Porcentagens (FRAME  9)
	AV1
HEVC	DL0	DL1	DL2	DL3	DL4	DL5
DL1	0.00%	82.25%	16.79%	0.47%	0.49%	0.00%
DL2	0.00%	11.71%	66.99%	19.48%	1.82%	0.00%
DL3	0.00%	5.07%	27.19%	60.87%	6.87%	0.00%
DL4	0.00%	5.75%	20.70%	49.13%	24.41%	0.00%
DL5	-nan%	-nan%	-nan%	-nan%	-nan%	-nan%


Tabela Comparativa das Profundidades - Valores Absolutos (FRAME 10)
	AV1
HEVC	DL0	DL1	DL2	DL3	DL4	DL5
DL1	0	42752	5824	1024	64	0
DL2	0	4032	33792	7424	768	0
DL3	0	1184	7200	12464	1008	0
DL4	0	160	1248	2736	1200	0
DL5	0	0	0	0	0	0
Tabela Comparativa das Profundidades - Porcentagens (FRAME 10)
	AV1
HEVC	DL0	DL1	DL2	DL3	DL4	DL5
DL1	0.00%	86.08%	11.73%	2.06%	0.13%	0.00%
DL2	0.00%	8.76%	73.44%	16.13%	1.67%	0.00%
DL3	0.00%	5.42%	32.94%	57.03%	4.61%	0.00%
DL4	0.00%	2.99%	23.35%	51.20%	22.46%	0.00%
DL5	-nan%	-nan%	-nan%	-nan%	-nan%	-nan%


Tabela Comparativa das Profundidades - Valores Absolutos (FRAME 11)
	AV1
HEVC	DL0	DL1	DL2	DL3	DL4	DL5
DL1	0	50032	4844	1060	128	0
DL2	0	6398	23186	7732	572	0
DL3	0	2762	6670	11420	876	0
DL4	0	1008	2400	2844	948	0
DL5	0	0	0	0	0	0
Tabela Comparativa das Profundidades - Porcentagens (FRAME 11)
	AV1
HEVC	DL0	DL1	DL2	DL3	DL4	DL5
DL1	0.00%	89.24%	8.64%	1.89%	0.23%	0.00%
DL2	0.00%	16.89%	61.20%	20.41%	1.51%	0.00%
DL3	0.00%	12.71%	30.70%	52.56%	4.03%	0.00%
DL4	0.00%	14.00%	33.33%	39.50%	13.17%	0.00%
DL5	-nan%	-nan%	-nan%	-nan%	-nan%	-nan%


Tabela Comparativa das Profundidades - Valores Absolutos (FRAME 12)
	AV1
HEVC	DL0	DL1	DL2	DL3	DL4	DL5
DL1	0	27208	1560	144	16	0
DL2	0	6172	23552	5484	696	0
DL3	0	1900	9620	23412	3548	0
DL4	0	1142	4434	8868	5124	0
DL5	0	0	0	0	0	0
Tabela Comparativa das Profundidades - Porcentagens (FRAME 12)
	AV1
HEVC	DL0	DL1	DL2	DL3	DL4	DL5
DL1	0.00%	94.05%	5.39%	0.50%	0.06%	0.00%
DL2	0.00%	17.19%	65.60%	15.27%	1.94%	0.00%
DL3	0.00%	4.94%	25.00%	60.84%	9.22%	0.00%
DL4	0.00%	5.84%	22.66%	45.32%	26.19%	0.00%
DL5	-nan%	-nan%	-nan%	-nan%	-nan%	-nan%


Tabela Comparativa das Profundidades - Valores Absolutos (FRAME 13)
	AV1
HEVC	DL0	DL1	DL2	DL3	DL4	DL5
DL1	448	28160	2656	716	20	0
DL2	800	2528	23516	7360	676	0
DL3	896	1152	10524	22088	3212	0
DL4	624	528	4288	8452	4236	0
DL5	0	0	0	0	0	0
Tabela Comparativa das Profundidades - Porcentagens (FRAME 13)
	AV1
HEVC	DL0	DL1	DL2	DL3	DL4	DL5
DL1	1.40%	88.00%	8.30%	2.24%	0.06%	0.00%
DL2	2.29%	7.25%	67.42%	21.10%	1.94%	0.00%
DL3	2.37%	3.04%	27.79%	58.32%	8.48%	0.00%
DL4	3.44%	2.91%	23.65%	46.62%	23.37%	0.00%
DL5	-nan%	-nan%	-nan%	-nan%	-nan%	-nan%


Tabela Comparativa das Profundidades - Valores Absolutos (FRAME 14)
	AV1
HEVC	DL0	DL1	DL2	DL3	DL4	DL5
DL1	0	37606	4920	1686	76	0
DL2	0	5340	28256	6768	788	0
DL3	0	2768	8842	13510	1952	0
DL4	0	1048	3136	4132	2052	0
DL5	0	0	0	0	0	0
Tabela Comparativa das Profundidades - Porcentagens (FRAME 14)
	AV1
HEVC	DL0	DL1	DL2	DL3	DL4	DL5
DL1	0.00%	84.91%	11.11%	3.81%	0.17%	0.00%
DL2	0.00%	12.98%	68.66%	16.45%	1.91%	0.00%
DL3	0.00%	10.22%	32.66%	49.90%	7.21%	0.00%
DL4	0.00%	10.11%	30.25%	39.85%	19.79%	0.00%
DL5	-nan%	-nan%	-nan%	-nan%	-nan%	-nan%


Tabela Comparativa das Profundidades - Valores Absolutos (FRAME 15)
	AV1
HEVC	DL0	DL1	DL2	DL3	DL4	DL5
DL1	256	45442	4882	1100	32	0
DL2	448	7936	26002	6386	572	0
DL3	176	2260	7366	11186	1028	0
DL4	144	840	2628	3284	912	0
DL5	0	0	0	0	0	0
Tabela Comparativa das Profundidades - Porcentagens (FRAME 15)
	AV1
HEVC	DL0	DL1	DL2	DL3	DL4	DL5
DL1	0.50%	87.88%	9.44%	2.13%	0.06%	0.00%
DL2	1.08%	19.20%	62.89%	15.45%	1.38%	0.00%
DL3	0.80%	10.27%	33.46%	50.81%	4.67%	0.00%
DL4	1.84%	10.76%	33.66%	42.06%	11.68%	0.00%
DL5	-nan%	-nan%	-nan%	-nan%	-nan%	-nan%


Tabela Comparativa das Profundidades - Valores Absolutos (FRAME 16)
	AV1
HEVC	DL0	DL1	DL2	DL3	DL4	DL5
DL1	256	39716	4884	368	88	0
DL2	448	7608	29736	6912	416	0
DL3	160	2728	9212	11158	998	0
DL4	160	1072	3052	2752	1156	0
DL5	0	0	0	0	0	0
Tabela Comparativa das Profundidades - Porcentagens (FRAME 16)
	AV1
HEVC	DL0	DL1	DL2	DL3	DL4	DL5
DL1	0.56%	87.65%	10.78%	0.81%	0.19%	0.00%
DL2	0.99%	16.86%	65.90%	15.32%	0.92%	0.00%
DL3	0.66%	11.25%	37.98%	46.00%	4.11%	0.00%
DL4	1.95%	13.09%	37.26%	33.59%	14.11%	0.00%
DL5	-nan%	-nan%	-nan%	-nan%	-nan%	-nan%


Tabela Comparativa das Profundidades - Valores Absolutos (FRAME 17)
	AV1
HEVC	DL0	DL1	DL2	DL3	DL4	DL5
DL1	0	22710	2770	1088	56	0
DL2	0	3524	27452	7724	596	0
DL3	0	2268	10868	23856	2720	0
DL4	0	932	4768	7540	4008	0
DL5	0	0	0	0	0	0
Tabela Comparativa das Profundidades - Porcentagens (FRAME 17)
	AV1
HEVC	DL0	DL1	DL2	DL3	DL4	DL5
DL1	0.00%	85.30%	10.40%	4.09%	0.21%	0.00%
DL2	0.00%	8.97%	69.86%	19.66%	1.52%	0.00%
DL3	0.00%	5.71%	27.37%	60.07%	6.85%	0.00%
DL4	0.00%	5.40%	27.64%	43.72%	23.24%	0.00%
DL5	-nan%	-nan%	-nan%	-nan%	-nan%	-nan%


Tabela Comparativa das Profundidades - Valores Absolutos (FRAME 18)
	AV1
HEVC	DL0	DL1	DL2	DL3	DL4	DL5
DL1	1520	31356	5080	928	28	0
DL2	1352	8168	33652	7468	688	0
DL3	876	1908	9624	10344	992	0
DL4	404	640	3692	3052	1108	0
DL5	0	0	0	0	0	0
Tabela Comparativa das Profundidades - Porcentagens (FRAME 18)
	AV1
HEVC	DL0	DL1	DL2	DL3	DL4	DL5
DL1	3.91%	80.58%	13.06%	2.38%	0.07%	0.00%
DL2	2.63%	15.91%	65.56%	14.55%	1.34%	0.00%
DL3	3.69%	8.04%	40.53%	43.56%	4.18%	0.00%
DL4	4.54%	7.19%	41.50%	34.31%	12.46%	0.00%
DL5	-nan%	-nan%	-nan%	-nan%	-nan%	-nan%


Tabela Comparativa das Profundidades - Valores Absolutos (FRAME 19)
	AV1
HEVC	DL0	DL1	DL2	DL3	DL4	DL5
DL1	0	48128	6656	1536	0	0
DL2	0	5696	29312	6336	320	0
DL3	0	2224	7680	9904	560	0
DL4	0	272	1344	2032	880	0
DL5	0	0	0	0	0	0
Tabela Comparativa das Profundidades - Porcentagens (FRAME 19)
	AV1
HEVC	DL0	DL1	DL2	DL3	DL4	DL5
DL1	0.00%	85.45%	11.82%	2.73%	0.00%	0.00%
DL2	0.00%	13.67%	70.35%	15.21%	0.77%	0.00%
DL3	0.00%	10.92%	37.71%	48.63%	2.75%	0.00%
DL4	0.00%	6.01%	29.68%	44.88%	19.43%	0.00%
DL5	-nan%	-nan%	-nan%	-nan%	-nan%	-nan%


Tabela Comparativa das Profundidades - Valores Absolutos (FRAME 20)
	AV1
HEVC	DL0	DL1	DL2	DL3	DL4	DL5
DL1	1000	2992	1920	640	360	0
DL2	1384	3118	23456	4494	2044	0
DL3	670	1856	11230	10460	5208	0
DL4	312	1856	13430	18098	18352	0
DL5	0	0	0	0	0	0
Tabela Comparativa das Profundidades - Porcentagens (FRAME 20)
	AV1
HEVC	DL0	DL1	DL2	DL3	DL4	DL5
DL1	14.47%	43.29%	27.78%	9.26%	5.21%	0.00%
DL2	4.01%	9.04%	68.00%	13.03%	5.93%	0.00%
DL3	2.28%	6.31%	38.17%	35.55%	17.70%	0.00%
DL4	0.60%	3.57%	25.80%	34.77%	35.26%	0.00%
DL5	-nan%	-nan%	-nan%	-nan%	-nan%	-nan%


Tabela Comparativa das Profundidades - Valores Absolutos (FRAME 21)
	AV1
HEVC	DL0	DL1	DL2	DL3	DL4	DL5
DL1	0	11008	2048	256	0	0
DL2	0	5632	16564	3952	988	0
DL3	0	880	10604	23684	6208	0
DL4	0	144	8304	21844	10764	0
DL5	0	0	0	0	0	0
Tabela Comparativa das Profundidades - Porcentagens (FRAME 21)
	AV1
HEVC	DL0	DL1	DL2	DL3	DL4	DL5
DL1	0.00%	82.69%	15.38%	1.92%	0.00%	0.00%
DL2	0.00%	20.75%	61.04%	14.56%	3.64%	0.00%
DL3	0.00%	2.13%	25.63%	57.24%	15.00%	0.00%
DL4	0.00%	0.35%	20.23%	53.21%	26.22%	0.00%
DL5	-nan%	-nan%	-nan%	-nan%	-nan%	-nan%


Tabela Comparativa das Profundidades - Valores Absolutos (FRAME 22)
	AV1
HEVC	DL0	DL1	DL2	DL3	DL4	DL5
DL1	0	17376	3152	464	0	0
DL2	0	6142	20066	5708	596	0
DL3	0	1902	10054	27180	4048	0
DL4	0	544	4628	14256	6764	0
DL5	0	0	0	0	0	0
Tabela Comparativa das Profundidades - Porcentagens (FRAME 22)
	AV1
HEVC	DL0	DL1	DL2	DL3	DL4	DL5
DL1	0.00%	82.77%	15.02%	2.21%	0.00%	0.00%
DL2	0.00%	18.89%	61.72%	17.56%	1.83%	0.00%
DL3	0.00%	4.40%	23.28%	62.94%	9.37%	0.00%
DL4	0.00%	2.08%	17.67%	54.43%	25.82%	0.00%
DL5	-nan%	-nan%	-nan%	-nan%	-nan%	-nan%


Tabela Comparativa das Profundidades - Valores Absolutos (FRAME 23)
	AV1
HEVC	DL0	DL1	DL2	DL3	DL4	DL5
DL1	528	21488	2752	304	16	0
DL2	656	7732	26180	6072	256	0
DL3	728	2752	12408	22664	2152	0
DL4	296	1288	4076	7340	3192	0
DL5	0	0	0	0	0	0
Tabela Comparativa das Profundidades - Porcentagens (FRAME 23)
	AV1
HEVC	DL0	DL1	DL2	DL3	DL4	DL5
DL1	2.10%	85.65%	10.97%	1.21%	0.06%	0.00%
DL2	1.60%	18.91%	64.02%	14.85%	0.63%	0.00%
DL3	1.79%	6.76%	30.48%	55.68%	5.29%	0.00%
DL4	1.83%	7.95%	25.17%	45.33%	19.71%	0.00%
DL5	-nan%	-nan%	-nan%	-nan%	-nan%	-nan%


Tabela Comparativa das Profundidades - Valores Absolutos (FRAME 24)
	AV1
HEVC	DL0	DL1	DL2	DL3	DL4	DL5
DL1	1568	37672	1904	728	112	0
DL2	1998	4842	24932	6780	488	0
DL3	1158	1416	9578	16072	1792	0
DL4	560	672	3586	4462	2560	0
DL5	0	0	0	0	0	0
Tabela Comparativa das Profundidades - Porcentagens (FRAME 24)
	AV1
HEVC	DL0	DL1	DL2	DL3	DL4	DL5
DL1	3.73%	89.73%	4.54%	1.73%	0.27%	0.00%
DL2	5.12%	12.40%	63.86%	17.37%	1.25%	0.00%
DL3	3.86%	4.72%	31.91%	53.54%	5.97%	0.00%
DL4	4.73%	5.68%	30.29%	37.69%	21.62%	0.00%
DL5	-nan%	-nan%	-nan%	-nan%	-nan%	-nan%


Tabela Comparativa das Profundidades - Valores Absolutos (FRAME 25)
	AV1
HEVC	DL0	DL1	DL2	DL3	DL4	DL5
DL1	484	43188	3800	1296	128	0
DL2	984	6892	25718	6366	296	0
DL3	696	2608	9564	11584	956	0
DL4	280	834	3174	3012	1020	0
DL5	0	0	0	0	0	0
Tabela Comparativa das Profundidades - Porcentagens (FRAME 25)
	AV1
HEVC	DL0	DL1	DL2	DL3	DL4	DL5
DL1	0.99%	88.33%	7.77%	2.65%	0.26%	0.00%
DL2	2.44%	17.12%	63.89%	15.81%	0.74%	0.00%
DL3	2.74%	10.26%	37.64%	45.59%	3.76%	0.00%
DL4	3.37%	10.02%	38.15%	36.20%	12.26%	0.00%
DL5	-nan%	-nan%	-nan%	-nan%	-nan%	-nan%


Tabela Comparativa das Profundidades - Valores Absolutos (FRAME 26)
	AV1
HEVC	DL0	DL1	DL2	DL3	DL4	DL5
DL1	1884	30680	2816	1820	176	0
DL2	1508	6030	29908	8114	392	0
DL3	1212	1972	9470	16046	1348	0
DL4	564	916	2840	3864	1320	0
DL5	0	0	0	0	0	0
Tabela Comparativa das Profundidades - Porcentagens (FRAME 26)
	AV1
HEVC	DL0	DL1	DL2	DL3	DL4	DL5
DL1	5.04%	82.08%	7.53%	4.87%	0.47%	0.00%
DL2	3.28%	13.12%	65.09%	17.66%	0.85%	0.00%
DL3	4.03%	6.56%	31.52%	53.40%	4.49%	0.00%
DL4	5.93%	9.64%	29.88%	40.66%	13.89%	0.00%
DL5	-nan%	-nan%	-nan%	-nan%	-nan%	-nan%


Tabela Comparativa das Profundidades - Valores Absolutos (FRAME 27)
	AV1
HEVC	DL0	DL1	DL2	DL3	DL4	DL5
DL1	0	22828	2840	1548	176	0
DL2	0	4928	25696	7280	688	0
DL3	0	3066	10546	23128	2764	0
DL4	0	1408	3940	7812	4232	0
DL5	0	0	0	0	0	0
Tabela Comparativa das Profundidades - Porcentagens (FRAME 27)
	AV1
HEVC	DL0	DL1	DL2	DL3	DL4	DL5
DL1	0.00%	83.34%	10.37%	5.65%	0.64%	0.00%
DL2	0.00%	12.77%	66.58%	18.86%	1.78%	0.00%
DL3	0.00%	7.76%	26.70%	58.55%	7.00%	0.00%
DL4	0.00%	8.10%	22.65%	44.92%	24.33%	0.00%
DL5	-nan%	-nan%	-nan%	-nan%	-nan%	-nan%


Tabela Comparativa das Profundidades - Valores Absolutos (FRAME 28)
	AV1
HEVC	DL0	DL1	DL2	DL3	DL4	DL5
DL1	0	44800	5504	832	64	0
DL2	0	4992	30848	6544	368	0
DL3	0	2016	8288	11904	752	0
DL4	0	160	1888	2688	1232	0
DL5	0	0	0	0	0	0
Tabela Comparativa das Profundidades - Porcentagens (FRAME 28)
	AV1
HEVC	DL0	DL1	DL2	DL3	DL4	DL5
DL1	0.00%	87.50%	10.75%	1.62%	0.12%	0.00%
DL2	0.00%	11.68%	72.16%	15.31%	0.86%	0.00%
DL3	0.00%	8.78%	36.10%	51.85%	3.28%	0.00%
DL4	0.00%	2.68%	31.64%	45.04%	20.64%	0.00%
DL5	-nan%	-nan%	-nan%	-nan%	-nan%	-nan%


Tabela Comparativa das Profundidades - Valores Absolutos (FRAME 29)
	AV1
HEVC	DL0	DL1	DL2	DL3	DL4	DL5
DL1	1395	45456	5205	1176	16	0
DL2	979	4860	27729	6328	488	0
DL3	600	2230	8464	9494	796	0
DL4	347	888	2769	2536	1124	0
DL5	0	0	0	0	0	0
Tabela Comparativa das Profundidades - Porcentagens (FRAME 29)
	AV1
HEVC	DL0	DL1	DL2	DL3	DL4	DL5
DL1	2.62%	85.37%	9.78%	2.21%	0.03%	0.00%
DL2	2.42%	12.03%	68.66%	15.67%	1.21%	0.00%
DL3	2.78%	10.33%	39.21%	43.99%	3.69%	0.00%
DL4	4.53%	11.59%	36.13%	33.09%	14.67%	0.00%
DL5	-nan%	-nan%	-nan%	-nan%	-nan%	-nan%


Tabela Comparativa das Profundidades - Valores Absolutos (FRAME 30)
	AV1
HEVC	DL0	DL1	DL2	DL3	DL4	DL5
DL1	1968	31472	864	0	0	0
DL2	898	3968	16698	5844	304	0
DL3	1030	2554	8672	22660	3884	0
DL4	672	1320	3724	9816	6532	0
DL5	0	0	0	0	0	0
Tabela Comparativa das Profundidades - Porcentagens (FRAME 30)
	AV1
HEVC	DL0	DL1	DL2	DL3	DL4	DL5
DL1	5.74%	91.74%	2.52%	0.00%	0.00%	0.00%
DL2	3.24%	14.32%	60.26%	21.09%	1.10%	0.00%
DL3	2.65%	6.58%	22.35%	58.40%	10.01%	0.00%
DL4	3.05%	5.98%	16.88%	44.49%	29.60%	0.00%
DL5	-nan%	-nan%	-nan%	-nan%	-nan%	-nan%


Tabela Comparativa das Profundidades - Valores Absolutos (FRAME 31)
	AV1
HEVC	DL0	DL1	DL2	DL3	DL4	DL5
DL1	0	30372	1718	630	48	0
DL2	0	6783	19367	6066	488	0
DL3	0	2984	10420	21948	3176	0
DL4	0	1580	3940	9044	4316	0
DL5	0	0	0	0	0	0
Tabela Comparativa das Profundidades - Porcentagens (FRAME 31)
	AV1
HEVC	DL0	DL1	DL2	DL3	DL4	DL5
DL1	0.00%	92.69%	5.24%	1.92%	0.15%	0.00%
DL2	0.00%	20.74%	59.22%	18.55%	1.49%	0.00%
DL3	0.00%	7.75%	27.05%	56.97%	8.24%	0.00%
DL4	0.00%	8.37%	20.87%	47.90%	22.86%	0.00%
DL5	-nan%	-nan%	-nan%	-nan%	-nan%	-nan%


Tabela Comparativa das Profundidades - Valores Absolutos (FRAME 32)
	AV1
HEVC	DL0	DL1	DL2	DL3	DL4	DL5
DL1	0	40584	3540	1180	8	0
DL2	0	6582	25986	6372	484	0
DL3	0	3044	8540	13784	1832	0
DL4	0	1240	3172	4572	1960	0
DL5	0	0	0	0	0	0
Tabela Comparativa das Profundidades - Porcentagens (FRAME 32)
	AV1
HEVC	DL0	DL1	DL2	DL3	DL4	DL5
DL1	0.00%	89.57%	7.81%	2.60%	0.02%	0.00%
DL2	0.00%	16.70%	65.91%	16.16%	1.23%	0.00%
DL3	0.00%	11.19%	31.40%	50.68%	6.74%	0.00%
DL4	0.00%	11.33%	28.98%	41.78%	17.91%	0.00%
DL5	-nan%	-nan%	-nan%	-nan%	-nan%	-nan%


Tabela Comparativa das Profundidades - Valores Absolutos (FRAME 33)
	AV1
HEVC	DL0	DL1	DL2	DL3	DL4	DL5
DL1	848	46958	3674	744	0	0
DL2	848	5296	25072	5740	164	0
DL3	428	2840	8236	12472	792	0
DL4	252	1034	2696	3862	924	0
DL5	0	0	0	0	0	0
Tabela Comparativa das Profundidades - Porcentagens (FRAME 33)
	AV1
HEVC	DL0	DL1	DL2	DL3	DL4	DL5
DL1	1.62%	89.92%	7.04%	1.42%	0.00%	0.00%
DL2	2.28%	14.27%	67.54%	15.46%	0.44%	0.00%
DL3	1.73%	11.47%	33.25%	50.36%	3.20%	0.00%
DL4	2.87%	11.79%	30.75%	44.05%	10.54%	0.00%
DL5	-nan%	-nan%	-nan%	-nan%	-nan%	-nan%


Tabela Comparativa das Profundidades - Valores Absolutos (FRAME 34)
	AV1
HEVC	DL0	DL1	DL2	DL3	DL4	DL5
DL1	512	40124	4468	368	96	0
DL2	266	4800	30154	6572	448	0
DL3	138	2868	9582	12512	1140	0
DL4	128	1204	3008	3304	1188	0
DL5	0	0	0	0	0	0
Tabela Comparativa das Profundidades - Porcentagens (FRAME 34)
	AV1
HEVC	DL0	DL1	DL2	DL3	DL4	DL5
DL1	1.12%	88.05%	9.81%	0.81%	0.21%	0.00%
DL2	0.63%	11.36%	71.39%	15.56%	1.06%	0.00%
DL3	0.53%	10.93%	36.52%	47.68%	4.34%	0.00%
DL4	1.45%	13.63%	34.06%	37.41%	13.45%	0.00%
DL5	-nan%	-nan%	-nan%	-nan%	-nan%	-nan%


Tabela Comparativa das Profundidades - Valores Absolutos (FRAME 35)
	AV1
HEVC	DL0	DL1	DL2	DL3	DL4	DL5
DL1	708	25880	1844	1264	0	0
DL2	636	4142	25034	8156	304	0
DL3	344	1804	10460	23996	2660	0
DL4	216	822	3436	6814	4360	0
DL5	0	0	0	0	0	0
Tabela Comparativa das Profundidades - Porcentagens (FRAME 35)
	AV1
HEVC	DL0	DL1	DL2	DL3	DL4	DL5
DL1	2.38%	87.15%	6.21%	4.26%	0.00%	0.00%
DL2	1.66%	10.82%	65.41%	21.31%	0.79%	0.00%
DL3	0.88%	4.59%	26.64%	61.11%	6.77%	0.00%
DL4	1.38%	5.25%	21.96%	43.55%	27.86%	0.00%
DL5	-nan%	-nan%	-nan%	-nan%	-nan%	-nan%


Tabela Comparativa das Profundidades - Valores Absolutos (FRAME 36)
	AV1
HEVC	DL0	DL1	DL2	DL3	DL4	DL5
DL1	0	34730	3674	964	56	0
DL2	0	5930	32080	6442	732	0
DL3	0	2228	9860	14756	1332	0
DL4	0	1352	3116	3824	1804	0
DL5	0	0	0	0	0	0
Tabela Comparativa das Profundidades - Porcentagens (FRAME 36)
	AV1
HEVC	DL0	DL1	DL2	DL3	DL4	DL5
DL1	0.00%	88.09%	9.32%	2.45%	0.14%	0.00%
DL2	0.00%	13.12%	71.00%	14.26%	1.62%	0.00%
DL3	0.00%	7.91%	34.99%	52.37%	4.73%	0.00%
DL4	0.00%	13.39%	30.86%	37.88%	17.87%	0.00%
DL5	-nan%	-nan%	-nan%	-nan%	-nan%	-nan%


Tabela Comparativa das Profundidades - Valores Absolutos (FRAME 37)
	AV1
HEVC	DL0	DL1	DL2	DL3	DL4	DL5
DL1	0	51456	4416	912	48	0
DL2	0	5440	28416	4544	192	0
DL3	0	1472	7200	11600	1072	0
DL4	0	256	2080	2336	1440	0
DL5	0	0	0	0	0	0
Tabela Comparativa das Profundidades - Porcentagens (FRAME 37)
	AV1
HEVC	DL0	DL1	DL2	DL3	DL4	DL5
DL1	0.00%	90.54%	7.77%	1.60%	0.08%	0.00%
DL2	0.00%	14.10%	73.63%	11.77%	0.50%	0.00%
DL3	0.00%	6.90%	33.73%	54.35%	5.02%	0.00%
DL4	0.00%	4.19%	34.03%	38.22%	23.56%	0.00%
DL5	-nan%	-nan%	-nan%	-nan%	-nan%	-nan%


Tabela Comparativa das Profundidades - Valores Absolutos (FRAME 38)
	AV1
HEVC	DL0	DL1	DL2	DL3	DL4	DL5
DL1	0	7756	1352	72	36	0
DL2	0	7224	17892	3876	1024	0
DL3	0	2650	12316	20164	6038	0
DL4	0	984	8694	18530	14272	0
DL5	0	0	0	0	0	0
Tabela Comparativa das Profundidades - Porcentagens (FRAME 38)
	AV1
HEVC	DL0	DL1	DL2	DL3	DL4	DL5
DL1	0.00%	84.16%	14.67%	0.78%	0.39%	0.00%
DL2	0.00%	24.07%	59.61%	12.91%	3.41%	0.00%
DL3	0.00%	6.44%	29.92%	48.98%	14.67%	0.00%
DL4	0.00%	2.32%	20.47%	43.62%	33.60%	0.00%
DL5	-nan%	-nan%	-nan%	-nan%	-nan%	-nan%


Tabela Comparativa das Profundidades - Valores Absolutos (FRAME 39)
	AV1
HEVC	DL0	DL1	DL2	DL3	DL4	DL5
DL1	0	14592	3264	64	0	0
DL2	0	4992	14548	3736	788	0
DL3	0	2384	11692	24300	5912	0
DL4	0	560	6384	19090	10574	0
DL5	0	0	0	0	0	0
Tabela Comparativa das Profundidades - Porcentagens (FRAME 39)
	AV1
HEVC	DL0	DL1	DL2	DL3	DL4	DL5
DL1	0.00%	81.43%	18.21%	0.36%	0.00%	0.00%
DL2	0.00%	20.74%	60.46%	15.53%	3.27%	0.00%
DL3	0.00%	5.38%	26.40%	54.87%	13.35%	0.00%
DL4	0.00%	1.53%	17.44%	52.15%	28.88%	0.00%
DL5	-nan%	-nan%	-nan%	-nan%	-nan%	-nan%


Tabela Comparativa das Profundidades - Valores Absolutos (FRAME 40)
	AV1
HEVC	DL0	DL1	DL2	DL3	DL4	DL5
DL1	0	22872	2064	128	24	0
DL2	0	4964	17082	4902	700	0
DL3	0	2172	9814	25646	4240	0
DL4	0	1176	4196	14656	8244	0
DL5	0	0	0	0	0	0
Tabela Comparativa das Profundidades - Porcentagens (FRAME 40)
	AV1
HEVC	DL0	DL1	DL2	DL3	DL4	DL5
DL1	0.00%	91.17%	8.23%	0.51%	0.10%	0.00%
DL2	0.00%	17.95%	61.78%	17.73%	2.53%	0.00%
DL3	0.00%	5.19%	23.44%	61.25%	10.13%	0.00%
DL4	0.00%	4.16%	14.84%	51.84%	29.16%	0.00%
DL5	-nan%	-nan%	-nan%	-nan%	-nan%	-nan%


Tabela Comparativa das Profundidades - Valores Absolutos (FRAME 41)
	AV1
HEVC	DL0	DL1	DL2	DL3	DL4	DL5
DL1	512	28006	2856	1022	116	0
DL2	984	4320	22166	6938	472	0
DL3	1212	1254	9056	23978	2692	0
DL4	716	332	3340	9252	3656	0
DL5	0	0	0	0	0	0
Tabela Comparativa das Profundidades - Porcentagens (FRAME 41)
	AV1
HEVC	DL0	DL1	DL2	DL3	DL4	DL5
DL1	1.57%	86.14%	8.78%	3.14%	0.36%	0.00%
DL2	2.82%	12.39%	63.55%	19.89%	1.35%	0.00%
DL3	3.17%	3.28%	23.71%	62.78%	7.05%	0.00%
DL4	4.14%	1.92%	19.31%	53.49%	21.14%	0.00%
DL5	-nan%	-nan%	-nan%	-nan%	-nan%	-nan%


Tabela Comparativa das Profundidades - Valores Absolutos (FRAME 42)
	AV1
HEVC	DL0	DL1	DL2	DL3	DL4	DL5
DL1	0	37648	1996	532	16	0
DL2	0	7522	25482	6536	460	0
DL3	0	3096	8796	16020	2056	0
DL4	0	1290	3326	5580	2524	0
DL5	0	0	0	0	0	0
Tabela Comparativa das Profundidades - Porcentagens (FRAME 42)
	AV1
HEVC	DL0	DL1	DL2	DL3	DL4	DL5
DL1	0.00%	93.67%	4.97%	1.32%	0.04%	0.00%
DL2	0.00%	18.81%	63.70%	16.34%	1.15%	0.00%
DL3	0.00%	10.33%	29.35%	53.46%	6.86%	0.00%
DL4	0.00%	10.14%	26.15%	43.87%	19.84%	0.00%
DL5	-nan%	-nan%	-nan%	-nan%	-nan%	-nan%


Tabela Comparativa das Profundidades - Valores Absolutos (FRAME 43)
	AV1
HEVC	DL0	DL1	DL2	DL3	DL4	DL5
DL1	0	46184	4256	1016	0	0
DL2	0	6324	27256	6600	332	0
DL3	0	2552	8768	10576	760	0
DL4	0	1340	3108	3068	740	0
DL5	0	0	0	0	0	0
Tabela Comparativa das Profundidades - Porcentagens (FRAME 43)
	AV1
HEVC	DL0	DL1	DL2	DL3	DL4	DL5
DL1	0.00%	89.75%	8.27%	1.97%	0.00%	0.00%
DL2	0.00%	15.61%	67.28%	16.29%	0.82%	0.00%
DL3	0.00%	11.26%	38.70%	46.68%	3.35%	0.00%
DL4	0.00%	16.23%	37.65%	37.16%	8.96%	0.00%
DL5	-nan%	-nan%	-nan%	-nan%	-nan%	-nan%


Tabela Comparativa das Profundidades - Valores Absolutos (FRAME 44)
	AV1
HEVC	DL0	DL1	DL2	DL3	DL4	DL5
DL1	1152	38256	4304	1552	48	0
DL2	1056	5968	31152	6252	308	0
DL3	320	2008	9528	12340	892	0
DL4	288	696	3482	2674	604	0
DL5	0	0	0	0	0	0
Tabela Comparativa das Profundidades - Porcentagens (FRAME 44)
	AV1
HEVC	DL0	DL1	DL2	DL3	DL4	DL5
DL1	2.54%	84.43%	9.50%	3.43%	0.11%	0.00%
DL2	2.36%	13.34%	69.64%	13.98%	0.69%	0.00%
DL3	1.28%	8.00%	37.98%	49.19%	3.56%	0.00%
DL4	3.72%	8.99%	44.96%	34.53%	7.80%	0.00%
DL5	-nan%	-nan%	-nan%	-nan%	-nan%	-nan%


Tabela Comparativa das Profundidades - Valores Absolutos (FRAME 45)
	AV1
HEVC	DL0	DL1	DL2	DL3	DL4	DL5
DL1	0	19566	3708	918	128	0
DL2	0	5258	28526	7640	624	0
DL3	0	3378	10294	24680	2400	0
DL4	0	1596	3256	7828	3080	0
DL5	0	0	0	0	0	0
Tabela Comparativa das Profundidades - Porcentagens (FRAME 45)
	AV1
HEVC	DL0	DL1	DL2	DL3	DL4	DL5
DL1	0.00%	80.45%	15.25%	3.77%	0.53%	0.00%
DL2	0.00%	12.50%	67.84%	18.17%	1.48%	0.00%
DL3	0.00%	8.29%	25.26%	60.56%	5.89%	0.00%
DL4	0.00%	10.13%	20.66%	49.67%	19.54%	0.00%
DL5	-nan%	-nan%	-nan%	-nan%	-nan%	-nan%


Tabela Comparativa das Profundidades - Valores Absolutos (FRAME 46)
	AV1
HEVC	DL0	DL1	DL2	DL3	DL4	DL5
DL1	0	48640	5504	784	112	0
DL2	0	5888	29184	4624	496	0
DL3	0	1408	8432	10560	1136	0
DL4	0	384	2128	2272	1328	0
DL5	0	0	0	0	0	0
Tabela Comparativa das Profundidades - Porcentagens (FRAME 46)
	AV1
HEVC	DL0	DL1	DL2	DL3	DL4	DL5
DL1	0.00%	88.37%	10.00%	1.42%	0.20%	0.00%
DL2	0.00%	14.65%	72.61%	11.50%	1.23%	0.00%
DL3	0.00%	6.54%	39.15%	49.03%	5.27%	0.00%
DL4	0.00%	6.28%	34.82%	37.17%	21.73%	0.00%
DL5	-nan%	-nan%	-nan%	-nan%	-nan%	-nan%


Tabela Comparativa das Profundidades - Valores Absolutos (FRAME 47)
	AV1
HEVC	DL0	DL1	DL2	DL3	DL4	DL5
DL1	0	42328	3416	1056	48	0
DL2	0	6524	29916	5180	556	0
DL3	0	3200	9556	10948	1400	0
DL4	0	972	3480	2884	1416	0
DL5	0	0	0	0	0	0
Tabela Comparativa das Profundidades - Porcentagens (FRAME 47)
	AV1
HEVC	DL0	DL1	DL2	DL3	DL4	DL5
DL1	0.00%	90.35%	7.29%	2.25%	0.10%	0.00%
DL2	0.00%	15.47%	70.93%	12.28%	1.32%	0.00%
DL3	0.00%	12.75%	38.07%	43.61%	5.58%	0.00%
DL4	0.00%	11.11%	39.76%	32.95%	16.18%	0.00%
DL5	-nan%	-nan%	-nan%	-nan%	-nan%	-nan%


Tabela Comparativa das Profundidades - Valores Absolutos (FRAME 48)
	AV1
HEVC	DL0	DL1	DL2	DL3	DL4	DL5
DL1	0	32916	2416	716	48	0
DL2	0	5874	18882	3964	464	0
DL3	0	3428	8944	21188	3560	0
DL4	0	1316	3620	10100	5444	0
DL5	0	0	0	0	0	0
Tabela Comparativa das Profundidades - Porcentagens (FRAME 48)
	AV1
HEVC	DL0	DL1	DL2	DL3	DL4	DL5
DL1	0.00%	91.19%	6.69%	1.98%	0.13%	0.00%
DL2	0.00%	20.13%	64.70%	13.58%	1.59%	0.00%
DL3	0.00%	9.23%	24.09%	57.08%	9.59%	0.00%
DL4	0.00%	6.43%	17.68%	49.32%	26.58%	0.00%
DL5	-nan%	-nan%	-nan%	-nan%	-nan%	-nan%


Tabela Comparativa das Profundidades - Valores Absolutos (FRAME 49)
	AV1
HEVC	DL0	DL1	DL2	DL3	DL4	DL5
DL1	768	27872	2944	396	20	0
DL2	128	3976	26270	5292	366	0
DL3	128	2140	10820	24272	2160	0
DL4	0	588	3872	7652	3216	0
DL5	0	0	0	0	0	0
Tabela Comparativa das Profundidades - Porcentagens (FRAME 49)
	AV1
HEVC	DL0	DL1	DL2	DL3	DL4	DL5
DL1	2.40%	87.10%	9.20%	1.24%	0.06%	0.00%
DL2	0.36%	11.03%	72.91%	14.69%	1.02%	0.00%
DL3	0.32%	5.41%	27.38%	61.42%	5.47%	0.00%
DL4	0.00%	3.84%	25.26%	49.92%	20.98%	0.00%
DL5	-nan%	-nan%	-nan%	-nan%	-nan%	-nan%


Tabela Comparativa das Profundidades - Valores Absolutos (FRAME 50)
	AV1
HEVC	DL0	DL1	DL2	DL3	DL4	DL5
DL1	0	39509	4335	700	0	0
DL2	0	9049	26275	6060	472	0
DL3	0	3792	7900	14104	1292	0
DL4	0	1108	2700	3904	1680	0
DL5	0	0	0	0	0	0
Tabela Comparativa das Profundidades - Porcentagens (FRAME 50)
	AV1
HEVC	DL0	DL1	DL2	DL3	DL4	DL5
DL1	0.00%	88.70%	9.73%	1.57%	0.00%	0.00%
DL2	0.00%	21.62%	62.77%	14.48%	1.13%	0.00%
DL3	0.00%	14.00%	29.16%	52.07%	4.77%	0.00%
DL4	0.00%	11.80%	28.75%	41.57%	17.89%	0.00%
DL5	-nan%	-nan%	-nan%	-nan%	-nan%	-nan%


Tabela Comparativa das Profundidades - Valores Absolutos (FRAME 51)
	AV1
HEVC	DL0	DL1	DL2	DL3	DL4	DL5
DL1	0	52244	5476	392	0	0
DL2	0	6244	23424	4740	280	0
DL3	0	3212	6456	11588	776	0
DL4	0	1280	2664	3056	1048	0
DL5	0	0	0	0	0	0
Tabela Comparativa das Profundidades - Porcentagens (FRAME 51)
	AV1
HEVC	DL0	DL1	DL2	DL3	DL4	DL5
DL1	0.00%	89.90%	9.42%	0.67%	0.00%	0.00%
DL2	0.00%	18.00%	67.53%	13.66%	0.81%	0.00%
DL3	0.00%	14.58%	29.30%	52.60%	3.52%	0.00%
DL4	0.00%	15.90%	33.10%	37.97%	13.02%	0.00%
DL5	-nan%	-nan%	-nan%	-nan%	-nan%	-nan%


Tabela Comparativa das Profundidades - Valores Absolutos (FRAME 52)
	AV1
HEVC	DL0	DL1	DL2	DL3	DL4	DL5
DL1	0	44604	3864	172	0	0
DL2	0	9104	26320	6320	304	0
DL3	0	3044	7588	12728	848	0
DL4	0	1412	2352	3268	952	0
DL5	0	0	0	0	0	0
Tabela Comparativa das Profundidades - Porcentagens (FRAME 52)
	AV1
HEVC	DL0	DL1	DL2	DL3	DL4	DL5
DL1	0.00%	91.70%	7.94%	0.35%	0.00%	0.00%
DL2	0.00%	21.65%	62.60%	15.03%	0.72%	0.00%
DL3	0.00%	12.57%	31.35%	52.58%	3.50%	0.00%
DL4	0.00%	17.69%	29.46%	40.93%	11.92%	0.00%
DL5	-nan%	-nan%	-nan%	-nan%	-nan%	-nan%


Tabela Comparativa das Profundidades - Valores Absolutos (FRAME 53)
	AV1
HEVC	DL0	DL1	DL2	DL3	DL4	DL5
DL1	0	25424	2208	512	16	0
DL2	0	4596	25584	7848	436	0
DL3	0	2508	10842	24322	2696	0
DL4	0	980	4094	7282	3532	0
DL5	0	0	0	0	0	0
Tabela Comparativa das Profundidades - Porcentagens (FRAME 53)
	AV1
HEVC	DL0	DL1	DL2	DL3	DL4	DL5
DL1	0.00%	90.28%	7.84%	1.82%	0.06%	0.00%
DL2	0.00%	11.95%	66.51%	20.40%	1.13%	0.00%
DL3	0.00%	6.21%	26.86%	60.25%	6.68%	0.00%
DL4	0.00%	6.17%	25.77%	45.83%	22.23%	0.00%
DL5	-nan%	-nan%	-nan%	-nan%	-nan%	-nan%


Tabela Comparativa das Profundidades - Valores Absolutos (FRAME 54)
	AV1
HEVC	DL0	DL1	DL2	DL3	DL4	DL5
DL1	828	31768	5324	976	16	0
DL2	376	6128	33616	6912	392	0
DL3	476	3228	9000	13620	1148	0
DL4	304	1224	3206	2970	1368	0
DL5	0	0	0	0	0	0
Tabela Comparativa das Profundidades - Porcentagens (FRAME 54)
	AV1
HEVC	DL0	DL1	DL2	DL3	DL4	DL5
DL1	2.13%	81.64%	13.68%	2.51%	0.04%	0.00%
DL2	0.79%	12.92%	70.88%	14.57%	0.83%	0.00%
DL3	1.73%	11.75%	32.76%	49.58%	4.18%	0.00%
DL4	3.35%	13.49%	35.34%	32.74%	15.08%	0.00%
DL5	-nan%	-nan%	-nan%	-nan%	-nan%	-nan%


Tabela Comparativa das Profundidades - Valores Absolutos (FRAME 55)
	AV1
HEVC	DL0	DL1	DL2	DL3	DL4	DL5
DL1	0	49408	5440	960	0	0
DL2	0	8576	29184	5504	448	0
DL3	0	1584	7328	8384	944	0
DL4	0	336	1760	2016	1008	0
DL5	0	0	0	0	0	0
Tabela Comparativa das Profundidades - Porcentagens (FRAME 55)
	AV1
HEVC	DL0	DL1	DL2	DL3	DL4	DL5
DL1	0.00%	88.53%	9.75%	1.72%	0.00%	0.00%
DL2	0.00%	19.62%	66.76%	12.59%	1.02%	0.00%
DL3	0.00%	8.68%	40.18%	45.96%	5.18%	0.00%
DL4	0.00%	6.56%	34.38%	39.38%	19.69%	0.00%
DL5	-nan%	-nan%	-nan%	-nan%	-nan%	-nan%


Tabela Comparativa das Profundidades - Valores Absolutos (FRAME 56)
	AV1
HEVC	DL0	DL1	DL2	DL3	DL4	DL5
DL1	816	7608	1056	224	24	0
DL2	504	7248	20616	2880	624	0
DL3	224	2564	11412	20440	6224	0
DL4	192	912	7808	18016	13488	0
DL5	0	0	0	0	0	0
Tabela Comparativa das Profundidades - Porcentagens (FRAME 56)
	AV1
HEVC	DL0	DL1	DL2	DL3	DL4	DL5
DL1	8.39%	78.21%	10.86%	2.30%	0.25%	0.00%
DL2	1.58%	22.74%	64.68%	9.04%	1.96%	0.00%
DL3	0.55%	6.27%	27.93%	50.02%	15.23%	0.00%
DL4	0.48%	2.26%	19.32%	44.58%	33.37%	0.00%
DL5	-nan%	-nan%	-nan%	-nan%	-nan%	-nan%


Tabela Comparativa das Profundidades - Valores Absolutos (FRAME 57)
	AV1
HEVC	DL0	DL1	DL2	DL3	DL4	DL5
DL1	1024	20224	1388	140	8	0
DL2	0	3392	19260	6588	456	0
DL3	0	1152	10760	29120	3912	0
DL4	0	448	5368	13736	5904	0
DL5	0	0	0	0	0	0
Tabela Comparativa das Profundidades - Porcentagens (FRAME 57)
	AV1
HEVC	DL0	DL1	DL2	DL3	DL4	DL5
DL1	4.49%	88.76%	6.09%	0.61%	0.04%	0.00%
DL2	0.00%	11.42%	64.86%	22.18%	1.54%	0.00%
DL3	0.00%	2.56%	23.94%	64.79%	8.70%	0.00%
DL4	0.00%	1.76%	21.09%	53.96%	23.19%	0.00%
DL5	-nan%	-nan%	-nan%	-nan%	-nan%	-nan%


Tabela Comparativa das Profundidades - Valores Absolutos (FRAME 58)
	AV1
HEVC	DL0	DL1	DL2	DL3	DL4	DL5
DL1	688	31110	1802	424	24	0
DL2	1628	4848	25080	6280	500	0
DL3	688	2192	9532	19164	2728	0
DL4	528	896	4460	6700	3608	0
DL5	0	0	0	0	0	0
Tabela Comparativa das Profundidades - Porcentagens (FRAME 58)
	AV1
HEVC	DL0	DL1	DL2	DL3	DL4	DL5
DL1	2.02%	91.37%	5.29%	1.25%	0.07%	0.00%
DL2	4.25%	12.65%	65.42%	16.38%	1.30%	0.00%
DL3	2.01%	6.39%	27.79%	55.87%	7.95%	0.00%
DL4	3.26%	5.53%	27.54%	41.38%	22.28%	0.00%
DL5	-nan%	-nan%	-nan%	-nan%	-nan%	-nan%


Tabela Comparativa das Profundidades - Valores Absolutos (FRAME 59)
	AV1
HEVC	DL0	DL1	DL2	DL3	DL4	DL5
DL1	888	40630	3988	1046	40	0
DL2	1140	5684	25214	6546	456	0
DL3	660	2396	8980	13920	1260	0
DL4	400	1104	2610	3908	2010	0
DL5	0	0	0	0	0	0
Tabela Comparativa das Profundidades - Porcentagens (FRAME 59)
	AV1
HEVC	DL0	DL1	DL2	DL3	DL4	DL5
DL1	1.91%	87.20%	8.56%	2.25%	0.09%	0.00%
DL2	2.92%	14.56%	64.59%	16.77%	1.17%	0.00%
DL3	2.43%	8.80%	33.00%	51.15%	4.63%	0.00%
DL4	3.99%	11.00%	26.02%	38.96%	20.04%	0.00%
DL5	-nan%	-nan%	-nan%	-nan%	-nan%	-nan%


Tabela Comparativa das Profundidades - Valores Absolutos (FRAME 60)
	AV1
HEVC	DL0	DL1	DL2	DL3	DL4	DL5
DL1	668	44776	6604	1104	96	0
DL2	716	6724	29708	4644	128	0
DL3	324	2332	8330	8962	884	0
DL4	196	892	2528	2356	908	0
DL5	0	0	0	0	0	0
Tabela Comparativa das Profundidades - Porcentagens (FRAME 60)
	AV1
HEVC	DL0	DL1	DL2	DL3	DL4	DL5
DL1	1.25%	84.09%	12.40%	2.07%	0.18%	0.00%
DL2	1.71%	16.04%	70.87%	11.08%	0.31%	0.00%
DL3	1.56%	11.19%	39.99%	43.02%	4.24%	0.00%
DL4	2.85%	12.97%	36.74%	34.24%	13.20%	0.00%
DL5	-nan%	-nan%	-nan%	-nan%	-nan%	-nan%


