Tabela Comparativa das Profundidades - Valores Absolutos (FRAME  1)
	AV1
HEVC	DL0	DL1	DL2	DL3	DL4	DL5
DL1	0	2816	1216	320	0	0
DL2	0	1728	21568	5584	3440	0
DL3	0	704	7664	14336	7152	0
DL4	0	896	8080	16880	30496	0
DL5	0	0	0	0	0	0
Tabela Comparativa das Profundidades - Porcentagens (FRAME  1)
	AV1
HEVC	DL0	DL1	DL2	DL3	DL4	DL5
DL1	0.00%	64.71%	27.94%	7.35%	0.00%	0.00%
DL2	0.00%	5.35%	66.73%	17.28%	10.64%	0.00%
DL3	0.00%	2.36%	25.67%	48.02%	23.95%	0.00%
DL4	0.00%	1.59%	14.34%	29.95%	54.12%	0.00%
DL5	-nan%	-nan%	-nan%	-nan%	-nan%	-nan%


Tabela Comparativa das Profundidades - Valores Absolutos (FRAME  2)
	AV1
HEVC	DL0	DL1	DL2	DL3	DL4	DL5
DL1	256	2256	304	224	32	0
DL2	128	2576	23480	4552	1200	0
DL3	288	2224	12216	19188	5716	0
DL4	352	3772	9504	20780	13832	0
DL5	0	0	0	0	0	0
Tabela Comparativa das Profundidades - Porcentagens (FRAME  2)
	AV1
HEVC	DL0	DL1	DL2	DL3	DL4	DL5
DL1	8.33%	73.44%	9.90%	7.29%	1.04%	0.00%
DL2	0.40%	8.07%	73.52%	14.25%	3.76%	0.00%
DL3	0.73%	5.61%	30.82%	48.42%	14.42%	0.00%
DL4	0.73%	7.82%	19.70%	43.08%	28.67%	0.00%
DL5	-nan%	-nan%	-nan%	-nan%	-nan%	-nan%


Tabela Comparativa das Profundidades - Valores Absolutos (FRAME  3)
	AV1
HEVC	DL0	DL1	DL2	DL3	DL4	DL5
DL1	0	16896	1280	0	0	0
DL2	0	4992	13616	3664	192	0
DL3	0	1512	20136	21120	2608	0
DL4	0	528	14200	17632	4504	0
DL5	0	0	0	0	0	0
Tabela Comparativa das Profundidades - Porcentagens (FRAME  3)
	AV1
HEVC	DL0	DL1	DL2	DL3	DL4	DL5
DL1	0.00%	92.96%	7.04%	0.00%	0.00%	0.00%
DL2	0.00%	22.22%	60.61%	16.31%	0.85%	0.00%
DL3	0.00%	3.33%	44.38%	46.54%	5.75%	0.00%
DL4	0.00%	1.43%	38.52%	47.83%	12.22%	0.00%
DL5	-nan%	-nan%	-nan%	-nan%	-nan%	-nan%


Tabela Comparativa das Profundidades - Valores Absolutos (FRAME  4)
	AV1
HEVC	DL0	DL1	DL2	DL3	DL4	DL5
DL1	0	18944	2236	308	16	0
DL2	0	6360	18080	4104	640	0
DL3	0	1376	17660	19644	3160	0
DL4	0	664	11836	12148	5704	0
DL5	0	0	0	0	0	0
Tabela Comparativa das Profundidades - Porcentagens (FRAME  4)
	AV1
HEVC	DL0	DL1	DL2	DL3	DL4	DL5
DL1	0.00%	88.10%	10.40%	1.43%	0.07%	0.00%
DL2	0.00%	21.79%	61.95%	14.06%	2.19%	0.00%
DL3	0.00%	3.29%	42.21%	46.95%	7.55%	0.00%
DL4	0.00%	2.19%	39.00%	40.02%	18.79%	0.00%
DL5	-nan%	-nan%	-nan%	-nan%	-nan%	-nan%


Tabela Comparativa das Profundidades - Valores Absolutos (FRAME  5)
	AV1
HEVC	DL0	DL1	DL2	DL3	DL4	DL5
DL1	0	24640	3648	128	0	0
DL2	0	5760	27604	3508	184	0
DL3	0	1664	20144	15728	1104	0
DL4	0	720	7336	8552	2160	0
DL5	0	0	0	0	0	0
Tabela Comparativa das Profundidades - Porcentagens (FRAME  5)
	AV1
HEVC	DL0	DL1	DL2	DL3	DL4	DL5
DL1	0.00%	86.71%	12.84%	0.45%	0.00%	0.00%
DL2	0.00%	15.54%	74.49%	9.47%	0.50%	0.00%
DL3	0.00%	4.31%	52.13%	40.70%	2.86%	0.00%
DL4	0.00%	3.84%	39.09%	45.57%	11.51%	0.00%
DL5	-nan%	-nan%	-nan%	-nan%	-nan%	-nan%


Tabela Comparativa das Profundidades - Valores Absolutos (FRAME  6)
	AV1
HEVC	DL0	DL1	DL2	DL3	DL4	DL5
DL1	0	42600	1868	332	0	0
DL2	0	5388	27368	3420	48	0
DL3	0	1484	14976	11416	716	0
DL4	0	544	5968	5392	1360	0
DL5	0	0	0	0	0	0
Tabela Comparativa das Profundidades - Porcentagens (FRAME  6)
	AV1
HEVC	DL0	DL1	DL2	DL3	DL4	DL5
DL1	0.00%	95.09%	4.17%	0.74%	0.00%	0.00%
DL2	0.00%	14.87%	75.55%	9.44%	0.13%	0.00%
DL3	0.00%	5.19%	52.38%	39.93%	2.50%	0.00%
DL4	0.00%	4.10%	44.99%	40.65%	10.25%	0.00%
DL5	-nan%	-nan%	-nan%	-nan%	-nan%	-nan%


Tabela Comparativa das Profundidades - Valores Absolutos (FRAME  7)
	AV1
HEVC	DL0	DL1	DL2	DL3	DL4	DL5
DL1	0	42688	4784	144	0	0
DL2	0	7300	31792	2716	48	0
DL3	0	2092	14492	8104	336	0
DL4	0	864	4596	2428	496	0
DL5	0	0	0	0	0	0
Tabela Comparativa das Profundidades - Porcentagens (FRAME  7)
	AV1
HEVC	DL0	DL1	DL2	DL3	DL4	DL5
DL1	0.00%	89.65%	10.05%	0.30%	0.00%	0.00%
DL2	0.00%	17.44%	75.96%	6.49%	0.11%	0.00%
DL3	0.00%	8.36%	57.91%	32.38%	1.34%	0.00%
DL4	0.00%	10.31%	54.82%	28.96%	5.92%	0.00%
DL5	-nan%	-nan%	-nan%	-nan%	-nan%	-nan%


Tabela Comparativa das Profundidades - Valores Absolutos (FRAME  8)
	AV1
HEVC	DL0	DL1	DL2	DL3	DL4	DL5
DL1	0	31018	3478	304	16	0
DL2	0	7974	37710	4020	280	0
DL3	0	3264	15912	9456	472	0
DL4	0	888	4376	3184	528	0
DL5	0	0	0	0	0	0
Tabela Comparativa das Profundidades - Porcentagens (FRAME  8)
	AV1
HEVC	DL0	DL1	DL2	DL3	DL4	DL5
DL1	0.00%	89.09%	9.99%	0.87%	0.05%	0.00%
DL2	0.00%	15.95%	75.44%	8.04%	0.56%	0.00%
DL3	0.00%	11.21%	54.67%	32.49%	1.62%	0.00%
DL4	0.00%	9.89%	48.75%	35.47%	5.88%	0.00%
DL5	-nan%	-nan%	-nan%	-nan%	-nan%	-nan%


Tabela Comparativa das Profundidades - Valores Absolutos (FRAME  9)
	AV1
HEVC	DL0	DL1	DL2	DL3	DL4	DL5
DL1	0	16384	2944	128	0	0
DL2	0	7312	31216	5720	296	0
DL3	0	3016	18648	19864	968	0
DL4	0	888	5900	7932	1664	0
DL5	0	0	0	0	0	0
Tabela Comparativa das Profundidades - Porcentagens (FRAME  9)
	AV1
HEVC	DL0	DL1	DL2	DL3	DL4	DL5
DL1	0.00%	84.21%	15.13%	0.66%	0.00%	0.00%
DL2	0.00%	16.42%	70.08%	12.84%	0.66%	0.00%
DL3	0.00%	7.10%	43.88%	46.74%	2.28%	0.00%
DL4	0.00%	5.42%	36.01%	48.41%	10.16%	0.00%
DL5	-nan%	-nan%	-nan%	-nan%	-nan%	-nan%


Tabela Comparativa das Profundidades - Valores Absolutos (FRAME 10)
	AV1
HEVC	DL0	DL1	DL2	DL3	DL4	DL5
DL1	6656	37376	5056	576	0	0
DL2	512	5952	35648	3872	32	0
DL3	0	1296	10560	9872	128	0
DL4	0	176	2112	2720	336	0
DL5	0	0	0	0	0	0
Tabela Comparativa das Profundidades - Porcentagens (FRAME 10)
	AV1
HEVC	DL0	DL1	DL2	DL3	DL4	DL5
DL1	13.40%	75.26%	10.18%	1.16%	0.00%	0.00%
DL2	1.11%	12.93%	77.47%	8.41%	0.07%	0.00%
DL3	0.00%	5.93%	48.32%	45.17%	0.59%	0.00%
DL4	0.00%	3.29%	39.52%	50.90%	6.29%	0.00%
DL5	-nan%	-nan%	-nan%	-nan%	-nan%	-nan%


Tabela Comparativa das Profundidades - Valores Absolutos (FRAME 11)
	AV1
HEVC	DL0	DL1	DL2	DL3	DL4	DL5
DL1	0	52240	3488	304	32	0
DL2	0	8010	25706	4052	120	0
DL3	0	3048	9600	8752	328	0
DL4	0	996	3308	2488	408	0
DL5	0	0	0	0	0	0
Tabela Comparativa das Profundidades - Porcentagens (FRAME 11)
	AV1
HEVC	DL0	DL1	DL2	DL3	DL4	DL5
DL1	0.00%	93.18%	6.22%	0.54%	0.06%	0.00%
DL2	0.00%	21.14%	67.85%	10.69%	0.32%	0.00%
DL3	0.00%	14.03%	44.18%	40.28%	1.51%	0.00%
DL4	0.00%	13.83%	45.94%	34.56%	5.67%	0.00%
DL5	-nan%	-nan%	-nan%	-nan%	-nan%	-nan%


Tabela Comparativa das Profundidades - Valores Absolutos (FRAME 12)
	AV1
HEVC	DL0	DL1	DL2	DL3	DL4	DL5
DL1	880	26736	1216	96	0	0
DL2	1296	6576	25192	2648	192	0
DL3	608	1612	16548	18592	1120	0
DL4	256	860	6860	9496	2096	0
DL5	0	0	0	0	0	0
Tabela Comparativa das Profundidades - Porcentagens (FRAME 12)
	AV1
HEVC	DL0	DL1	DL2	DL3	DL4	DL5
DL1	3.04%	92.42%	4.20%	0.33%	0.00%	0.00%
DL2	3.61%	18.32%	70.16%	7.38%	0.53%	0.00%
DL3	1.58%	4.19%	43.00%	48.32%	2.91%	0.00%
DL4	1.31%	4.39%	35.06%	48.53%	10.71%	0.00%
DL5	-nan%	-nan%	-nan%	-nan%	-nan%	-nan%


Tabela Comparativa das Profundidades - Valores Absolutos (FRAME 13)
	AV1
HEVC	DL0	DL1	DL2	DL3	DL4	DL5
DL1	0	28672	3068	260	0	0
DL2	0	4704	25792	4248	136	0
DL3	0	1600	18928	16584	760	0
DL4	0	672	8436	7660	1360	0
DL5	0	0	0	0	0	0
Tabela Comparativa das Profundidades - Porcentagens (FRAME 13)
	AV1
HEVC	DL0	DL1	DL2	DL3	DL4	DL5
DL1	0.00%	89.60%	9.59%	0.81%	0.00%	0.00%
DL2	0.00%	13.49%	73.94%	12.18%	0.39%	0.00%
DL3	0.00%	4.22%	49.98%	43.79%	2.01%	0.00%
DL4	0.00%	3.71%	46.54%	42.26%	7.50%	0.00%
DL5	-nan%	-nan%	-nan%	-nan%	-nan%	-nan%


Tabela Comparativa das Profundidades - Valores Absolutos (FRAME 14)
	AV1
HEVC	DL0	DL1	DL2	DL3	DL4	DL5
DL1	0	39760	3600	912	16	0
DL2	0	8928	29584	2544	96	0
DL3	0	4108	12564	10032	368	0
DL4	0	1444	4740	3556	628	0
DL5	0	0	0	0	0	0
Tabela Comparativa das Profundidades - Porcentagens (FRAME 14)
	AV1
HEVC	DL0	DL1	DL2	DL3	DL4	DL5
DL1	0.00%	89.78%	8.13%	2.06%	0.04%	0.00%
DL2	0.00%	21.70%	71.89%	6.18%	0.23%	0.00%
DL3	0.00%	15.17%	46.41%	37.06%	1.36%	0.00%
DL4	0.00%	13.93%	45.72%	34.30%	6.06%	0.00%
DL5	-nan%	-nan%	-nan%	-nan%	-nan%	-nan%


Tabela Comparativa das Profundidades - Valores Absolutos (FRAME 15)
	AV1
HEVC	DL0	DL1	DL2	DL3	DL4	DL5
DL1	0	46872	4488	352	0	0
DL2	0	9990	28310	3004	40	0
DL3	0	3116	11140	7600	160	0
DL4	0	1176	3928	2536	168	0
DL5	0	0	0	0	0	0
Tabela Comparativa das Profundidades - Porcentagens (FRAME 15)
	AV1
HEVC	DL0	DL1	DL2	DL3	DL4	DL5
DL1	0.00%	90.64%	8.68%	0.68%	0.00%	0.00%
DL2	0.00%	24.16%	68.47%	7.27%	0.10%	0.00%
DL3	0.00%	14.15%	50.60%	34.52%	0.73%	0.00%
DL4	0.00%	15.06%	50.31%	32.48%	2.15%	0.00%
DL5	-nan%	-nan%	-nan%	-nan%	-nan%	-nan%


Tabela Comparativa das Profundidades - Valores Absolutos (FRAME 16)
	AV1
HEVC	DL0	DL1	DL2	DL3	DL4	DL5
DL1	3584	36468	4892	368	0	0
DL2	512	7384	33224	3912	88	0
DL3	0	2372	13584	8004	296	0
DL4	0	834	4542	2448	368	0
DL5	0	0	0	0	0	0
Tabela Comparativa das Profundidades - Porcentagens (FRAME 16)
	AV1
HEVC	DL0	DL1	DL2	DL3	DL4	DL5
DL1	7.91%	80.48%	10.80%	0.81%	0.00%	0.00%
DL2	1.13%	16.37%	73.63%	8.67%	0.20%	0.00%
DL3	0.00%	9.78%	56.00%	33.00%	1.22%	0.00%
DL4	0.00%	10.18%	55.44%	29.88%	4.49%	0.00%
DL5	-nan%	-nan%	-nan%	-nan%	-nan%	-nan%


Tabela Comparativa das Profundidades - Valores Absolutos (FRAME 17)
	AV1
HEVC	DL0	DL1	DL2	DL3	DL4	DL5
DL1	0	24272	2224	128	0	0
DL2	0	5412	29672	4172	40	0
DL3	0	3476	16640	19060	536	0
DL4	0	1448	6436	8092	1272	0
DL5	0	0	0	0	0	0
Tabela Comparativa das Profundidades - Porcentagens (FRAME 17)
	AV1
HEVC	DL0	DL1	DL2	DL3	DL4	DL5
DL1	0.00%	91.17%	8.35%	0.48%	0.00%	0.00%
DL2	0.00%	13.77%	75.51%	10.62%	0.10%	0.00%
DL3	0.00%	8.75%	41.90%	48.00%	1.35%	0.00%
DL4	0.00%	8.40%	37.31%	46.92%	7.37%	0.00%
DL5	-nan%	-nan%	-nan%	-nan%	-nan%	-nan%


Tabela Comparativa das Profundidades - Valores Absolutos (FRAME 18)
	AV1
HEVC	DL0	DL1	DL2	DL3	DL4	DL5
DL1	0	33932	4364	608	8	0
DL2	0	11068	36804	3424	32	0
DL3	0	2696	14168	6696	184	0
DL4	0	816	5528	2264	288	0
DL5	0	0	0	0	0	0
Tabela Comparativa das Profundidades - Porcentagens (FRAME 18)
	AV1
HEVC	DL0	DL1	DL2	DL3	DL4	DL5
DL1	0.00%	87.20%	11.22%	1.56%	0.02%	0.00%
DL2	0.00%	21.56%	71.70%	6.67%	0.06%	0.00%
DL3	0.00%	11.35%	59.67%	28.20%	0.77%	0.00%
DL4	0.00%	9.17%	62.14%	25.45%	3.24%	0.00%
DL5	-nan%	-nan%	-nan%	-nan%	-nan%	-nan%


Tabela Comparativa das Profundidades - Valores Absolutos (FRAME 19)
	AV1
HEVC	DL0	DL1	DL2	DL3	DL4	DL5
DL1	0	50944	4800	576	0	0
DL2	0	7872	30720	3056	16	0
DL3	0	2736	10144	7424	64	0
DL4	0	400	2080	1872	176	0
DL5	0	0	0	0	0	0
Tabela Comparativa das Profundidades - Porcentagens (FRAME 19)
	AV1
HEVC	DL0	DL1	DL2	DL3	DL4	DL5
DL1	0.00%	90.45%	8.52%	1.02%	0.00%	0.00%
DL2	0.00%	18.89%	73.73%	7.33%	0.04%	0.00%
DL3	0.00%	13.43%	49.80%	36.45%	0.31%	0.00%
DL4	0.00%	8.83%	45.94%	41.34%	3.89%	0.00%
DL5	-nan%	-nan%	-nan%	-nan%	-nan%	-nan%


Tabela Comparativa das Profundidades - Valores Absolutos (FRAME 20)
	AV1
HEVC	DL0	DL1	DL2	DL3	DL4	DL5
DL1	0	3478	2218	960	256	0
DL2	0	3458	26038	3560	1440	0
DL3	0	2028	16480	8828	2088	0
DL4	0	2268	23980	18728	7072	0
DL5	0	0	0	0	0	0
Tabela Comparativa das Profundidades - Porcentagens (FRAME 20)
	AV1
HEVC	DL0	DL1	DL2	DL3	DL4	DL5
DL1	0.00%	50.32%	32.09%	13.89%	3.70%	0.00%
DL2	0.00%	10.02%	75.48%	10.32%	4.17%	0.00%
DL3	0.00%	6.89%	56.01%	30.00%	7.10%	0.00%
DL4	0.00%	4.36%	46.07%	35.98%	13.59%	0.00%
DL5	-nan%	-nan%	-nan%	-nan%	-nan%	-nan%


Tabela Comparativa das Profundidades - Valores Absolutos (FRAME 21)
	AV1
HEVC	DL0	DL1	DL2	DL3	DL4	DL5
DL1	0	11008	1984	320	0	0
DL2	0	6080	17520	3232	304	0
DL3	0	2176	17400	18776	3024	0
DL4	0	704	15212	20364	4776	0
DL5	0	0	0	0	0	0
Tabela Comparativa das Profundidades - Porcentagens (FRAME 21)
	AV1
HEVC	DL0	DL1	DL2	DL3	DL4	DL5
DL1	0.00%	82.69%	14.90%	2.40%	0.00%	0.00%
DL2	0.00%	22.41%	64.56%	11.91%	1.12%	0.00%
DL3	0.00%	5.26%	42.05%	45.38%	7.31%	0.00%
DL4	0.00%	1.71%	37.05%	49.60%	11.63%	0.00%
DL5	-nan%	-nan%	-nan%	-nan%	-nan%	-nan%


Tabela Comparativa das Profundidades - Valores Absolutos (FRAME 22)
	AV1
HEVC	DL0	DL1	DL2	DL3	DL4	DL5
DL1	0	18148	2616	228	0	0
DL2	0	8208	20360	3752	192	0
DL3	0	2860	15148	23796	1380	0
DL4	0	904	8480	14364	2444	0
DL5	0	0	0	0	0	0
Tabela Comparativa das Profundidades - Porcentagens (FRAME 22)
	AV1
HEVC	DL0	DL1	DL2	DL3	DL4	DL5
DL1	0.00%	86.45%	12.46%	1.09%	0.00%	0.00%
DL2	0.00%	25.25%	62.62%	11.54%	0.59%	0.00%
DL3	0.00%	6.62%	35.08%	55.10%	3.20%	0.00%
DL4	0.00%	3.45%	32.38%	54.84%	9.33%	0.00%
DL5	-nan%	-nan%	-nan%	-nan%	-nan%	-nan%


Tabela Comparativa das Profundidades - Valores Absolutos (FRAME 23)
	AV1
HEVC	DL0	DL1	DL2	DL3	DL4	DL5
DL1	0	21504	3200	384	0	0
DL2	0	9256	28072	3520	48	0
DL3	0	2512	20204	17248	740	0
DL4	0	696	7572	6704	1220	0
DL5	0	0	0	0	0	0
Tabela Comparativa das Profundidades - Porcentagens (FRAME 23)
	AV1
HEVC	DL0	DL1	DL2	DL3	DL4	DL5
DL1	0.00%	85.71%	12.76%	1.53%	0.00%	0.00%
DL2	0.00%	22.63%	68.64%	8.61%	0.12%	0.00%
DL3	0.00%	6.17%	49.64%	42.37%	1.82%	0.00%
DL4	0.00%	4.30%	46.76%	41.40%	7.53%	0.00%
DL5	-nan%	-nan%	-nan%	-nan%	-nan%	-nan%


Tabela Comparativa das Profundidades - Valores Absolutos (FRAME 24)
	AV1
HEVC	DL0	DL1	DL2	DL3	DL4	DL5
DL1	0	39156	2224	588	16	0
DL2	0	8696	27328	2968	48	0
DL3	0	3556	15404	10440	616	0
DL4	0	1148	4980	4788	924	0
DL5	0	0	0	0	0	0
Tabela Comparativa das Profundidades - Porcentagens (FRAME 24)
	AV1
HEVC	DL0	DL1	DL2	DL3	DL4	DL5
DL1	0.00%	93.26%	5.30%	1.40%	0.04%	0.00%
DL2	0.00%	22.27%	70.00%	7.60%	0.12%	0.00%
DL3	0.00%	11.85%	51.32%	34.78%	2.05%	0.00%
DL4	0.00%	9.70%	42.06%	40.44%	7.80%	0.00%
DL5	-nan%	-nan%	-nan%	-nan%	-nan%	-nan%


Tabela Comparativa das Profundidades - Valores Absolutos (FRAME 25)
	AV1
HEVC	DL0	DL1	DL2	DL3	DL4	DL5
DL1	0	44468	3676	752	0	0
DL2	0	9100	28388	2768	0	0
DL3	0	4244	14076	7008	80	0
DL4	0	1192	4656	2192	280	0
DL5	0	0	0	0	0	0
Tabela Comparativa das Profundidades - Porcentagens (FRAME 25)
	AV1
HEVC	DL0	DL1	DL2	DL3	DL4	DL5
DL1	0.00%	90.94%	7.52%	1.54%	0.00%	0.00%
DL2	0.00%	22.61%	70.52%	6.88%	0.00%	0.00%
DL3	0.00%	16.70%	55.40%	27.58%	0.31%	0.00%
DL4	0.00%	14.33%	55.96%	26.35%	3.37%	0.00%
DL5	-nan%	-nan%	-nan%	-nan%	-nan%	-nan%


Tabela Comparativa das Profundidades - Valores Absolutos (FRAME 26)
	AV1
HEVC	DL0	DL1	DL2	DL3	DL4	DL5
DL1	1152	32640	2496	1088	0	0
DL2	704	8240	32912	4016	80	0
DL3	640	2976	13856	12384	192	0
DL4	320	1184	4208	3512	280	0
DL5	0	0	0	0	0	0
Tabela Comparativa das Profundidades - Porcentagens (FRAME 26)
	AV1
HEVC	DL0	DL1	DL2	DL3	DL4	DL5
DL1	3.08%	87.33%	6.68%	2.91%	0.00%	0.00%
DL2	1.53%	17.93%	71.62%	8.74%	0.17%	0.00%
DL3	2.13%	9.90%	46.11%	41.21%	0.64%	0.00%
DL4	3.37%	12.46%	44.28%	36.95%	2.95%	0.00%
DL5	-nan%	-nan%	-nan%	-nan%	-nan%	-nan%


Tabela Comparativa das Profundidades - Valores Absolutos (FRAME 27)
	AV1
HEVC	DL0	DL1	DL2	DL3	DL4	DL5
DL1	736	24040	2552	64	0	0
DL2	300	7052	27148	4004	88	0
DL3	484	3852	16780	17652	736	0
DL4	384	1796	6170	7686	1356	0
DL5	0	0	0	0	0	0
Tabela Comparativa das Profundidades - Porcentagens (FRAME 27)
	AV1
HEVC	DL0	DL1	DL2	DL3	DL4	DL5
DL1	2.69%	87.76%	9.32%	0.23%	0.00%	0.00%
DL2	0.78%	18.27%	70.35%	10.38%	0.23%	0.00%
DL3	1.23%	9.75%	42.48%	44.68%	1.86%	0.00%
DL4	2.21%	10.33%	35.48%	44.19%	7.80%	0.00%
DL5	-nan%	-nan%	-nan%	-nan%	-nan%	-nan%


Tabela Comparativa das Profundidades - Valores Absolutos (FRAME 28)
	AV1
HEVC	DL0	DL1	DL2	DL3	DL4	DL5
DL1	0	46080	4800	320	0	0
DL2	0	7296	31808	3568	80	0
DL3	0	2640	12224	7904	192	0
DL4	0	304	3136	2224	304	0
DL5	0	0	0	0	0	0
Tabela Comparativa das Profundidades - Porcentagens (FRAME 28)
	AV1
HEVC	DL0	DL1	DL2	DL3	DL4	DL5
DL1	0.00%	90.00%	9.38%	0.63%	0.00%	0.00%
DL2	0.00%	17.07%	74.40%	8.35%	0.19%	0.00%
DL3	0.00%	11.50%	53.24%	34.43%	0.84%	0.00%
DL4	0.00%	5.09%	52.55%	37.27%	5.09%	0.00%
DL5	-nan%	-nan%	-nan%	-nan%	-nan%	-nan%


Tabela Comparativa das Profundidades - Valores Absolutos (FRAME 29)
	AV1
HEVC	DL0	DL1	DL2	DL3	DL4	DL5
DL1	0	47380	5152	716	0	0
DL2	0	7464	29776	3120	24	0
DL3	0	3152	12056	6320	56	0
DL4	0	1368	3808	2068	420	0
DL5	0	0	0	0	0	0
Tabela Comparativa das Profundidades - Porcentagens (FRAME 29)
	AV1
HEVC	DL0	DL1	DL2	DL3	DL4	DL5
DL1	0.00%	88.98%	9.68%	1.34%	0.00%	0.00%
DL2	0.00%	18.48%	73.73%	7.73%	0.06%	0.00%
DL3	0.00%	14.60%	55.86%	29.28%	0.26%	0.00%
DL4	0.00%	17.85%	49.69%	26.98%	5.48%	0.00%
DL5	-nan%	-nan%	-nan%	-nan%	-nan%	-nan%


Tabela Comparativa das Profundidades - Valores Absolutos (FRAME 30)
	AV1
HEVC	DL0	DL1	DL2	DL3	DL4	DL5
DL1	5632	27770	432	470	0	0
DL2	384	7394	17446	2408	80	0
DL3	112	4316	17398	16070	904	0
DL4	16	2164	8284	9496	2104	0
DL5	0	0	0	0	0	0
Tabela Comparativa das Profundidades - Porcentagens (FRAME 30)
	AV1
HEVC	DL0	DL1	DL2	DL3	DL4	DL5
DL1	16.42%	80.95%	1.26%	1.37%	0.00%	0.00%
DL2	1.39%	26.68%	62.95%	8.69%	0.29%	0.00%
DL3	0.29%	11.12%	44.84%	41.42%	2.33%	0.00%
DL4	0.07%	9.81%	37.55%	43.04%	9.54%	0.00%
DL5	-nan%	-nan%	-nan%	-nan%	-nan%	-nan%


Tabela Comparativa das Profundidades - Valores Absolutos (FRAME 31)
	AV1
HEVC	DL0	DL1	DL2	DL3	DL4	DL5
DL1	7936	22976	976	816	64	0
DL2	1216	7692	20524	3072	200	0
DL3	64	2440	17712	17244	1068	0
DL4	0	1236	6880	9072	1692	0
DL5	0	0	0	0	0	0
Tabela Comparativa das Profundidades - Porcentagens (FRAME 31)
	AV1
HEVC	DL0	DL1	DL2	DL3	DL4	DL5
DL1	24.22%	70.12%	2.98%	2.49%	0.20%	0.00%
DL2	3.72%	23.52%	62.76%	9.39%	0.61%	0.00%
DL3	0.17%	6.33%	45.97%	44.76%	2.77%	0.00%
DL4	0.00%	6.55%	36.44%	48.05%	8.96%	0.00%
DL5	-nan%	-nan%	-nan%	-nan%	-nan%	-nan%


Tabela Comparativa das Profundidades - Valores Absolutos (FRAME 32)
	AV1
HEVC	DL0	DL1	DL2	DL3	DL4	DL5
DL1	0	42280	2872	160	0	0
DL2	0	8446	28178	2752	48	0
DL3	0	3952	13788	9092	368	0
DL4	0	1500	4940	3744	760	0
DL5	0	0	0	0	0	0
Tabela Comparativa das Profundidades - Porcentagens (FRAME 32)
	AV1
HEVC	DL0	DL1	DL2	DL3	DL4	DL5
DL1	0.00%	93.31%	6.34%	0.35%	0.00%	0.00%
DL2	0.00%	21.42%	71.47%	6.98%	0.12%	0.00%
DL3	0.00%	14.53%	50.69%	33.43%	1.35%	0.00%
DL4	0.00%	13.71%	45.14%	34.21%	6.94%	0.00%
DL5	-nan%	-nan%	-nan%	-nan%	-nan%	-nan%


Tabela Comparativa das Profundidades - Valores Absolutos (FRAME 33)
	AV1
HEVC	DL0	DL1	DL2	DL3	DL4	DL5
DL1	0	48884	3028	312	0	0
DL2	0	7780	26316	3016	8	0
DL3	0	3864	12580	8100	224	0
DL4	0	1548	3948	2976	296	0
DL5	0	0	0	0	0	0
Tabela Comparativa das Profundidades - Porcentagens (FRAME 33)
	AV1
HEVC	DL0	DL1	DL2	DL3	DL4	DL5
DL1	0.00%	93.60%	5.80%	0.60%	0.00%	0.00%
DL2	0.00%	20.96%	70.89%	8.12%	0.02%	0.00%
DL3	0.00%	15.60%	50.79%	32.70%	0.90%	0.00%
DL4	0.00%	17.66%	45.03%	33.94%	3.38%	0.00%
DL5	-nan%	-nan%	-nan%	-nan%	-nan%	-nan%


Tabela Comparativa das Profundidades - Valores Absolutos (FRAME 34)
	AV1
HEVC	DL0	DL1	DL2	DL3	DL4	DL5
DL1	992	41216	3296	64	0	0
DL2	512	6816	32032	2816	64	0
DL3	348	3324	13932	8492	144	0
DL4	296	1088	4264	2872	312	0
DL5	0	0	0	0	0	0
Tabela Comparativa das Profundidades - Porcentagens (FRAME 34)
	AV1
HEVC	DL0	DL1	DL2	DL3	DL4	DL5
DL1	2.18%	90.45%	7.23%	0.14%	0.00%	0.00%
DL2	1.21%	16.14%	75.83%	6.67%	0.15%	0.00%
DL3	1.33%	12.67%	53.09%	32.36%	0.55%	0.00%
DL4	3.35%	12.32%	48.28%	32.52%	3.53%	0.00%
DL5	-nan%	-nan%	-nan%	-nan%	-nan%	-nan%


Tabela Comparativa das Profundidades - Valores Absolutos (FRAME 35)
	AV1
HEVC	DL0	DL1	DL2	DL3	DL4	DL5
DL1	0	28160	1096	440	0	0
DL2	0	6988	27636	3584	64	0
DL3	0	3424	17508	17540	792	0
DL4	0	1412	6080	6612	1544	0
DL5	0	0	0	0	0	0
Tabela Comparativa das Profundidades - Porcentagens (FRAME 35)
	AV1
HEVC	DL0	DL1	DL2	DL3	DL4	DL5
DL1	0.00%	94.83%	3.69%	1.48%	0.00%	0.00%
DL2	0.00%	18.26%	72.21%	9.36%	0.17%	0.00%
DL3	0.00%	8.72%	44.59%	44.67%	2.02%	0.00%
DL4	0.00%	9.02%	38.85%	42.25%	9.87%	0.00%
DL5	-nan%	-nan%	-nan%	-nan%	-nan%	-nan%


Tabela Comparativa das Profundidades - Valores Absolutos (FRAME 36)
	AV1
HEVC	DL0	DL1	DL2	DL3	DL4	DL5
DL1	0	34312	4600	480	32	0
DL2	0	6170	35498	3412	104	0
DL3	0	3000	13244	11420	512	0
DL4	0	1316	4596	3456	728	0
DL5	0	0	0	0	0	0
Tabela Comparativa das Profundidades - Porcentagens (FRAME 36)
	AV1
HEVC	DL0	DL1	DL2	DL3	DL4	DL5
DL1	0.00%	87.03%	11.67%	1.22%	0.08%	0.00%
DL2	0.00%	13.66%	78.56%	7.55%	0.23%	0.00%
DL3	0.00%	10.65%	47.00%	40.53%	1.82%	0.00%
DL4	0.00%	13.03%	45.52%	34.23%	7.21%	0.00%
DL5	-nan%	-nan%	-nan%	-nan%	-nan%	-nan%


Tabela Comparativa das Profundidades - Valores Absolutos (FRAME 37)
	AV1
HEVC	DL0	DL1	DL2	DL3	DL4	DL5
DL1	0	52480	3840	512	0	0
DL2	0	6656	30144	1776	16	0
DL3	0	1728	10976	8368	272	0
DL4	0	320	2720	2256	816	0
DL5	0	0	0	0	0	0
Tabela Comparativa das Profundidades - Porcentagens (FRAME 37)
	AV1
HEVC	DL0	DL1	DL2	DL3	DL4	DL5
DL1	0.00%	92.34%	6.76%	0.90%	0.00%	0.00%
DL2	0.00%	17.25%	78.11%	4.60%	0.04%	0.00%
DL3	0.00%	8.10%	51.42%	39.21%	1.27%	0.00%
DL4	0.00%	5.24%	44.50%	36.91%	13.35%	0.00%
DL5	-nan%	-nan%	-nan%	-nan%	-nan%	-nan%


Tabela Comparativa das Profundidades - Valores Absolutos (FRAME 38)
	AV1
HEVC	DL0	DL1	DL2	DL3	DL4	DL5
DL1	256	6756	1936	268	0	0
DL2	1920	7380	18492	1952	272	0
DL3	720	4580	19616	14692	1560	0
DL4	176	2284	18740	17152	4128	0
DL5	0	0	0	0	0	0
Tabela Comparativa das Profundidades - Porcentagens (FRAME 38)
	AV1
HEVC	DL0	DL1	DL2	DL3	DL4	DL5
DL1	2.78%	73.31%	21.01%	2.91%	0.00%	0.00%
DL2	6.40%	24.59%	61.61%	6.50%	0.91%	0.00%
DL3	1.75%	11.13%	47.65%	35.69%	3.79%	0.00%
DL4	0.41%	5.38%	44.11%	40.38%	9.72%	0.00%
DL5	-nan%	-nan%	-nan%	-nan%	-nan%	-nan%


Tabela Comparativa das Profundidades - Valores Absolutos (FRAME 39)
	AV1
HEVC	DL0	DL1	DL2	DL3	DL4	DL5
DL1	0	16384	1536	0	0	0
DL2	0	7744	14008	2144	168	0
DL3	0	4320	20580	17620	1768	0
DL4	0	992	13276	18524	3816	0
DL5	0	0	0	0	0	0
Tabela Comparativa das Profundidades - Porcentagens (FRAME 39)
	AV1
HEVC	DL0	DL1	DL2	DL3	DL4	DL5
DL1	0.00%	91.43%	8.57%	0.00%	0.00%	0.00%
DL2	0.00%	32.18%	58.21%	8.91%	0.70%	0.00%
DL3	0.00%	9.75%	46.47%	39.79%	3.99%	0.00%
DL4	0.00%	2.71%	36.27%	50.60%	10.42%	0.00%
DL5	-nan%	-nan%	-nan%	-nan%	-nan%	-nan%


Tabela Comparativa das Profundidades - Valores Absolutos (FRAME 40)
	AV1
HEVC	DL0	DL1	DL2	DL3	DL4	DL5
DL1	0	22784	2156	148	0	0
DL2	0	6528	17244	3604	272	0
DL3	0	2696	16100	21532	1544	0
DL4	0	1052	8664	14932	3624	0
DL5	0	0	0	0	0	0
Tabela Comparativa das Profundidades - Porcentagens (FRAME 40)
	AV1
HEVC	DL0	DL1	DL2	DL3	DL4	DL5
DL1	0.00%	90.82%	8.59%	0.59%	0.00%	0.00%
DL2	0.00%	23.61%	62.37%	13.04%	0.98%	0.00%
DL3	0.00%	6.44%	38.45%	51.42%	3.69%	0.00%
DL4	0.00%	3.72%	30.65%	52.82%	12.82%	0.00%
DL5	-nan%	-nan%	-nan%	-nan%	-nan%	-nan%


Tabela Comparativa das Profundidades - Valores Absolutos (FRAME 41)
	AV1
HEVC	DL0	DL1	DL2	DL3	DL4	DL5
DL1	5120	24360	2676	340	16	0
DL2	0	7872	23108	3852	48	0
DL3	0	2684	18600	16348	560	0
DL4	0	996	7332	7840	1128	0
DL5	0	0	0	0	0	0
Tabela Comparativa das Profundidades - Porcentagens (FRAME 41)
	AV1
HEVC	DL0	DL1	DL2	DL3	DL4	DL5
DL1	15.75%	74.93%	8.23%	1.05%	0.05%	0.00%
DL2	0.00%	22.57%	66.25%	11.04%	0.14%	0.00%
DL3	0.00%	7.03%	48.70%	42.80%	1.47%	0.00%
DL4	0.00%	5.76%	42.39%	45.33%	6.52%	0.00%
DL5	-nan%	-nan%	-nan%	-nan%	-nan%	-nan%


Tabela Comparativa das Profundidades - Valores Absolutos (FRAME 42)
	AV1
HEVC	DL0	DL1	DL2	DL3	DL4	DL5
DL1	768	37140	1868	368	48	0
DL2	256	12072	24808	2744	120	0
DL3	0	3888	14428	11092	560	0
DL4	0	1288	5228	5084	1120	0
DL5	0	0	0	0	0	0
Tabela Comparativa das Profundidades - Porcentagens (FRAME 42)
	AV1
HEVC	DL0	DL1	DL2	DL3	DL4	DL5
DL1	1.91%	92.41%	4.65%	0.92%	0.12%	0.00%
DL2	0.64%	30.18%	62.02%	6.86%	0.30%	0.00%
DL3	0.00%	12.97%	48.14%	37.01%	1.87%	0.00%
DL4	0.00%	10.13%	41.10%	39.97%	8.81%	0.00%
DL5	-nan%	-nan%	-nan%	-nan%	-nan%	-nan%


Tabela Comparativa das Profundidades - Valores Absolutos (FRAME 43)
	AV1
HEVC	DL0	DL1	DL2	DL3	DL4	DL5
DL1	768	46200	4232	256	0	0
DL2	192	7576	29984	2728	32	0
DL3	64	2768	12800	6816	208	0
DL4	0	1324	4604	2208	120	0
DL5	0	0	0	0	0	0
Tabela Comparativa das Profundidades - Porcentagens (FRAME 43)
	AV1
HEVC	DL0	DL1	DL2	DL3	DL4	DL5
DL1	1.49%	89.79%	8.22%	0.50%	0.00%	0.00%
DL2	0.47%	18.70%	74.01%	6.73%	0.08%	0.00%
DL3	0.28%	12.22%	56.50%	30.08%	0.92%	0.00%
DL4	0.00%	16.04%	55.77%	26.74%	1.45%	0.00%
DL5	-nan%	-nan%	-nan%	-nan%	-nan%	-nan%


Tabela Comparativa das Profundidades - Valores Absolutos (FRAME 44)
	AV1
HEVC	DL0	DL1	DL2	DL3	DL4	DL5
DL1	0	41304	3624	368	16	0
DL2	0	7720	34312	2640	64	0
DL3	0	2544	13936	8480	128	0
DL4	0	976	4328	2224	216	0
DL5	0	0	0	0	0	0
Tabela Comparativa das Profundidades - Porcentagens (FRAME 44)
	AV1
HEVC	DL0	DL1	DL2	DL3	DL4	DL5
DL1	0.00%	91.15%	8.00%	0.81%	0.04%	0.00%
DL2	0.00%	17.26%	76.70%	5.90%	0.14%	0.00%
DL3	0.00%	10.14%	55.55%	33.80%	0.51%	0.00%
DL4	0.00%	12.60%	55.89%	28.72%	2.79%	0.00%
DL5	-nan%	-nan%	-nan%	-nan%	-nan%	-nan%


Tabela Comparativa das Profundidades - Valores Absolutos (FRAME 45)
	AV1
HEVC	DL0	DL1	DL2	DL3	DL4	DL5
DL1	0	21248	2544	528	0	0
DL2	0	8944	28952	4032	120	0
DL3	0	3988	17548	18656	560	0
DL4	0	1488	5960	7376	936	0
DL5	0	0	0	0	0	0
Tabela Comparativa das Profundidades - Porcentagens (FRAME 45)
	AV1
HEVC	DL0	DL1	DL2	DL3	DL4	DL5
DL1	0.00%	87.37%	10.46%	2.17%	0.00%	0.00%
DL2	0.00%	21.27%	68.85%	9.59%	0.29%	0.00%
DL3	0.00%	9.79%	43.06%	45.78%	1.37%	0.00%
DL4	0.00%	9.44%	37.82%	46.80%	5.94%	0.00%
DL5	-nan%	-nan%	-nan%	-nan%	-nan%	-nan%


Tabela Comparativa das Profundidades - Valores Absolutos (FRAME 46)
	AV1
HEVC	DL0	DL1	DL2	DL3	DL4	DL5
DL1	0	49408	5312	288	32	0
DL2	0	9792	28352	2016	32	0
DL3	0	2480	11968	6912	176	0
DL4	0	528	3136	2064	384	0
DL5	0	0	0	0	0	0
Tabela Comparativa das Profundidades - Porcentagens (FRAME 46)
	AV1
HEVC	DL0	DL1	DL2	DL3	DL4	DL5
DL1	0.00%	89.77%	9.65%	0.52%	0.06%	0.00%
DL2	0.00%	24.36%	70.54%	5.02%	0.08%	0.00%
DL3	0.00%	11.52%	55.57%	32.10%	0.82%	0.00%
DL4	0.00%	8.64%	51.31%	33.77%	6.28%	0.00%
DL5	-nan%	-nan%	-nan%	-nan%	-nan%	-nan%


Tabela Comparativa das Profundidades - Valores Absolutos (FRAME 47)
	AV1
HEVC	DL0	DL1	DL2	DL3	DL4	DL5
DL1	0	42840	3752	256	0	0
DL2	0	9328	30680	2072	96	0
DL3	0	4432	13648	6768	256	0
DL4	0	1220	4780	2416	336	0
DL5	0	0	0	0	0	0
Tabela Comparativa das Profundidades - Porcentagens (FRAME 47)
	AV1
HEVC	DL0	DL1	DL2	DL3	DL4	DL5
DL1	0.00%	91.44%	8.01%	0.55%	0.00%	0.00%
DL2	0.00%	22.12%	72.74%	4.91%	0.23%	0.00%
DL3	0.00%	17.65%	54.37%	26.96%	1.02%	0.00%
DL4	0.00%	13.94%	54.62%	27.61%	3.84%	0.00%
DL5	-nan%	-nan%	-nan%	-nan%	-nan%	-nan%


Tabela Comparativa das Profundidades - Valores Absolutos (FRAME 48)
	AV1
HEVC	DL0	DL1	DL2	DL3	DL4	DL5
DL1	1272	32168	2592	64	0	0
DL2	1088	6140	19860	2016	80	0
DL3	480	3680	15008	16688	1264	0
DL4	224	1296	7032	9712	2216	0
DL5	0	0	0	0	0	0
Tabela Comparativa das Profundidades - Porcentagens (FRAME 48)
	AV1
HEVC	DL0	DL1	DL2	DL3	DL4	DL5
DL1	3.52%	89.12%	7.18%	0.18%	0.00%	0.00%
DL2	3.73%	21.04%	68.05%	6.91%	0.27%	0.00%
DL3	1.29%	9.91%	40.43%	44.96%	3.41%	0.00%
DL4	1.09%	6.33%	34.34%	47.42%	10.82%	0.00%
DL5	-nan%	-nan%	-nan%	-nan%	-nan%	-nan%


Tabela Comparativa das Profundidades - Valores Absolutos (FRAME 49)
	AV1
HEVC	DL0	DL1	DL2	DL3	DL4	DL5
DL1	0	29148	2788	64	0	0
DL2	0	9120	24224	2672	16	0
DL3	0	5560	16760	16748	452	0
DL4	0	1400	6056	6928	944	0
DL5	0	0	0	0	0	0
Tabela Comparativa das Profundidades - Porcentagens (FRAME 49)
	AV1
HEVC	DL0	DL1	DL2	DL3	DL4	DL5
DL1	0.00%	91.09%	8.71%	0.20%	0.00%	0.00%
DL2	0.00%	25.31%	67.23%	7.42%	0.04%	0.00%
DL3	0.00%	14.07%	42.41%	42.38%	1.14%	0.00%
DL4	0.00%	9.13%	39.51%	45.20%	6.16%	0.00%
DL5	-nan%	-nan%	-nan%	-nan%	-nan%	-nan%


Tabela Comparativa das Profundidades - Valores Absolutos (FRAME 50)
	AV1
HEVC	DL0	DL1	DL2	DL3	DL4	DL5
DL1	0	39424	5000	120	0	0
DL2	0	8936	28776	4112	32	0
DL3	0	3552	13040	10216	280	0
DL4	0	1200	4020	3692	480	0
DL5	0	0	0	0	0	0
Tabela Comparativa das Profundidades - Porcentagens (FRAME 50)
	AV1
HEVC	DL0	DL1	DL2	DL3	DL4	DL5
DL1	0.00%	88.51%	11.22%	0.27%	0.00%	0.00%
DL2	0.00%	21.35%	68.75%	9.82%	0.08%	0.00%
DL3	0.00%	13.11%	48.14%	37.71%	1.03%	0.00%
DL4	0.00%	12.78%	42.80%	39.31%	5.11%	0.00%
DL5	-nan%	-nan%	-nan%	-nan%	-nan%	-nan%


Tabela Comparativa das Profundidades - Valores Absolutos (FRAME 51)
	AV1
HEVC	DL0	DL1	DL2	DL3	DL4	DL5
DL1	0	54372	3732	8	0	0
DL2	0	8796	23764	2104	24	0
DL3	0	3896	9808	8120	208	0
DL4	0	1232	3964	2532	320	0
DL5	0	0	0	0	0	0
Tabela Comparativa das Profundidades - Porcentagens (FRAME 51)
	AV1
HEVC	DL0	DL1	DL2	DL3	DL4	DL5
DL1	0.00%	93.56%	6.42%	0.01%	0.00%	0.00%
DL2	0.00%	25.36%	68.51%	6.07%	0.07%	0.00%
DL3	0.00%	17.68%	44.52%	36.86%	0.94%	0.00%
DL4	0.00%	15.31%	49.25%	31.46%	3.98%	0.00%
DL5	-nan%	-nan%	-nan%	-nan%	-nan%	-nan%


Tabela Comparativa das Profundidades - Valores Absolutos (FRAME 52)
	AV1
HEVC	DL0	DL1	DL2	DL3	DL4	DL5
DL1	6912	38864	2608	256	0	0
DL2	1152	10296	27480	3072	48	0
DL3	128	3544	11016	9256	264	0
DL4	0	1444	3316	2848	376	0
DL5	0	0	0	0	0	0
Tabela Comparativa das Profundidades - Porcentagens (FRAME 52)
	AV1
HEVC	DL0	DL1	DL2	DL3	DL4	DL5
DL1	14.21%	79.90%	5.36%	0.53%	0.00%	0.00%
DL2	2.74%	24.49%	65.35%	7.31%	0.11%	0.00%
DL3	0.53%	14.64%	45.51%	38.24%	1.09%	0.00%
DL4	0.00%	18.09%	41.53%	35.67%	4.71%	0.00%
DL5	-nan%	-nan%	-nan%	-nan%	-nan%	-nan%


Tabela Comparativa das Profundidades - Valores Absolutos (FRAME 53)
	AV1
HEVC	DL0	DL1	DL2	DL3	DL4	DL5
DL1	0	26288	1872	0	0	0
DL2	0	7384	28040	3000	40	0
DL3	0	3796	19412	16744	416	0
DL4	0	1244	6780	7008	856	0
DL5	0	0	0	0	0	0
Tabela Comparativa das Profundidades - Porcentagens (FRAME 53)
	AV1
HEVC	DL0	DL1	DL2	DL3	DL4	DL5
DL1	0.00%	93.35%	6.65%	0.00%	0.00%	0.00%
DL2	0.00%	19.20%	72.90%	7.80%	0.10%	0.00%
DL3	0.00%	9.40%	48.09%	41.48%	1.03%	0.00%
DL4	0.00%	7.83%	42.67%	44.11%	5.39%	0.00%
DL5	-nan%	-nan%	-nan%	-nan%	-nan%	-nan%


Tabela Comparativa das Profundidades - Valores Absolutos (FRAME 54)
	AV1
HEVC	DL0	DL1	DL2	DL3	DL4	DL5
DL1	0	35428	3192	292	0	0
DL2	0	9692	34696	3036	0	0
DL3	0	4312	13956	9044	160	0
DL4	0	1648	4332	2828	264	0
DL5	0	0	0	0	0	0
Tabela Comparativa das Profundidades - Porcentagens (FRAME 54)
	AV1
HEVC	DL0	DL1	DL2	DL3	DL4	DL5
DL1	0.00%	91.05%	8.20%	0.75%	0.00%	0.00%
DL2	0.00%	20.44%	73.16%	6.40%	0.00%	0.00%
DL3	0.00%	15.70%	50.80%	32.92%	0.58%	0.00%
DL4	0.00%	18.17%	47.75%	31.17%	2.91%	0.00%
DL5	-nan%	-nan%	-nan%	-nan%	-nan%	-nan%


Tabela Comparativa das Profundidades - Valores Absolutos (FRAME 55)
	AV1
HEVC	DL0	DL1	DL2	DL3	DL4	DL5
DL1	1024	50176	4544	64	0	0
DL2	0	10432	31552	1728	0	0
DL3	0	2256	9904	5984	96	0
DL4	0	368	2576	2064	112	0
DL5	0	0	0	0	0	0
Tabela Comparativa das Profundidades - Porcentagens (FRAME 55)
	AV1
HEVC	DL0	DL1	DL2	DL3	DL4	DL5
DL1	1.83%	89.91%	8.14%	0.11%	0.00%	0.00%
DL2	0.00%	23.87%	72.18%	3.95%	0.00%	0.00%
DL3	0.00%	12.37%	54.30%	32.81%	0.53%	0.00%
DL4	0.00%	7.19%	50.31%	40.31%	2.19%	0.00%
DL5	-nan%	-nan%	-nan%	-nan%	-nan%	-nan%


Tabela Comparativa das Profundidades - Valores Absolutos (FRAME 56)
	AV1
HEVC	DL0	DL1	DL2	DL3	DL4	DL5
DL1	768	7164	1540	256	0	0
DL2	2048	7272	20696	1568	288	0
DL3	240	3020	19944	15268	2392	0
DL4	16	1108	15908	18256	5128	0
DL5	0	0	0	0	0	0
Tabela Comparativa das Profundidades - Porcentagens (FRAME 56)
	AV1
HEVC	DL0	DL1	DL2	DL3	DL4	DL5
DL1	7.89%	73.64%	15.83%	2.63%	0.00%	0.00%
DL2	6.43%	22.82%	64.93%	4.92%	0.90%	0.00%
DL3	0.59%	7.39%	48.81%	37.36%	5.85%	0.00%
DL4	0.04%	2.74%	39.36%	45.17%	12.69%	0.00%
DL5	-nan%	-nan%	-nan%	-nan%	-nan%	-nan%


Tabela Comparativa das Profundidades - Valores Absolutos (FRAME 57)
	AV1
HEVC	DL0	DL1	DL2	DL3	DL4	DL5
DL1	0	21248	1464	72	0	0
DL2	0	5120	20968	3432	176	0
DL3	0	2576	20520	20140	1708	0
DL4	0	496	11312	11424	2224	0
DL5	0	0	0	0	0	0
Tabela Comparativa das Profundidades - Porcentagens (FRAME 57)
	AV1
HEVC	DL0	DL1	DL2	DL3	DL4	DL5
DL1	0.00%	93.26%	6.43%	0.32%	0.00%	0.00%
DL2	0.00%	17.24%	70.61%	11.56%	0.59%	0.00%
DL3	0.00%	5.73%	45.66%	44.81%	3.80%	0.00%
DL4	0.00%	1.95%	44.44%	44.88%	8.74%	0.00%
DL5	-nan%	-nan%	-nan%	-nan%	-nan%	-nan%


Tabela Comparativa das Profundidades - Valores Absolutos (FRAME 58)
	AV1
HEVC	DL0	DL1	DL2	DL3	DL4	DL5
DL1	512	32304	1184	48	0	0
DL2	512	7748	26572	3504	0	0
DL3	0	3944	16072	13832	456	0
DL4	0	1212	7796	5992	1192	0
DL5	0	0	0	0	0	0
Tabela Comparativa das Profundidades - Porcentagens (FRAME 58)
	AV1
HEVC	DL0	DL1	DL2	DL3	DL4	DL5
DL1	1.50%	94.88%	3.48%	0.14%	0.00%	0.00%
DL2	1.34%	20.21%	69.31%	9.14%	0.00%	0.00%
DL3	0.00%	11.50%	46.85%	40.32%	1.33%	0.00%
DL4	0.00%	7.49%	48.15%	37.01%	7.36%	0.00%
DL5	-nan%	-nan%	-nan%	-nan%	-nan%	-nan%


Tabela Comparativa das Profundidades - Valores Absolutos (FRAME 59)
	AV1
HEVC	DL0	DL1	DL2	DL3	DL4	DL5
DL1	1024	41064	3648	792	64	0
DL2	0	9644	26036	3208	152	0
DL3	0	3364	13420	10072	360	0
DL4	0	1296	4300	3836	600	0
DL5	0	0	0	0	0	0
Tabela Comparativa das Profundidades - Porcentagens (FRAME 59)
	AV1
HEVC	DL0	DL1	DL2	DL3	DL4	DL5
DL1	2.20%	88.14%	7.83%	1.70%	0.14%	0.00%
DL2	0.00%	24.70%	66.69%	8.22%	0.39%	0.00%
DL3	0.00%	12.36%	49.31%	37.01%	1.32%	0.00%
DL4	0.00%	12.92%	42.86%	38.24%	5.98%	0.00%
DL5	-nan%	-nan%	-nan%	-nan%	-nan%	-nan%


Tabela Comparativa das Profundidades - Valores Absolutos (FRAME 60)
	AV1
HEVC	DL0	DL1	DL2	DL3	DL4	DL5
DL1	0	46632	5680	840	96	0
DL2	0	9928	29912	2080	0	0
DL3	0	2564	11296	6836	136	0
DL4	0	916	3572	2136	256	0
DL5	0	0	0	0	0	0
Tabela Comparativa das Profundidades - Porcentagens (FRAME 60)
	AV1
HEVC	DL0	DL1	DL2	DL3	DL4	DL5
DL1	0.00%	87.58%	10.67%	1.58%	0.18%	0.00%
DL2	0.00%	23.68%	71.35%	4.96%	0.00%	0.00%
DL3	0.00%	12.31%	54.22%	32.81%	0.65%	0.00%
DL4	0.00%	13.31%	51.92%	31.05%	3.72%	0.00%
DL5	-nan%	-nan%	-nan%	-nan%	-nan%	-nan%


